1
936
1910
1898
1885
1888
191
8

1882
1829
1791
1776
1745
1734
1744
1744


1786
1785
1815
1873
1922
1933
2003
1929
1
9
75
2033
2073
2107
2134
2155
2160
2192
22
2
4
2269
2263
2273
2282
2278
2274
2283
2272


2266
2299
2333
2299
2325
2275
2289
2283

2
268
2239
2248
2254
2262
2265
2256
2269
222
6

2249
2256
2256
2261
2269
2247
2240
2257


2253
2229
2224
2176
2170
2155
2119
2101
2
0
77
2041
2025
2013
2000
2045
2002
1993
19
0
2
1863
1882
1875
1889
1826
1827
1811
1827


1808
1780
1711
1658
1563
1488
1437
1388

1
327
1333
1317
1324
1293
1328
1328
1376
139
8

1403
1455
1374
1390
1383
1424
1456
1438


1405
1374
1361
1392
1398
1377
1402
1427
1
3
95
1403
1391
1392
1422
1450
1463
1443
14
8
2
1449
1495
1499
1532
1525
1584
1606
1664


1695
1680
1735
1727
1759
1741
1745
1751

1
761
1744
1743
1769
1821
1819
1888
1842
179
1

1803
1830
1862
1904
1958
1978
2053
2069


2094
2139
2192
2213
2245
2282
2288
2293
2
2
67
2326
2343
2354
2355
2334
2327
2328
23
4
0
2323
2320
2305
2288
2290
2313
2305
2311


2317
2325
2345
2326
2331
2352
2316
2334

2
320
2309
2290
2303
2290
2279
2270
2241
222
5

2155
2131
2126
2112
2113
2106
2067
2077


2096
2110
2099
2085
2066
2056
2031
2021
2
0
18
1994
1984
1953
2005
1646
1535
1451
13
8
7
1354
1317
1315
1305
1298
1266
1283
1309


1359
1356
1381
1390
1439
1438
1467
1490

1
488
1482
1488
1476
1475
1505
1511
1535
156
5

1574
1565
1600
1501
1491
1494
1503
1506


1511
1475
1486
1466
1501
1499
1515
1535
1
6
01
1619
1616
1616
1642
1635
1661
1669
16
6
4
1662
1606
1603
1595
1572
1587
1599
1628


1631
1648
1669
1690
1669
1680
1725
1728

1
707
1681
1678
2138
2101
2105
2112
2133
217
9

2226
2236
2256
2267
2252
2302
2241
2253


2251
2239
2229
2227
2253
2309
2319
2334

2
358
2321
2305
2291
2289
2275
2255
2236
223
7

2240
2263
2255
2225
2196
2203
2235
2273


2237
2199
2193
2187
2165
2112
2114
2041
2
0
55
2081
2059
2031
2038
2017
2023
2061
20
7
8
2077
2034
2029
2014
2011
2025
2026
2033


2001
2003
1989
1941
1936
1897
1908
1955

2
014
2073
1333
1317
1324
1337
1359
1379
140
5

1427
1456
1460
1455
1459
1477
1483
1477


1485
1511
1488
1489
1487
1499
1478
1504
1
5
17
1533
1490
1489
1494
1527
1520
1520
15
2
1
1535
1584
1646
1689
1658
1680
1673
1693


1714
1735
1755
1753
1732
1729
1725
1733

1
702
1776
1790
1808
1811
1808
1807
1839
18
4
7
1871
1902
1849
1852
1840
1847
1915
2042


1792
1675
2064
2011
1648
1743
1863
1856

2
447
2374
2336
2350
2411
2368
2288
2257
232
3

2327
2320
2375
2447
2500
2539
2804
2975


2967
2953
2960
2963
2967
2975
2960
2975
2
9
79
2963
2958
2966
2961
2961
2970
2979
29
7
1
2973
2971
2967
2963
2976
2967
2962
2967


2975
2969
2971
2960
2967
2975
2966
2614

1
727
892
0
0
0
0
0
0
0
219
0
0
392
129
7

771
0
369
1010
240
291
951
370
0
0
0


208
89
58
882
1527
1328
1930
2683
2511
2
0
07
2058
2901
2901
2557
2661
2559
1810
11
4
2
1264
1589
1109
157
23
225
153
92
379
3
3
8
0
0
25
170
0
0
221
336
183
227
327


115
0
0
144
240
153
259
336
220
206
561


850
887
971
1227
1481
1520
1694
1971
209
3

2097
2218
1661
1589
1523
1587
1655
1625

1
574
1526
1526
1519
1535
1657
1766
1767
1
7
94
1897
2031
2128
2256
2399
2519
2586
2684


2763
2754
2795
2821
2841
2809
2749
2719


2663
2599
2555
2531
2477
2416
2389
2379
23
8
4
2385
2411
2450
2490
2502
2511
2559
255
9

2556
2593
2582
2503
2448
2414
2377
2342

2
294
2256
2165
2159
2113
2147
2192
2181
2
1
85
2255
2291
2331
2337
2407
2423
2464
2470


2164
2054
1972
1971
1918
1873
1804
1719


1646
1603
1563
1574
1584
1584
1606
1600
16
2
0
1671
1684
1708
1694
1691
1711
1765
182
3

1822
1810
1799
1821
1829
1854
1879
1872

1
823
1831
1853
1857
1919
1893
1889
1873
1
8
79
1888
1895
1857
1873
1858
1894
1921
1903


1915
1921
1939
1942
1958
1936
1977
2019


2042
2066
2085
2064
2096
2096
2108
2110
21
2
8
2137
2160
2192
2178
2192
2154
2160
236
3

2333
2349
2384
2411
2448
2484
2517
2551

2
547
2559
2599
2615
2638
2642
2621
2627
2
6
03
2586
2591
2611
2605
2604
2589
2554
2559


2559
2624
2605
2593
2559
2559
2544
2525


2533
2587
2559
2583
2544
2507
2486
2512
25
1
4
2494
2457
2419
2368
2333
2322
2302
229
1

2219
2219
2209
2219
2209
2183
2171
2162

2
206
2203
2223
2171
2134
2095
2069
2080
2
0
67
2032
1981
1936
1939
1941
1243
1150
1138


1133
1114
1136
1162
1214
1214
1285
1303


1292
1316
1322
1315
1346
1371
1370
1365
13
0
2
1296
1299
1295
1273
1277
1279
1282
128
7

1322
1339
1349
1317
1341
1340
1318
1305

1
296
1290
1296
1301
1301
1337
1319
1392
1
4
06
1392
1363
1381
1380
1437
1465
1497
1481


1434
1419
1456
1509
1535
1535
1523
1521


1535
1567
1585
1639
1535
1579
1610
1638
16
8
4
1680
1699
1661
1616
2111
2087
2064
2095


2125
2129
2146
2160
2150
2147
2127
2133

2
155
2171
2171
2176
2197
2206
2221
2192
2
2
36
2197
2230
2235
2224
2230
2267
2284
2319


2346
2326
2322
2271
2239
2213
2183
2174


2149
2090
2047
2015
2039
2023
2009
1937
19
3
8
1936
1925
1933
1952
1929
1933
1925
192
5

1938
1872
1872
1881
1871
1855
1845
1815

1
840
1831
1840
1875
1934
1943
2000
2015
2
0
07
1993
1983
1353
1265
1245
1267
1266
1279


1279
1282
1292
1312
1293
1346
1257
1264


1281
1302
1329
1330
1328
1351
1360
1385
14
0
9
1414
1424
1459
1488
1504
1533
1525
1528


1569
1602
1629
1718
1694
1712
1709
1701

1
723
1723
1747
1744
1762
1777
1834
1789
1
7
97
1782
1761
1774
1773
1785
1779
1784
1776


1786
1771
1747
1790
1827
1780
1690
1635


1593
1614
1664
1649
1685
1657
1686
1711
17
7
3
2327
2301
2268
2255
2251
2284
2279
229
9

2294
2291
2275
2247
2251
2231
2262
2241

2
255
2243
2202
2191
2176
2170
2207
2194
21
3
4
2139
2069
2064
2091
2096
2083
2064
2034


2021
2021
2067
2096
2111
2076
2063
2032

2
045
2064
2043
2074
2032
2017
1999
2017
19
9
9
2059
2053
2000
1965
1945
1961
2046
2107


2118
2103
2059
2043
2054
2065
2039
2023


2007
1936
1914
1918
1904
1906
1851
1849
14
5
9
1424
1404
1418
1452
1388
1392
1416
143
4

1397
1405
1387
1385
1398
1410
1441
1424

1
459
1472
1490
1517
1535
1535
1600
1645
1
6
61
1675
1666
1651
1695
1706
1707
1703
1735


1741
1759
1777
1769
1777
1720
1728
1773


1775
1803
1795
1795
1809
1850
1890
1901
18
2
6
1758
1745
1744
1749
1728
1712
1710
172
2

1723
1761
1824
1817
1849
1856
1877
1932

1
957
2010
2071
2126
2167
2224
2305
2274
2
2
71
2294
2303
2321
2321
2318
2278
2270
2288


2281
2295
2259
2192
2154
2151
2155
2202


2139
2104
2105
2098
2109
2105
2098
2101
20
8
1
2071
2043
1988
1994
1989
2005
1994
195
1

1933
1935
1923
1973
1956
1936
1898
1894

1
930
1996
2039
2075
2046
2033
2039
2032
2
0
39
1954
1957
1947
1939
1894
1867
1845
1854


1826
1783
1762
1691
1668
1616
1600
1535


1500
1463
1452
1456
1492
1402
1333
1346
13
4
8
1367
1369
1409
1440
1518
1503
1518
152
0

1535
1610
1619
1616
1621
1624
1618
1631

1
665
1661
1674
1703
1700
1712
1758
1787
1
8
08
1820
1857
1881
1817
1808
1786
1823
1828


1819
1832
1814
1767
1773
1791
1761
1718


1710
1729
1738
1791
1823
1874
1909
1913
18
9
4
1921
1960
2005
2063
2090
2115
2151
2171


2207
2241
2237
2263
2235
2241
2249
2284

2
304
2315
2326
2253
2185
2158
2125
2107
20
9
5
2096
2037
2025
2046
2066
2085
2067
2082


2063
2090
2071
2084
2085
2089
2047
2032

2
018
959
0
0
0
0
112
0
0
0
0
1135
2351


2468
1820
1050
1163
1905
2559
2915
2942


2763
2592
2704
2819
2850
2533
2368
2559
27
6
6
2958
2967
2955
2957
2941
2959
2960
295
4

2928
2880
2890
2899
2896
2877
2677
2220

1
738
1488
1416
1247
1023
816
656
577
638


752
688
547
370
444
590
702
821
848
816

7
91
831
895
922
907
893
955
1035
1168
127
9

1405
1490
1633
1771
1856
1651
1522
1453


1441
1393
1392
1382
1413
1403
1432
1456
1
4
93
1535
1577
1607
1659
1724
1808
1872
19
6
3
1991
2111
2209
2256
2309
2370
2416
2464


2512
2544
2559
2525
2523
2529
2494
2480

2
453
2419
2386
2355
2357
2355
2339
2286
228
8

2303
2285
2285
2283
2259
2263
2275
2245


2256
2212
2231
2245
2224
2182
2178
2134
2
1
16
2099
2069
2070
2007
2002
1984
1984
20
1
5
2021
2069
2097
2062
2031
2001
1943
1947


1910
1847
1792
1760
1733
1750
1673
1655

1
601
1530
1509
1466
1415
1365
1344
1371
138
2

1387
1348
1396
1419
1425
1436
1456
1488


1504
1530
1513
1515
1459
1453
1456
1457

1
447
1417
1437
1447
1443
1456
1520
1483
148
2

1506
1499
1493
1493
1477
1484
1471
1463


1471
1469
1475
1483
1527
1560
1557
1586
1
5
99
1643
1676
1651
1680
1675
1712
1751
17
7
6
1745
1745
1751
1755
1791
1846
1846
1904


1918
1951
1987
2045
2113
2139
2185
2183

2
212
2224
2249
2270
2286
2294
2308
2321
231
8

2350
2304
2294
2290
2277
2326
2322
2281


2271
2288
2320
2351
2330
2303
2299
2294
2
3
24
2319
2294
2267
2284
2326
2305
2346
23
1
4
2288
2270
2241
2246
2231
2214
2153
2110


2115
2112
2062
2061
2091
2062
2062
2047

2
055
2075
2069
2083
2059
2046
2016
2029
204
2

1743
1641
1527
1461
1363
1355
1318
1314


1318
1314
1279
1295
1320
1341
1373
1347
1
3
62
1395
1427
1462
1456
1433
1413
1413
14
4
8
1442
1455
1409
1434
1456
1433
1467
1482


1459
1487
1518
1515
1526
1484
1482
1488

1
485
1475
1479
1478
1505
1530
1584
1601
157
1

1600
1621
1658
1697
1709
1709
1712
1719
1759
1760
1
7
69
1722
1730
1741
1741
1729
1750
1783
1770
1782


1775
1827
1791
2115
20
6
1
2063
2102
2134
2164
2182
2196
2224
2249


2277
2258
2272
2281
2288
2281
2255
2245

2
239
2283
2288
2282
2281
2277
2309
2298
229
0

2262
2300
2270
2275
2274
2294
2288
2297


2282
2273
2277
2281
2287
2293
2288
2274

2
265
2228
2227
2209
2220
2203
2178
2139
216
0

2129
2146
2128
2139
2115
2117
2095
2085

2
089
2096
2106
2042
2045
2025
2032
2010
2
0
09
1980
1981
1967
2075
2142
1312
1302
1286


1261
1296
1351
1359
1402
1345
1346
1360


1370
1385
1391
1393
1393
1424
1474
1488
1
4
74
1457
1467
1454
1451
1441
1450
1455
145
2

1449
1426
1434
1397
1413
1458
1520
1517


1535
1526
1565
1606
1651
1712
1664
1667
1
6
54
1642
1673
1717
1718
1712
1706
1727
17
5
1
1785
1771
1785
1838
1849
1872
1863
1843


1846
1845
1833
1855
1824
1840
1877
1809

1
761
1712
1677
1685
2269
2221
2178
2173
219
9

2209
2222
2256
2262
2285
2251
2255
2301


2317
2320
2321
2287
2270
2252
2283
2273
2
3
14
2286
2295
2300
2300
2291
2286
2278
22
8
2
2236
2211
2201
2123
2122
2122
2112
2071


2096
2047
2047
2046
2070
2090
2063
2021

2
029
2027
2029
2047
2043
2021
2005
2023
203
1

2039
1955
1931
1965
1954
1950
1999
2046


2071
2078
2112
2103
2086
2033
2026
2002
1
9
85
1974
1482
1486
1435
1422
1413
1418
14
3
4
1477
1497
1535
1568
1591
1616
1600
1616


1627
1642
1654
1627
1601
1574
1535
1520
1
4
74
1441
1433
1473
1535
1529
1520
1499
153
5

1668
1751
1723
1682
1645
1691
1749
1783


1771
1712
1647
1616
1623
1671
1682
1638
1
6
30
1628
1653
1698
1746
1779
1814
1824
18
6
7
1917
1893
1840
1847
1826
1797
1781
1779


1767
1803
1835
1840
1904
1869
1902
1936

1
994
2222
2199
2187
2163
2145
2168
2208
222
4

2253
2257
2246
2252
2273
2272
2336
2293


2299
2251
2219
2159
2150
2130
2128
2121
2
0
96
2087
2000
2016
2043
2085
2099
2097
20
2
7
2039
2065
2095
2081
2057
2007
1983
2000


2011
2003
1987
1936
1923
1907
1867
1884
1
7
89
1887
1955
2027
2063
2074
2046
2000
200
0

1985
1978
1943
1899
1889
1856
1792
1741


1682
1660
1615
1574
1483
1425
1326
1422
1
3
51
1386
1403
1394
1447
1379
1397
1407
1438


1441
1445
1438
1457
1488
1511
1535
1535


1535
1584
1605
1623
1646
1646
1634
1630
16
5
3
1650
1669
1650
1690
1712
1675
1670
166
5

1649
1669
1687
1694
1697
1667
1712
1760


1778
1809
1787
1809
1790
1744
1744
1743
1
7
37
1689
1709
1712
1724
1748
1776
1821
186
9

1922
1930
2005
1958
2000
2095
2118
2177


2210
2176
2208
2247
2300
2285
2256
2250
2
2
46
2250
2258
2262
2238
2209
2160
2160
21
6
0
2151
2140
2126
2078
2103
2128
2112
2138


2111
2122
2119
2126
2096
2066
2022
2016

2
063
2042
2042
1999
1978
1961
1973
1997
200
5

1990
1939
1935
1941
1993
2090
2113
2137


2147
2133
2112
2109
2069
2064
2039
2015
2
0
23
1956
1920
1870
1840
1787
1811
2026
15
1
4
1582
1707
1779
1718
1488
1456
1356
1335


1566
1601
1441
1278
1277
1254
1254
1296

1
307
1334
1466
1557
1587
1594
1584
1633
163
4

1648
1654
1680
1662
1675
1727
1745
1761


1776
1789
1763
1763
1786
1856
1858
1872
1
8
72
1897
1887
1923
1924
1943
1947
1888
18
2
9
1777
1747
1769
1759
1755
1794
1781
1794


1819
1857
1907
1942
1940
1971
1990
2029

2
064
2129
2137
2191
2208
2235
2258
2275
228
9

2307
2334
2347
2399
2333
2327
2320
2325


2320
2325
2215
2137
2073
2044
2070
2069
2
0
61
2062
2080
2085
2096
2087
2110
2093
21
1
0
2115
2112
2083
2068
2063
2081
2069
2064


2021
1969
1969
2000
1999
2017
2023
2047

2
107
2155
2174
2167
2182
2138
2112
2072
202
8

2011
1970
1952
1924
1904
1876
1902
1856


1786
1756
1717
1615
1567
1510
1452
1465
1
4
34
1440
1425
1388
1392
1396
1423
1429
14
5
8
1469
1486
1523
1515
1554
1535
1585
1645


1661
2962
2960
2981
2963
2967
2941
2966
2
9
62
2962
2973
2977
2960
2972
2960
2978
2961


2973
2970
2951
2977
2967
2972
2960
2965


2969
2963
2955
2977
2964
2975
2416
1021
0


0
0
0
0
0
0
153
226
0
0
0
0
0
0
0


0
0
0
0
0
0
0
0
0
0
0
0
0
272
589

7
07
689
769
820
645
859
1521
2167
2491
24
9
4
2383
1974
1535
1475
1699
1901
1983
2128


2160
2115
1991
2005
2014
1871
1837
1947

2
011
1915
1751
1699
1666
1623
1745
1855
17
9
3
1571
1381
1355
1362
1479
1713
1855
1847


1738
1719
1680
1657
1712
1903
2116
2225

2
339
2382
2315
2143
2151
2308
2511
2663
27
3
2
2684
2514
2454
2465
2501
2533
1289
122
7

1183
1232
1314
1381
1455
1435
1451
1469

1
485
1519
1631
1690
1707
1687
1653
1635
1
5
55
1582
1621
1612
1609
1616
1599
1600
1599


1643
1652
1709
1751
1767
1774
1729
1727


1703
1698
1719
1744
1695
1677
1579
1616
16
3
5
1663
1664
1680
1648
1633
1604
1643
166
9

1707
1757
1776
1808
1778
1782
1808
1827

1
840
1827
1807
1792
1742
1765
1804
1842
1
8
82
1906
1900
1938
1978
2398
2325
2310
2305


2322
2370
2384
2432
2418
2384
2414
2433


2458
2491
2487
2512
2512
2491
2496
2503
25
0
0
2449
2417
2394
2383
2400
2405
2429
2413


2417
2416
2464
2427
2453
2483
2471
2461


2437
2395
2375
2368
2351
2371
2331
2304
23
1
0
2302
2300
2299
2282
2255
2237
2246
228
3

2362
2341
2352
2368
2367
2379
2343
2309

2
300
2278
2303
2277
2199
2160
2128
2122
2
0
83
2065
2013
1933
1678
1639
1606
1599
1630


1677
1635
1614
1613
1612
1648
1591
1619


1612
1616
1672
1680
1701
1742
1776
1793
17
9
9
1787
1791
1837
1824
1833
1825
1791
177
5

1771
1784
1820
1835
1819
1842
1842
1834

1
809
1832
1837
1859
1860
1874
1904
1857
1
8
73
1920
1885
1795
1739
1716
1733
1733
1776


1794
1783
1785
1766
1799
1847
1883
1891


1882
1895
1954
1981
2065
2064
2096
2119
21
2
5
2131
2123
2132
2096
2111
2119
2128
210
6

2115
2099
2109
2083
2039
2047
2064
2032

2
047
2021
1985
1966
1968
1952
1969
1967
1
9
27
1952
1872
1861
1885
1863
1813
1799
1784


1771
1760
1791
1781
1753
1749
1736
1737


1738
1757
1865
1917
1953
1930
1884
1910
18
3
4
1860
1867
1808
1784
1747
1711
1719
170
2

1699
1691
1639
1616
1535
1507
1467
1425

1
387
1330
1303
1307
1290
1316
1318
1315
1
3
28
1291
1292
1263
1296
1296
1339
1404
1424


1450
1497
1506
1567
1617
1616
1678
1600


1616
1584
1588
1626
1641
1657
1693
1709
17
2
1
1740
1748
1792
1817
1771
1757
1745
174
4

1791
1824
1837
1837
1807
1681
1626
1616

1
677
1700
1671
1662
1671
1686
1754
1829
1
8
45
1879
1845
1867
1881
1910
1982
2038
2122


2161
2137
2170
2183
2229
2272
2295
2288


2285
2279
2289
2322
2324
2379
2322
2135
20
7
3
2032
1974
1967
1990
1948
1982
2029
204
7

2032
2014
2028
2056
2063
2107
2094
2064

1
997
2000
2014
2032
1989
2001
1953
1939
1
9
45
1940
1996
1918
1927
1986
2025
2096
2094


2101
2142
2128
2145
2098
2046
2006
1973


1981
1930
1845
1823
1735
1741
1733
1685
16
3
9
1517
1447
1389
1297
1274
1274
1276
133
0

1303
1313
1346
1328
1407
1472
1493
1506

1
485
1498
1503
1526
1557
1705
1663
1648
1
6
40
1612
1603
1628
1635
1695
1664
1698
1719


1742
1786
1803
1794
1794
1807
1833
1858


1839
1863
1901
1919
1931
1947
1936
1903
18
4
6
1822
1794
1778
1780
1786
1808
1859
187
2

1867
1855
1894
1957
1975
2045
2029
2064

2
093
2139
2190
2239
2253
2267
2281
2307
2
3
19
2312
2346
2355
2410
2394
2366
2335
2313


2307
2323
2326
2345
2267
2277
2243
2262


2288
2337
2321
2294
2090
2012
1971
1955
19
6
8
1986
1985
1963
1930
1907
1911
1949
1959


1982
1942
1926
1879
1885
1905
1982
2035


2112
2065
2072
2039
2042
2070
2063
1990
19
9
5
1979
1976
1944
1871
1813
1819
1790
174
9

1729
1616
1584
1522
1456
1407
1387
1367

1
363
1347
1370
1358
1389
1381
1406
1451
1
4
69
1504
1457
1488
1493
1479
1477
1488
1450


1454
1437
1469
1468
1437
1431
1466
1469


1483
1469
1728
1715
1681
1723
1715
1723
17
3
4
1743
1765
1796
1791
1807
1833
1791
1822


1877
1843
1797
1742
1749
1757
1744
1783

1
799
1775
1775
1813
1843
1894
1931
1965
199
3

1987
2036
2108
2180
2194
2237
2263
2293


2302
2320
2321
2338
2357
2378
2429
2355

2
352
2352
2355
2384
2357
2327
2324
2325
2
3
53
2378
2384
2400
2378
2384
2391
2361
2375


2375
2371
2351
2295
2320
2294
2310
2318


1999
1888
1847
1861
1850
1874
1865
1901
19
0
0
1878
1957
2009
2047
2106
2078
2101
203
7

1994
2035
1999
1986
1984
1919
1904
1837

1
806
1847
1767
1751
1727
1649
1569
1458
1
3
83
1331
1303
1263
1266
1275
1281
1311
1328


1355
1365
1376
1366
1383
1403
1401
1461


1429
1419
1398
1370
1397
1403
1389
1397
13
8
6
1382
1396
1391
1433
1449
1463
1478
148
1

1500
1530
1519
1520
1507
1498
1515
1811

1
766
1772
1757
1746
1734
1653
1672
1685
16
9
5
1711
1733
1758
1791
1837
1870
1923
1919


1921
1969
1970
2005
2063
2081
2128
2186

2
233
2249
2271
2273
2300
2309
2321
2322
23
2
6
2290
2329
2339
2313
2313
2244
2283
2285


2287
2318
2281
2243
2250
2272
2288
2271


2275
2242
2244
2274
2282
2257
2262
2247
22
1
8
2273
2245
2288
2234
2262
2245
2254
222
6

2239
2210
2199
2176
2140
1923
1914
1894

1
863
1872
1889
1904
1891
1839
1825
1803
1
7
82
1771
1733
1734
1709
1685
1679
1599
1571


1488
1436
1397
1371
1370
1362
1343
1309


1337
1360
1392
1381
1427
1455
1438
1454
14
0
9
1391
1376
1367
1409
1360
1339
1310
131
3

1297
1290
1306
1280
1255
1264
1281
1302

1
376
1338
1362
1378
1371
1371
1365
1377
1
4
26
1443
1456
1472
1481
1522
1591
1610
1617


1601
1611
1618
1659
1671
1648
1619
1645


1662
1706
1750
1783
1794
1861
1861
1938
19
7
3
1999
2038
2077
2076
2111
2170
2209
225
9

2256
2287
2295
2331
2352
2350
2369
2346

2
342
2353
2358
2373
2316
2317
2326
2346
2
3
84
2376
2341
2319
2317
2290
2320
2288
2274


2251
2241
2219
2219
2190
2207
2198
2201


2177
2159
2148
2117
2096
2041
1994
2006
19
9
9
2025
2015
1983
2003
1947
1959
1998
200
6

2000
1984
1920
1783
1755
1744
1717
1657

1
616
1535
1513
1456
1450
1393
1326
1296
12
9
6
1308
1343
1328
1303
1308
1332
1387
1398


1460
1402
1466
1468
1488
1466
1455
1455

1
440
1466
1476
1557
1501
1535
1564
1535
15
3
5
1559
1530
1534
1535
1577
1557
1561
152
9

1565
1591
1621
1648
1638
1651
1661
1680

1
698
1713
1690
1707
1712
1689
1681
1687
1
6
99
1724
1786
1807
1825
1795
1802
1770
1773


1829
2067
2080
2131
2160
2235
2218
2243


2234
2257
2256
2306
2336
2323
2325
2276
23
1
1
2313
2310
2297
2268
2259
2263
2269
226
3

2285
2256
2262
2298
2321
2340
2309
2276


2256
2277
2257
2271
2288
2227
2218
2235
22
5
0
2269
2265
2270
2282
2289
2276
2267
222
2

2211
2211
2203
2209
2191
2176
2181
2206

2
177
2133
2123
2075
2087
2073
2021
2013
1
9
84
1977
1953
1977
1963
1983
1945
1947
1469


1358
1315
1309
1334
1296
1321
1331
1330


1393
1422
1418
1443
1462
1454
1473
1472
14
3
9
1417
1391
1407
1399
1393
1392
1408
141
3

1422
1479
1424
1445
1433
1454
1445
1454

1
465
1456
1472
1497
1514
1535
1578
1589
1
6
15
1605
1642
1649
1680
1680
1655
1651
1669


1680
1722
1739
1745
1753
1778
1826
1835


1853
1840
1855
1787
1825
1851
1845
1840
1
8
37
1819
1827
1837
1892
1863
1785
2367
2310


2301
2350
2353
2388
2394
2339
2333
2341


2362
2375
2369
2363
2359
2355
2346
2349
23
2
0
2339
2340
2320
2297
2250
2204
2206
222
5

2235
2222
2209
2197
2210
2227
2227
2203

2
161
2110
2085
2087
2065
2118
2057
2036
2
0
54
2067
2085
2089
2066
2032
2020
2019
2015


2022
2032
2023
2034
2018
2013
2018
2007


1990
1999
1998
2018
1977
2004
2045
2099
21
1
2
2138
2112
2133
2133
1328
1291
1257
124
6

1286
1325
1362
1387
1371
1340
1357
1395

1
463
1488
1491
1515
1505
1520
1565
1567
1
5
35
1520
1535
1535
1555
1535
1556
1591
1648


1709
1699
1728
1689
1711
1709
1737
1769
1
7
57
1687
1702
1742
1776
1790
1765
1756
17
3
0
1765
1754
1786
1787
1781
1786
1796
1779


1840
1830
1854
1858
1857
1872
1913
1888

1
823
1766
1732
1775
1744
1776
1823
1870
193
0

1920
1946
1971
2307
2297
2259
2243
2235


2235
2234
2247
2258
2275
2307
2255
2227
2
2
24
2253
2278
2273
2251
2290
2273
2261
22
8
3
2230
2227
2207
2194
2155
2113
2077
2061


2064
2079
2047
2026
1991
1993
2017
1983

1
959
1897
1872
1915
1933
1934
1934
1846
18
2
7
1849
1840
1861
1823
1788
1741
1723
1765


1849
1900
1922
1903
1872
1893
1894
1911

1
895
1839
1846
1834
1808
1695
1685
1687
16
6
3
1648
1315
1287
1222
1264
1265
1296
1309


1296
1260
1241
1263
1309
1329
1373
1311

1
339
1363
1395
1483
1535
1520
1535
1586
160
0

1651
1621
1651
1649
1652
1648
1664
1666


1717
1739
1781
1808
1778
1789
1795
1777
1
8
07
1821
1823
1838
1831
1827
1809
1840
18
0
8
1839
1841
1776
1707
1664
1648
1638
1650


1687
1718
1737
1767
1802
1814
1837
1824

1
862
1923
1975
2003
2055
2067
2108
2139
227
5

2219
2218
2219
2250
2197
2224
2201
2183


2187
2202
2206
2179
2176
2155
2146
2115


2096
2078
2064
2059
2086
2100
2096
2091
20
5
9
2073
2066
2085
2087
2086
2073
2079
2083
2078
2096
2076
2075
2117
2077
2107
2091

2
059
2003
2003
2018
2096
2130
2137
2113
2
0
63
2023
2010
2008
2002
2017
2000
1986
1939


1906
1851
1794
1744
1718
1680
1600
1498


1429
1367
1360
1360
1360
1349
1310
1490
14
3
4
1399
1364
1361
1403
1402
1446
1505
1535
1571
1584
1599
1615
1619
1670
1696
1754

1
719
1705
1728
1739
1749
1734
1728
1719
1746
1775
1801
1764
1777
1795
1779
1824
1869


1856
1879
1889
1885
1858
1819
1802
1847
1840
1828
1808
1804
1846
1890
1942
1951
19
9
8
1935
1979
2003
2023
2091
2142
2174
2207


2213
2222
2243
2239
2277
2352
2350
2339

2
320
2320
2338
2343
2345
2239
2175
2158
2
1
22
2091
2047
2061
2025
2087
2021
2000
2026


2032
2064
2066
2038
2031
2002
1974
1999


1970
2000
1997
1990
1973
1946
1907
1942
19
6
3
1951
1908
1884
1855
1913
2015
2096
209
8

2065
2031
2017
2032
2037
2080
1927
1951

1
895
1893
1873
1881
1813
1775
1715
1674
1
6
10
1535
1473
1431
1414
1331
1317
1312
1305


1329
1356
1370
1407
1341
1375
1350
1367


1372
1393
1355
1502
1478
1509
1522
1527
15
2
7
1517
1533
1601
1629
1620
1625
1618
1650


1654
1680
1707
1728
1741
1749
1787
1803

1
842
1810
1833
1837
1853
1844
1862
1856
176
4

1721
1712
1710
1667
1674
1675
1712
1713


1751
1795
1825
1872
1904
1947
2010
1985
2
0
20
2055
2122
2181
2225
2253
2255
2277
22
9
8
2352
2320
2335
2364
2374
2364
2368
2389


2416
2391
2407
2416
2374
2363
2361
2362

2
352
2331
2079
2064
2003
2023
2041
2043
20
3
2
2021
1994
2005
1999
1994
2017
1964
1943


1963
1997
1981
1935
1907
1878
1882
1961

2
042
2090
2082
2041
2033
2069
2061
2039
2
0
23
1983
1954
1923
1894
1829
1845
1809
1771


1766
1785
1722
1789
1798
1835
1866
1834


1818
1820
1830
1831
1840
1827
1783
1831
19
6
9
1987
2110
2137
2208
2246
2256
2278
233
9

2385
2445
2535
2643
2710
2794
2930
2961

1
638
641
0
0
0
0
0
0
0
0
0
0
0
0


0
0
0
0
0
0
0
0
0
0
0

0

291
1274
2979
2954
2531
401
0
400
10
4
1
1395
2313
2965
2643
2502
2955
2902
2006


1648
2874
2961
2929
2610
2491
2224
1840

2
800
2960
2963
1856
0
0
0
0
1167
2124
165
8

234
0
0
0
0
573
1328
1402
1049
954
1
0
88
989
1207
1947
2453
2141
1389
967
977

1
317
1985
2792
2832
2270
1595
1444
1742
21
9
5
2759
2950
2902
2653
2413
2493
2628
2766


2892
2885
2672
2256
2047
2133
2214
2255
2
3
51
2187
1808
1414
1303
1455
1666
1840
19
9
9
1923
1691
1535
1663
1851
1966
1964
1931


1774
1583
1605
1814
1742
1661
1637
1582

1
501
1378
1323
1363
1428
1461
1411
1411
136
7

1354
1407
1482
1535
1563
1535
1520
1535


1511
1588
1629
1667
1648
1646
1671
1661

1
710
1757
1805
1791
1749
1806
1824
1887
19
4
1
2028
2069
2069
2109
2122
2210
2176
2176


2189
2186
2143
2129
2115
2160
2191
2215

2
173
2062
1995
1990
1996
2027
2030
2004
20
1
8
2012
2032
2075
2163
2147
2179
2188
218
3

2238
2281
2645
2559
2559
2582
2526
2512

2
486
2504
2523
2559
2559
2549
2559
2545
255
9

2592
2607
2583
2525
2496
2455
2470
2455


2479
2387
2391
2415
2387
2378
2355
2363
2
3
67
2378
2366
2331
2307
2329
2315
2305
23
0
6
2288
2260
2258
2269
2285
2297
2288
2235


2267
2329
2352
2375
2361
2343
2337
2343

2
327
2333
2252
2232
2231
2167
2157
2122
205
6

2033
2023
2000
1955
1827
1722
1686
1641


1591
1482
1433
1466
1427
1443
1447
1449
1
4
41
1467
1498
1535
1556
1575
1597
1591
16
0
4
1621
1652
1661
1648
1628
1609
1643
1649


1693
1723
1680
1712
1710
1714
1731
1757
1741
1743
1769
1771
1794
1723
1776
1792
1820
1814
1808
1791
1742
1710
1731
1744
1686


1670
1681
1713
1759
1776
1795
1820
1856
1
8
51
1865
1914
1936
1984
2007
2029
2062
21
2
8
2147
2190
2227
2246
2272
2227
2256
2077


2044
2032
2026
2037
2001
2017
1987
1953

1
946
1945
1951
1937
1936
1970
1953
1943
190
2

1927
1882
1895
1903
1891
1872
1872
1884


1881
1899
1820
1846
1853
1838
1845
1807
1
7
81
1763
1769
1840
1900
1933
1937
1943
19
4
7
1941
1921
1887
1875
1857
1834
1780
1776


1683
1697
1623
1584
1573
1523
1447
1403

1
337
1278
1243
1206
1239
1250
1220
1231
123
2

1234
1254
1261
1303
1307
1319
1422
1392


1407
1446
1450
1477
1535
1508
1535
1535
1
5
35
1535
1569
1596
1618
1625
1648
1666
16
2
2
1643
1682
1686
1710
1718
1705
1701
1715


1744
1751
1775
1749
1787
1759
1712
1668

1
664
1649
1653
1658
1679
1747
1716
1716
174
5

1782
1811
1825
1882
1885
1919
1991
1999


2039
2077
2119
2160
2205
2223
2211
2214
2
2
43
2249
2259
2290
2210
2234
2241
2218
22
1
5
2218
2223
2231
2223
2046
1982
1946
1949


1966
1964
1987
1982
1994
1978
1985
1989

1
983
1973
1942
1938
1943
1946
1949
1919
195
4

1900
1921
1874
1895
1914
1966
2032
2082


2057
2058
2083
2025
2045
2032
1993
1959

1
907
1876
1871
1833
1807
1784
1742
1686
163
6

1568
1486
1440
1424
1392
1333
1347
1349


1360
1334
1367
1392
1390
1393
1453
1450

1
456
1476
1501
1534
1478
1517
1535
1515
15
2
0
1527
1490
1529
1791
1751
1735
1712
1730


1735
1761
1776
1805
1830
1845
1795
1842

1
853
1867
1910
1903
1893
1887
1930
1953
19
1
5
1838
1816
1828
1794
1788
1805
1813
184
3

1882
1904
1934
1959
1989
2010
2036
2086

2
143
2183
2203
2235
2266
2314
2370
2352
2
3
70
2387
2405
2421
2450
2439
2462
2466
2467


2446
2388
2390
2406
2399
2372
2387
2373

2
371
2355
2367
2394
2381
2358
2341
2347
23
2
3
2320
2346
1981
1899
1888
1890
1862
1850


1841
1858
1883
1877
1867
1872
1857
1929

2
025
2043
2046
2022
1991
1967
1971
1979
19
4
2
1923
1878
1867
1843
1827
1785
1749
1712


1632
1530
1478
1447
1333
1284
1284
1295

1
296
1257
1270
1287
1297
1329
1352
1349
1
3
72
1373
1403
1451
1479
1478
1453
1446
1444


1414
1450
1425
1437
1436
1445
1484
1479


1481
1503
1514
1520
1531
1516
1516
1511
15
2
0
1799
1765
1762
1754
1754
1801
1829
184
1

1879
1875
1809
1767
1783
1777
1811
1771

1
743
1795
1807
1823
1842
1897
1922
1958
197
3

2023
2067
2112
2173
2182
2207
2233
2250


2267
2296
2336
2357
2384
2348
2374
2375
2
3
97
2394
2389
2374
2387
2368
2377
2379
23
2
5
2337
2341
2343
2351
2352
2330
2335
2345


2367
2391
2365
2343
2322
2353
2355
2365

2
351
2341
2342
2347
2325
2327
2240
1904
184
5

1808
1814
1906
2003
1988
2011
2001
2013


2022
1985
1962
1924
1929
1904
1869
1841
1
7
76
1758
1758
1731
1675
1596
1483
1479
14
2
3
1322
1332
1303
1305
1318
1328
1331
1339


1341
1385
1415
1471
1434
1426
1421
1392

1
415
1433
1449
1430
1393
1424
1414
1412
143
1

1411
1419
1393
1392
1422
1411
1380
1374


1402
1409
1456
1424
1427
1451
1487
1509
1
5
35
1519
1535
1578
1601
1584
1648
1559
15
3
5
1535
1584
1583
1586
1607
1629
1705
1760


1795
1811
1873
1907
1983
2017
2057
2098

2
102
2127
2179
2213
2256
2302
2314
2309
232
4

2380
2395
2371
2353
2362
2338
2340
2337


2320
2311
2330
2368
2368
2378
2368
2384
2
3
72
2379
2377
2355
2359
2383
2343
2338
23
7
1
2314
2326
2342
2339
2336
2337
2285
2288


2269
2256
2228
2218
2167
2149
2138
2109

2
089
2095
2057
2064
2069
1950
1840
1803
178
3

1723
1707
1691
1650
1680
1566
1488
1461


1413
1373
1320
1278
1264
1278
1312
1296
1
2
96
1318
1346
1370
1362
1363
1383
1385
14
0
8
1424
1437
1465
1402
1438
1457
1473
1474


1463
1433
1424
1455
1473
1527
1474
1434

1
446
1454
1445
1473
1456
1450
1445
1469
147
2

1489
1494
1573
1606
1619
1646
1635
1639


1651
1679
1651
1675
1618
1632
1657
1639
1
6
48
1673
1671
1841
1833
1843
1841
1918
19
7
5
2001
2045
2103
2138
2154
2160
2160
2199


2245
2286
2283
2302
2307
2314
2288
2311

2
326
2266
2294
2263
2276
2274
2254
2278
229
7

2304
2320
2316
2274
2247
2254
2263
2290


2316
2320
2320
2321
2311
2302
2330
2288


2302
2279
2259
2231
2201
2190
2211
2205
219
8

2176
2128
2097
2118
2118
2099
2098
2099


2118
2126
2097
2082
2064
2032
2032
2002
1
9
85
1569
1479
1456
1360
1332
1323
1287
13
0
9
1326
1325
1329
1344
1339
1385
1401
1441


1449
1455
1475
1482
1477
1461
1449
1477

1
459
1493
1435
1445
1423
1424
1426
1434
14
5
1
1466
1463
1467
1459
1422
1451
1479
1458


1456
1451
1451
1462
1503
1527
1535
1572

1
588
1604
1648
1662
1680
1691
1700
1714
17
1
2
1710
1721
1712
1722
1776
1776
1787
1799


1775
1751
1795
1799
1811
1791
1808
1838


2162
2149
2177
2167
2193
2195
2254
2270
2
3
06
2286
2291
2293
2314
2301
2290
2304
2257


2270
2288
2320
2325
2322
2318
2306
2292

2
311
2320
2317
2306
2326
2323
2331
2331
23
2
0
2303
2322
2323
2301
2266
2192
2165
2153


2138
2130
2114
2095
2039
2032
2047
2058

2
016
2047
2058
2066
2046
2067
2058
2032
20
2
3
2001
2007
2019
1989
2000
2000
1973
1968


1971
1963
2022
2115
2143
2192
1421
1372


1318
1345
1411
1391
1425
1394
1424
1445
14
2
9
1424
1423
1451
1462
1461
1471
1451
145
3

1479
1502
1515
1488
1489
1488
1477
1488

1
513
1523
1535
1467
1472
1501
1532
1583
1
6
00
1613
1616
1646
1655
1694
1674
1680
1675


1702
1694
1702
1712
1712
1747
1776
1785
1
8
08
1783
1836
1827
1837
1808
1811
1807
18
2
6
1874
1900
1932
1894
1931
1898
1813
1807


1794
1767
1771
1771
1769
2191
2147
2113

2
131
2142
2173
2177
2171
2207
2155
2193
221
7

2223
2227
2237
2224
2249
2231
2247
2320


2287
2287
2285
2274
2311
2299
2291
2266
2
2
56
2224
2185
2182
2137
2128
2112
2070
20
6
5
2064
2064
2061
2092
2081
2092
2013
2045


2047
2064
2032
2015
1950
1947
1968
1951

1
965
1918
1902
1908
1917
1975
2037
2099
211
5

2107
2109
2076
2091
2062
2038
2006
1969


1951
1907
1872
1361
1329
1310
1322
1337
1
3
65
1360
1392
1405
1444
1466
1456
1458
14
3
0
1434
1470
1485
1488
1453
1456
1471
1506


1580
1597
1600
1607
1634
1675
1713
1734

1
725
1744
1712
1765
1702
1721
1742
1741
173
5

1780
1771
1748
1791
1803
1834
1838
1847


1841
1853
1869
1918
1937
1939
1927
1937
1
8
71
1824
1781
1776
1776
1763
1740
1771
18
0
3
1842
1861
1913
1970
1943
1970
1989
2023


2075
2138
2288
2250
2227
2257
2256
2279

2
267
2258
2228
2251
2240
2252
2271
2234
224
5

2250
2214
2203
2197
2187
2181
2195
2181


2156
2112
2107
2107
2140
2134
2119
2103
2
1
03
2111
2098
2073
2054
2000
2009
2019
20
5
8
2036
2027
2019
1984
1979
1971
2016
2038


2078
2097
2098
2110
2071
2038
2013
2000

1
991
1986
1945
1889
1858
1815
1776
1737
172
8

1613
1505
1449
1386
1328
1249
1244
1233


1326
1286
1279
1306
1271
1306
1301
1303
1
3
02
1333
1370
1374
1418
1464
1487
1531
15
3
5
1569
1589
1628
1616
1600
1584
1615
1642


1626
1655
1594
1602
1615
1612
1644
1648

1
645
1682
1698
1726
1737
1706
1743
1767
178
0

1827
1869
1853
1787
1779
1755
1766
1759


1729
1762
1825
1827
1850
1840
1872
1858
1
8
93
1947
2029
2036
2096
2128
2153
2179
22
2
4
2244
2288
2305
2324
2352
2368
2320
2287


2261
2256
2244
2224
2217
2179
2194
2187

2
161
2157
2160
2156
2163
2193
2198
2193
212
3

2134
2129
2141
2170
2160
2145
2128
2110


2105
2096
2103
2090
2070
2042
2019
1991
1
9
93
1997
2091
2114
2148
2192
2160
2133
21
2
8
2119
2092
2074
2022
2023
2031
1977
1969


1888
1872
1855
1795
1712
1616
1535
1521

1
479
1457
1430
1439
1417
1449
1455
1441
142
2

1430
1430
1569
1530
1431
1475
1446
1394


1386
1446
1520
1535
1585
1577
1567
1590
1
6
48
1664
1664
1631
1654
1674
1701
1744
17
6
3
1725
1744
1786
1806
1817
1822
1817
1835


1845
1899
1950
1900
1935
1883
1807
1799
1
8
22
1838
1863
1855
1883
1919
1939
1927
19
5
3
1988
1983
2006
1984
2010
2087
2147
2193


2250
2224
2262
2339
2424
2475
2559
2678

2
800
2902
2939
2967
2943
2961
2960
2960
297
3

2970
2970
2971
2784
0
0
0
1725
2960
2
9
71
2635
0
0
0
0
0
0
0
0
0
1020
2963
2
9
65
2967
2953
2739
1362
1711
2734
672
717


1215
911
0
0
0
0
0
0
0
748
1780
2624

2
953
2895
2960
2962
2959
2962
2960
2963
2
9
05
1739
101
0
0
0
0
0
0
0
0
0
0
0
0


0
0
0
0
0
725
1488
1445
643
0
0
0
0


0
0
0
87
147
146
0
0
0
354
986
1793


2611
2954
2949
2950
2939
2927
2878
2849

2
928
2938
2896
2773
2509
2015
1254
678
370


114
0
0
90
193
198
339
464
609
801
117
9

1554
1827
2086
2338
2518
2559
2559
2483

2
295
1975
1811
1656
1478
1290
1200
1136
1
1
14
1156
1287
1472
1614
1837
2178
2540
2850


2949
2966
2960
2958
2958
2960
2975
2958


2949
2965
2923
2819
2559
2224
1904
1717
16
8
0
1765
1774
1872
1984
2096
2190
2396
262
5

2817
2913
2939
2939
2928
2899
2886
2850

2
785
2675
2165
2037
1900
1909
1942
2028
2
0
74
2123
2171
2187
2229
2293
2414
2477
2597


2687
2683
2640
2545
2527
2489
2478
2421


2351
2245
2174
2117
2095
2121
2171
2201
22
0
3
2193
2187
2142
2162
2160
2197
2203
219
2

2160
2119
2065
2071
2109
2145
2135
2086

2
037
1991
1960
1972
2032
2080
2097
2091
2
0
91
2113
2137
2131
2163
2195
2272
2258
2240


2222
2235
2271
2289
2320
2236
2225
2175


2457
2429
2435
2437
2426
2451
2493
2522
25
5
0
2559
2543
2480
2448
2482
2475
2495
2467


2462
2482
2490
2506
2558
2559
2531
2545

2
559
2655
2633
2701
2736
2737
2737
2774
280
6

2825
2833
2850
2862
2832
2853
2870
2880


2878
2845
2839
2821
2810
2807
2781
2787
2
7
25
2732
2731
2704
2694
2674
2631
2618
26
2
5
2622
2609
2553
2553
2558
2559
2525
252
8

2499
2496
2466
2436
2384
2354
2283
1773

1
683
1680
1730
1787
1872
1838
1872
1889
1
9
04
1898
1853
1791
1790
1774
1744
1689
1639


1584
1533
1494
1446
1392
1289
1227
1157


1111
1072
1034
978
1006
993
1001
1019
996


1023
1072
1074
1075
1108
1087
1095
1065
10
7
5
1069
1081
1073
1103
1089
1088
1077
110
4

1091
1107
1107
1120
1098
1104
1129
1137

1
170
1175
1206
1141
1152
1225
1257
1301
1
3
07
1286
1318
1360
1376
1409
1354
1335
1282


1277
1289
1303
1328
1352
1375
1431
1472


1520
1575
1575
1598
1649
1731
1786
1861

1
831
1904
1931
1937
1966
1973
1998
2013
206
3

2094
2129
2073
2067
2064
2067
2075
2081


2096
2079
2053
2054
2059
2077
2055
2083
2
0
61
2067
2079
2087
2087
2081
2129
2107
21
3
9
2101
2116
2125
2128
2119
2081
2031
2009


1999
1974
1941
1904
1872
1872
1877
1893

1
889
1893
1872
1872
1879
1845
1763
1718
167
5

1648
1647
1650
1634
1647
1563
1534
1459


1449
1399
1367
1278
1249
1248
1262
1296
1
3
22
1323
1340
1360
1391
1410
1424
1407
14
2
5
1434
1455
1483
1437
1456
1424
1418
1411


1426
1402
1405
1389
1390
1407
1392
1391
1
3
85
1371
1367
1374
1372
1367
1402
1414
13
9
4
1445
1439
1505
1535
1586
1586
1579
1597


1609
1619
1622
1654
1617
1659
1669
1689

1
712
1728
1715
1893
1878
1877
1878
1913
194
5

1982
2027
2081
2127
2163
2210
2193
2229


2256
2263
2262
2278
2285
2288
2299
2273
2
3
11
2281
2297
2302
2303
2294
2307
2301
22
8
9
2331
2334
2308
2281
2256
2269
2288
2321


2342
2349
2320
2316
2321
2342
2364
2288

2
259
2245
2240
2234
2211
2173
2153
2146
214
4

2149
2101
2100
2110
2103
2109
2105
2076


2064
2060
2074
2071
2083
2046
2047
2037
2
0
05
2002
1555
1481
1347
1328
1312
1283
128
9

1287
1283
1319
1328
1373
1389
1376
1397


1430
1471
1494
1491
1488
1497
1491
1535
1
5
33
1583
1527
1535
1535
1520
1526
1509
149
8

1518
1507
1535
1535
1494
1520
1533
1519


1557
1535
1535
1565
1586
1599
1633
1667
1
6
53
1657
1690
1693
1711
1696
1649
1639
167
3

1702
1744
1664
1702
1681
1718
1743
1731


1735
1742
1744
1786
1804
1807
1811
1819
2
2
93
2266
2283
2303
2323
2297
2342
2353
23
6
8
2363
2352
2315
2335
2347
2362
2384
2334


2366
2326
2339
2335
2339
2306
2309
2288

2
287
2303
2287
2269
2299
2322
2313
2321
231
7

2315
2285
2291
2258
2279
2224
2176
2169


2147
2120
2106
2080
2079
2060
2084
2089
2
0
64
2073
2066
2077
2096
2080
2043
2021
20
6
7
2082
2058
2039
2000
2019
2011
2032
2032


2002
1977
1990
2047
2123
2208
1353
1322

1
305
1331
1377
1387
1435
1397
1427
1446
147
4

1469
1483
1449
1456
1453
1450
1435
1477


1485
1487
1483
1469
1492
1488
1463
1471
1
4
73
1505
1499
1485
1522
1558
1567
1601
16
3
2
1634
1726
1754
1751
1751
1726
1728
1757


1745
1751
1744
1757
1757
1775
1809
1830

1
855
1840
1855
1847
1824
1812
1808
1803
183
8

1835
1834
1889
1813
1872
1838
1751
1728


1714
1709
1685
1728
1751
2274
2239
2215
2
1
97
2215
2192
2222
2225
2284
2203
2224
22
1
8
2237
2227
2231
2209
2203
2227
2244
2243


2221
2234
2258
2240
2241
2207
2188
2158

2
162
2130
2102
2079
2035
2058
2063
2046
203
3

2055
2062
2070
2096
2095
2139
2059
2023


2032
2038
2032
2000
1988
1968
1959
1938
1
9
17
1907
1857
1900
1858
1835
1858
1907
19
5
3
1997
2019
2012
2041
1968
1968
1915
1905


1908
1841
1785
1300
1278
1278
1264
1251

1
267
1284
1291
1333
1338
1338
1362
1364
140
6

1413
1399
1371
1381
1360
1376
1392
1421


1502
1453
1470
1488
1519
1579
1584
1581
15
6
8
1558
1587
1606
1626
1639
1648
1642
165
1

1661
1680
1692
1731
1741
1740
1771
1756

1
781
1793
1799
1826
1809
1846
1888
1906
1
8
78
1838
1729
1767
1773
1763
1773
1775
1776


1807
1814
1846
1867
1894
1917
1947
1974


2005
2257
2241
2205
2158
2160
2178
2192
21
9
8
2227
2241
2255
2288
2254
2268
2240
224
6

2251
2225
2205
2214
2175
2170
2130
2125

2
128
2121
2111
2121
2117
2092
2103
2108
2
1
14
2098
2101
2080
2090
2030
2025
2015
2001


1999
1968
1947
1936
1939
1941
1947
1888


1950
2054
2098
2128
2107
2103
2100
2098
20
8
1
2023
1983
1934
1925
1921
1910
1873
185
3

1799
1761
1742
1679
1646
1527
1501
1486


1430
1427
1455
1475
1456
1451
1449
1456
14
5
8
1509
1527
1575
1560
1614
1642
1675
164
8

1680
1703
1728
1729
1742
1745
1753
1771

1
773
1835
1761
1766
1797
1804
1815
1800
1
8
05
1794
1846
1873
1872
1862
1853
1902
1914


1902
1911
1919
1840
1794
1760
1765
1790


1783
1840
1867
1858
1871
1904
1952
1975
1
9
81
1981
2058
2063
2105
2122
2160
2207
221
8

2249
2255
2277
2334
2352
2362
2270
2239


2223
2191
2141
2118
2126
2081
2093
2098
2
0
69
2058
2057
2019
2032
2070
2091
2073
203
0

2022
2054
2065
2033
2019
1981
1982
1989

1
973
1954
1949
1919
1942
1943
1883
1894
1
8
73
1847
1856
1931
1983
2075
2032
2064
20
2
3
2026
1987
1978
1933
1920
1934
1905
1873


1792
1765
1770
1759
1712
1645
1567
1490

1
445
1421
1386
1399
1383
1395
1366
1360
135
7

1338
1360
1414
1461
1456
1500
1495
1455


1455
1482
1530
1575
1581
1564
1565
1585
1
6
01
1626
1641
1585
1596
1629
1690
1698
1728


1729
1758
1774
1781
1757
1762
1750
1776


1796
1794
1838
1781
1797
1773
1697
1680
16
7
9
1665
1679
1686
1695
1729
1744
1751
180
9

1842
1873
1923
1904
1906
1949
2011
2070

2
190
2183
2241
2269
2265
2271
2283
2300
2
3
43
2368
2368
2347
2306
2317
2352
2366
23
3
8
2334
2303
2298
2003
1987
1967
1954
1981


1958
1967
1987
2047
2064
2103
2007
1972
19
8
9
1981
1966
1979
1972
1968
1947
1957
196
6

1898
1904
1965
1962
1970
2033
2035
2046

2
071
2106
2155
2151
2094
2069
2006
1991
1
9
82
1936
1898
1839
1839
1794
1782
1680
1618


1574
1491
1433
1395
1363
1362
1363
1382


1366
1367
1392
1440
1431
1471
1459
1428
14
1
3
1417
1446
1456
1490
1433
1430
1430
145
6

1471
1696
1659
1617
1648
1666
1706
1739

1
751
1758
1776
1780
1780
1803
1818
1808
1
8
56
1866
1846
1858
1839
1831
1872
1911
1849


1843
1744
1700
1680
1642
1653
1743
1779


1823
1818
1833
1866
1877
1920
1981
1970

2
000
2002
2042
2096
2149
2183
2215
2256
223
9

2259
2288
2289
2290
2282
2278
2302
2311


2341
2333
2275
2249
2230
2259
2293
2299
2
2
86
2263
2283
2281
2294
2289
2258
2299
22
9
3
1986
1957
1959
1989
1943
1938
1893
1879


1878
1899
1911
1919
1902
1893
1919
1881

1
936
2010
2039
2058
2078
2043
2083
2064
201
7

1995
1978
1953
1936
1925
1887
1866
1824

1
778
1762
1729
1637
1579
1478
1478
1472
1
4
28
1402
1417
1418
1451
1465
1447
1463
14
5
9
1507
1531
1562
1554
1515
1523
1517
1520


1535
1527
1529
1499
1497
1500
1489
1477
1
4
99
1535
1570
1584
1559
1535
1492
1776
172
2

1737
1727
1735
1759
1735
1779
1814
1824


1828
1827
1771
1774
1714
1719
1685
1682
1
6
90
1750
1795
1808
1825
1842
1874
1909
19
4
9
1954
2000
1943
1983
2070
2128
2160
2160


2186
2208
2217
2256
2274
2288
2299
2313

2
323
2294
2275
2295
2275
2301
2320
2293
231
0

2257
2266
2288
2289
2293
2287
2283
2265


2272
2275
2323
2287
2285
2255
2280
2288
2
3
23
2305
2299
2275
2253
2218
1889
1842
17
9
5
1754
1798
1933
2010
2064
2017
2001
2010


1990
1986
1951
1924
1899
1877
1822
1808
1
7
39
1725
1750
1686
1627
1562
1459
1391
13
6
0
1346
1295
1253
1214
1234
1264
1277
1275


1245
1244
1293
1343
1335
1369
1354
1359

1
353
1349
1374
1372
1394
1399
1362
1360
138
0

1382
1374
1410
1426
1443
1456
1429
1406


1443
1463
1457
1478
1445
1463
1469
1504
1
5
26
1581
1610
1632
1726
1598
1535
1535
15
8
8
1593
1606
1618
1664
1702
1757
1773
1831


1820
1830
1857
1919
1965
2016
2055
2110

2
176
2173
2244
2299
2320
2333
2339
2343
237
8

2398
2434
2435
2364
2363
2355
2383
2375


2389
2367
2353
2381
2384
2375
2385
2352
2
3
85
2395
2383
2351
2323
2309
2333
2349
2340


2384
2330
2349
2348
2342
2304
2258
2234


2247
2226
2180
2187
2143
2130
2144
2142
21
4
7
2139
2126
2113
2032
2008
1978
1967
198
3

1946
1883
1879
1895
1883
1905
1836
1767

1
669
1573
1515
1456
1430
1424
1422
1425
1
4
13
1382
1392
1443
1445
1456
1454
1428
1446


1447
1441
1438
1468
1424
1428
1440
1437


1415
1409
1386
1397
1446
1497
1479
1426
13
9
2
1394
1443
1456
1454
1421
1391
1403
145
5

1463
1510
1501
1535
1533
1583
1620
1648

1
671
1680
1677
1663
1693
1649
1697
1701
1
6
90
1745
1757
1778
1787
1806
1826
1837
190
5

1979
2043
2079
2096
2127
2143
2249
2225


2272
2291
2307
2326
2355
2339
2333
2320
23
0
7
2325
2276
2251
2225
2227
2222
2230
223
7

2257
2273
2262
2256
2271
2253
2288
2314

2
294
2291
2277
2281
2270
2283
2286
2304
2
2
61
2257
2272
2261
2273
2234
2192
2166
2137


2185
2178
2115
2087
2087
2089
2075
2081


2073
2097
2069
2083
2058
2065
2044
1775
16
6
6
1622
1584
1531
1488
1373
1355
1327
129
7

1299
1302
1310
1312
1313
1344
1360
1388


1389
1392
1402
1439
1466
1453
1474
1490
1
4
65
1441
1442
1393
1430
1472
1477
1485
147
4

1440
1447
1482
1494
1535
1493
1493
1489


1487
1483
1488
1525
1559
1600
1626
1630
16
3
9
1627
1690
1728
1713
1695
1680
1670
169
3

1675
1665
1703
1665
1673
1687
1717
1709

1
713
1707
1731
1744
1765
2187
2179
2222
2
2
25
2271
2278
2320
2351
2357
2339
2352
2335


2331
2316
2327
2335
2333
2325
2321
2343


2303
2338
2323
2345
2323
2291
2294
2287
22
6
0
2267
2267
2261
2263
2298
2303
2282
230
2

2294
2279
2292
2268
2253
2257
2250
2322


2192
1971
1914
2064
2480
2844
2791
2541
2
1
60
1839
2084
2599
2929
2939
2782
2252
194
7

2053
2621
2977
2960
2873
2522
2112
2095


2535
2940
2958
2950
2963
2971
2960
2974

2
848
1008
303
630
546
1596
2963
2459
0
0

0

0
0
0
0
0
0
0
139
0
0
0
0
0
0
0
0


0
432
1406
653
0
0
0
0
0
0
0

1
047
2541
2951
2959
2203
260
0
0
0
759
26
3
7
2974
2967
2973
2805
1576
0
0
0
0
0

5
44
1735
2211
1881
1226
461
0
0
0
0
330

1
239
2173
2373
1934
1170
391
0
0
0
365

9
55
1520
2075
2310
2224
1949
1743
1731
1841


2127
2636
2954
2943
2960
2979
2970
2960


2885
2809
2760
2771
2864
2896
2838
2688
24
4
2
2185
1873
1701
1585
1626
1659
1742
192
2

2098
2156
2208
2209
2128
2035
2019
2099


2202
2259
2339
2362
2252
2094
1968
1861
17
3
9
1727
1751
1860
1952
2064
2203
2321
238
5

2501
2608
2672
2768
2798
2849
2876
2875

2
883
2855
1590
1455
1346
1295
1198
1087
1
0
23
988
974
1023
1138
1198
1314
1355
1469
1535
1618
1715
1759
1809
1839
1857
1886
1906
1811
1768
1729
1723
1781
1810
1750
1680
1659
1696
1712
1744
1790
1840
1823
1767
1775
1776
1766
1767
1797
1835
1834
1750
1735
1697
1654
1654
1744
1819
1939
2001
1979
1936
1885
1941
2007
2077
2127
2166
2183

2167
2159
2173
2226
2308
2329
2365
2347
2
3
20
2284
2423
2434
2404
2448
2487
2531
255
9

2599
2639
2672
2683
2710
2726
2674
2642

2
612
2597
2592
2640
2676
2695
2713
2730
2
7
22
2716
2698
2739
2743
2738
2719
2736
2754


2778
2800
2819
2849
2809
2800
2791
2757


2704
2639
2601
2535
2509
2480
2467
2407
24
1
9
2394
2366
2327
2283
2242
2221
2195
222
6

2230
2268
2257
2279
2261
2260
2259
2263

2
260
2225
2239
2237
2235
2160
2250
2314
2338
1258
1233
1204
1195
1175
1168
1182
1190


1207
1205
1190
1199
1250
1262
1315
1233
1286
1317
1333
1350
1391
1396
1404
1395
14
3
4
1470
1424
1424
1438
1398
1407
1411
142
2

1453
1453
1478
1471
1475
1429
1490
1535


1585
1597
1535
1507
1503
1527
1582
1613
1
6
09
1623
1615
1630
1647
1647
1647
1671
168
6

1702
1694
1698
1677
1703
1737
1744
1737


1688
1610
1584
1569
1595
1611
1578
1887
1
8
49
1847
1874
1873
1922
1928
1956
1990
19
8
5
2000
2013
1991
1999
2002
2047
2079
2086


2123
2115
2143
2159
2183
2227
2231
2240

2
234
2233
2272
2202
2170
2135
2112
2112
211
9

2094
2098
2064
2027
2022
1978
1955
1969


1951
1936
1936
1872
1869
1845
1852
1817
1
8
04
1749
1744
1734
1733
1701
1693
1680
16
7
5
1742
1798
1866
1851
1830
1839
1869
1881


1851
1819
1801
1764
1733
1422
1351
1337

1
335
1361
1409
1438
1423
1389
1408
1452
148
0

1489
1469
1435
1386
1385
1431
1459
1511


1442
1446
1445
1436
1501
1557
1583
1603
1
6
05
1593
1583
1575
1575
1589
1593
1585
15
8
9
1559
1525
1559
1597
1622
1660
1641
1666


1660
1654
1696
1724
1723
1748
1809
1839
1872
1867
1887
1823
1729
1711
1727
1719
173
3

1751
1769
1805
1826
1808
1870
1937
1973
2009
2019
2064
2231
2176
2192
2178
2171
2
1
79
2202
2226
2252
2258
2289
2282
2283
22
8
8
2288
2269
2292
2289
2250
2239
2239
2217


2199
2144
2167
2179
2189
2177
2163
2142

2
133
2145
2158
2176
2146
2142
2126
2115
209
6

2081
2064
2044
2027
2035
2033
2019
1997


1951
1958
1953
2017
2080
2147
2131
2132
2
0
76
2091
2086
2083
2064
2013
2000
1958
191
8

1909
1904
1904
1883
1813
1735
1637
1605


1571
1522
1430
1394
1382
1371
1361
1357

1
373
1387
1391
1412
1479
1499
1566
1535
158
3

1610
1632
1635
1678
1661
1712
1738
1734


1744
1725
1744
1805
1833
1841
1835
1886
1
8
72
1914
1936
1937
1963
1909
1910
1943
19
2
7
1939
1964
1975
2002
2000
1972
1916
1805


1810
1814
1840
1821
1859
1854
1856
1870

1
933
1946
1964
1958
1974
1999
2043
2085
2117


2134
2141
2158
2157
2214
2187
2215
2241


2126
2106
2087
2070
2084
2063
2065
2064
20
4
6
2047
2000
1992
1978
1997
1975
1983
196
8

1958
1949
1965
1970
1980
1983
1983
1970

1
957
1985
1902
1927
1904
1908
1907
1936
1
9
06
1936
1937
1926
1906
1918
2000
2095
2091


2096
2094
2082
2063
2061
2059
2014
1997


1936
1938
1904
1872
1828
1787
1744
1693
16
4
8
1570
1525
1425
1407
1366
1370
1355
133
7

1358
1341
1347
1358
1359
1398
1535
1474

1
510
1535
1609
1678
1698
1681
1711
1757
1
7
75
1761
1779
1791
1786
1813
1793
1840
1809


1840
1871
1901
1943
1921
1898
1891
1890

1
921
1894
1930
1923
1933
1936
1943
1939
1
8
71
1821
1808
1808
1808
1818
1765
1794
1812


1846
1860
1870
1882
1919
1958
1973
2003


2010
2046
2103
2168
2227
2247
2239
2278
22
9
1
2352
2365
2428
2385
2386
2410
2378
2363
2373
2352
2352
2383
2355
2084
2019
1994
1969
1985
2001
2025
1999
1993
1991
2039
2
0
66
2071
2055
2027
1987
2000
1982
1969
2000


1957
1967
1965
1955
1963
1933
1879
1904


1982
2065
2097
2059
2064
2059
2054
2018
19
9
8
1979
1947
1931
1914
1888
1863
1817
181
3

1763
1726
1657
1615
1485
1462
1436
1392

1
392
1319
1296
1334
1291
1306
1330
1343
1
3
93
1387
1420
1422
1415
1445
1450
1442
1429


1441
1419
1420
1604
1535
1562
1535
1534


1555
1584
1600
1605
1648
1664
1646
1649
16
5
1
1674
1690
1708
1690
1688
1690
1712
174
0

1738
1775
1713
1664
1651
1660
1648
1647

1
613
1610
1627
1680
1653
1691
1756
1760
1
7
80
1820
1855
1921
1972
2014
2053
2059
2082


2155
2160
2222
2220
2217
2214
2226
2266


2256
2256
2206
2224
2221
2219
2227
2224
2
1
92
2180
2205
2216
2254
2259
2283
2278
227
0

2222
1980
1968
1930
1931
1911
1898
1903


1905
1911
1904
1887
1875
1877
1872
1870
1
8
73
1872
1904
1973
2032
2037
2065
2067
206
8

2112
2058
2023
1997
1971
1939
1918
1895


1867
1859
1837
1790
1744
1665
1593
1518
14
2
4
1374
1365
1355
1364
1391
1377
1392
138
9

1426
1458
1488
1488
1490
1488
1493
1515

1
520
1527
1492
1503
1492
1505
1495
1475
1
4
57
1487
1520
1515
1489
1521
1504
1522
1508


1759
1754
1719
1776
1729
1756
1790
1824


1850
1863
1852
1842
1840
1813
1799
1731
17
1
2
1712
1698
1741
1778
1815
1854
1867
191
5

1926
1956
1954
2034
2109
2148
2187
2214

2
186
2161
2192
2211
2277
2303
2327
2336
2
3
68
2350
2373
2398
2385
2375
2381
2349
2322


2333
2320
2322
2311
2261
2261
2273
2294


2313
2317
2338
2292
2297
2315
2327
2336
23
4
1
2335
2320
2308
2334
2330
2256
1970
191
5

1902
1886
1872
1951
1997
2069
2128
2138

2
129
2129
2112
2092
2070
2019
1960
1933
1
8
73
1835
1820
1821
1791
1739
1659
1584
1520


1472
1424
1334
1302
1307
1338
1318
1316


1280
1318
1315
1343
1360
1392
1418
1411
14
5
1
1458
1474
1456
1457
1418
1440
1449
145
6

1421
1445
1439
1440
1479
1491
1475
1482

1
505
1531
1535
1497
1478
1473
1495
1518
1
5
35
1513
1527
1570
1606
1605
1807
1763
1693


1658
1659
1645
1648
1710
1678
1717
1741


1753
1775
1821
1838
1853
1891
1960
2032
20
6
9
2074
2087
2098
2128
2176
2199
2239
223
9

2270
2285
2308
2290
2311
2333
2311
2287

2
286
2266
2253
2243
2251
2282
2224
2238
2
2
49
2255
2255
2245
2226
2219
2231
2226
2252


2239
2224
2240
2247
2251
2287
2285
2267


2277
2284
2267
2270
2192
2175
2160
2141
21
3
9
2120
2073
2064
2034
2000
1963
1933
190
3

1863
1855
1815
1827
1785
1729
1632
1535

1
495
1462
1410
1370
1324
1331
1347
1353
1
3
95
1343
1369
1397
1377
1376
1382
1391
1426


1463
1486
1513
1483
1473
1535
1589
1594


1584
1535
1484
1463
1463
1485
1488
1484
1
4
95
1517
1521
1519
1522
1488
1501
1555
156
4

1586
1535
1535
1582
1600
1661
1678
1673


1697
1705
1738
1744
1740
1744
1756
1763

1
774
1744
1737
1769
1712
1754
1789
1846
188
5

1920
1983
2042
2082
2115
2176
2139
2165


2215
2262
2281
2305
2301
2334
2344
2368
2
3
45
2319
2320
2349
2320
2366
2354
2309
2289


2272
2267
2285
2310
2256
2261
2249
2249


2268
2278
2259
2297
2295
2277
2292
2225
22
5
5
2230
2270
2256
2224
2225
2206
2192
219
2

2166
2119
2086
2099
2090
2096
2102
2096

2
083
2087
2076
2092
2122
2054
2042
2061
2
0
77
1744
1650
1535
1451
1372
1335
1283
1277


1305
1282
1272
1295
1326
1326
1349
1328


1350
1402
1425
1453
1431
1445
1454
1478
14
9
2
1501
1469
1456
1425
1419
1405
1457
147
5

1505
1489
1499
1469
1483
1461
1485
1504

1
500
1499
1489
1474
1474
1535
1584
1663
1
6
13
1641
1661
1680
1722
1744
1726
1725
1724


1741
1744
1731
1731
1744
1731
1726
1755


1773
1765
1790
1813
1826
1827
1789
2083
20
5
9
2047
2096
2128
2219
2163
2181
2234
226
1

2288
2288
2275
2247
2251
2273
2290
2305

2
309
2314
2340
2300
2295
2309
2310
2317
2
3
20
2334
2363
2299
2303
2297
2309
2310
2335


2341
2320
2301
2257
2291
2256
2253
2258


2214
2205
2158
2127
2129
2111
2097
2079
20
7
4
2054
2077
2068
2079
2079
2075
2075
206
4

2086
2097
2079
2014
2034
2031
2026
2021

2
020
1970
1964
1967
1972
1278
1232
1175
1
1
70
1229
1255
1296
1306
1358
1367
1381
1380


1371
1353
1378
1407
1417
1426
1393
1377


1331
1370
1407
1396
1392
1350
1328
1347
13
7
2
1403
1379
1354
1345
1372
1403
1412
142
9

1438
1486
1527
1535
1567
1606
1557
1603

1
629
1625
1625
1614
1599
1599
1619
1635
1
6
69
1645
1670
1695
1730
1713
1709
1728
1756


1810
1845
1825
1821
1806
1839
1869
1922


1910
1818
1733
2288
2226
2251
2228
2251
22
5
6
2209
2224
2224
2210
2227
2223
2235
225
6

2269
2266
2281
2265
2229
2256
2273
2275

2
279
2225
2247
2258
2233
2243
2261
2256
2
2
56
2230
2209
2203
2172
2160
2165
2128
2128


2114
2115
2096
2086
2080
2064
2086
2081


2085
2073
2064
2038
2038
2001
1977
1984
19
7
5
1979
1971
1968
1969
1968
1952
1971
196
8

2066
2121
2162
2167
2118
2085
2085
2061

2
064
2046
1363
1360
1337
1367
1385
1378
1
3
63
1379
1347
1401
1387
1419
1425
1382
1437


1425
1415
1453
1470
1454
1456
1450
1466


1442
1459
1521
1569
1585
1595
1632
1653

1
653
1699
1762
1766
1764
1711
1728
1739
1779


1773
1774
1751
1766
1781
1821
1847
1851


1872
1859
1863
1875
1904
1920
1921
1954
1
9
51
1984
1977
1948
1898
1849
1846
1818
178
9

1762
1775
1813
1854
1885
1835
1872
1918


2288
2227
2218
2247
2259
2245
2267
2256
2
2
65
2263
2275
2267
2270
2267
2297
2293
228
6

2281
2273
2267
2245
2230
2219
2162
2138


2116
2115
2046
2032
2042
2059
2055
2064
2
0
78
2064
2066
2101
2064
2077
2064
2046
2070


2016
2018
2027
2011
2007
1979
1957
1958


1879
1931
1927
1982
2024
2075
2102
2127
21
5
5
2131
2124
2067
2062
2064
2054
1985
19
3
5
1885
1852
1851
1820
1741
1616
1424
1359

1
295
1322
1343
1360
1421
1385
1396
1409
1
4
22
1456
1520
1515
1526
1527
1535
1610
1633


1641
1680
1696
1737
1751
1739
1773
1776


1779
1794
1838
1829
1862
1858
1883
1921
1
9
51
1968
1984
2034
2057
2160
2190
2256
233
7

2383
2454
2553
2667
2741
2748
2717
2717


2720
2763
2800
2832
2884
2947
2952
2952
2
9
77
2961
2955
2953
2953
2971
2960
2959
296
1

2943
2969
2972
2960
2963
0
0
0
0
0
0

0

0
0
56
208
219
336
1582
2646
2143

1
084
630
746
843
810
905
1069
1219
1599
23
1
3
2928
2675
2301
2383
2383
2497
2640
27
5
8
2644
2382
2271
2349
2245
1787
1331
1109


810
686
912
1159
1392
1104
763
749
678

7
06
752
774
797
852
1067
1323
1392
1184
93
3

800
690
656
725
767
836
912
1082
1221


1179
1096
1043
1072
1204
1417
1744
1885
19
3
2
1918
1920
1933
1918
1902
1935
1904
188
4

1932
1895
1857
1729
1616
1558
1467
1401

1
371
1316
1231
1171
1187
1166
1198
1215
1
2
31
1209
1983
1986
1975
2012
2001
1970
1952


1839
1731
1697
1679
1667
1645
1614
1621


1639
1618
1660
1710
1747
1820
1856
1905
19
6
8
2023
2034
2107
2121
2127
2128
2182
219
2

2198
2209
2240
2280
2246
2288
2328
2317

2
321
2320
2352
2368
2422
2443
2455
2460
2
4
55
2483
2510
2543
2551
2543
2530
2512
2491


2503
2515
2499
2531
2502
2452
2426
2418


2418
2464
2474
2437
2410
2363
2367
2407
23
9
5
2463
2487
2477
2486
2431
2461
2477
247
2

2453
2418
2383
2354
2331
2330
2355
2282

2
263
2159
2067
2032
2000
1941
1927
1889
1
8
90
1883
1903
1897
1902
1904
1921
1929
1914


1964
1997
2015
2019
2015
1998
1991
2017


2003
2014
2026
1997
1965
1993
2000
2019
19
8
7
2001
1991
1975
1954
1968
1942
1959
196
8

1974
1994
1982
1967
2003
2023
2047
2053

2
075
2086
2112
2115
2112
2143
2077
1936
1
8
77
1872
1898
1918
1961
1933
1963
2000
2001


2045
2090
2128
2176
2220
2241
2263
2265


2262
2315
2293
2319
2354
2351
2343
2368
23
8
4
2368
2382
2346
2346
2338
2316
2303
229
4

2259
2270
2269
2267
2266
2219
2213
2239

2
246
2231
2222
2194
2215
2215
2225
2223
2
2
28
2213
2234
2239
2220
2202
2192
2146
2126


2128
2092
2070
1983
2006
1979
1968
1985


1985
1970
1941
1947
1936
1936
1653
1585
15
0
6
1471
1467
1456
1362
1255
1202
1179
113
0

1107
1065
1067
1056
1088
1117
1148
1200

1
162
1168
1205
1229
1230
1223
1213
1248
1
2
85
1296
1299
1296
1275
1287
1299
1311
1323


1286
1277
1306
1328
1305
1333
1293
1310

1
296
1322
1312
1299
1295
1312
1358
1392
141
8

1378
1410
1473
1509
1520
1535
1567
1535


1526
1522
1514
1516
1506
1531
1535
1535

1
563
1584
1600
1619
1824
1809
1856
1893
19
3
6
1964
2010
1999
2037
2111
2116
2158
2198


2224
2224
2226
2194
2189
2206
2215
2227

2
216
2187
2192
2208
2192
2175
2182
2170
21
6
9
2179
2189
2188
2153
2199
2202
2186
2161


2154
2144
2133
2150
2167
2188
2130
2125

2
129
2094
2045
2011
1988
1993
1985
2001
1
9
87
1984
1939
1981
1984
1986
1975
1971
196
1

1953
1966
1959
1986
1907
1927
1942
1936

1
943
1931
1907
1282
1230
1198
1219
1222
1
2
64
1261
1278
1280
1326
1365
1415
1371
1393


1395
1406
1413
1445
1424
1434
1447
1415


1488
1456
1490
1495
1509
1513
1495
1491
14
9
5
1523
1522
1531
1516
1501
1520
1535
156
8

1580
1591
1593
1611
1659
1680
1758
1702

1
712
1723
1715
1719
1712
1718
1742
1763
1
7
91
1797
1791
1790
1831
1844
1867
1852
1840


1860
1840
1889
1909
1930
1920
1963
1966


1999
2349
2323
2371
2320
2336
2335
2304
23
1
3
2310
2298
2304
2305
2306
2323
2304
229
5

2311
2323
2329
2314
2315
2320
2323
2331

2
313
2320
2311
2342
2352
2339
2332
2310
229
9

2317
2327
2271
2273
2169
2154
2150
2137


2128
2127
2080
2064
2084
2096
2097
2068
2
0
94
2093
2077
2055
2033
2012
1998
1968
19
6
8
2001
1997
1937
1955
1934
1937
1945
1935


2015
2062
2081
2084
2130
2096
2100
1407

1
392
1392
1421
1414
1423
1382
1428
1445
143
1

1431
1429
1419
1451
1493
1473
1501
1455


1491
1511
1532
1519
1526
1510
1513
1535
1
5
30
1556
1518
1562
1555
1584
1616
1637
16
7
0
1714
1722
1739
1747
1759
1742
1760
1757


1775
1751
1747
1745
1775
1805
1824
1834

1
814
1796
1791
1827
1839
1867
1855
1853
18
5
6
1882
1898
1898
1853
1839
1792
1749
1738


1698
1710
1755
1793
1807
1839
2370
2320
2
2
88
2295
2320
2289
2325
2283
2288
2311
22
7
5
2279
2279
2263
2269
2276
2288
2299
2241


2274
2298
2276
2269
2238
2195
2165
2148

2
143
2111
2141
2102
2108
2101
2083
2077
209
3

2083
2101
2110
2118
2112
2079
2077
2057


2047
2041
2061
2023
2033
2009
2027
2032
1
9
97
1968
1997
2085
2129
2180
2190
2169
21
5
8
2140
2125
2140
2087
2076
2039
2010
1965


1911
1861
1840
1841
1781
1392
1366
1360

1
379
1352
1360
1344
1358
1390
1364
1380
13
8
3
1395
1405
1411
1418
1421
1461
1499
1535


1492
1535
1569
1621
1616
1636
1635
1658
1
6
48
1667
1671
1648
1631
1673
1695
1691
17
2
2
1711
1763
1787
1789
1811
1823
1770
1811


1826
1841
1840
1840
1822
1840
1776
1727

1
703
1645
1650
1670
1680
1680
1715
1715
173
9

1765
1805
1830
1839
1847
1930
1969
2023


2064
2063
2057
2027
2022
2030
2015
2038

2
075
2074
2112
2130
2115
2185
2118
2128
21
1
2
2099
2080
2025
2031
2045
2039
2011
2002


2027
2075
2082
2069
2075
2069
2079
2089

2
080
2099
2074
2064
2003
1995
1982
1980
19
7
4
1955
1934
1904
1875
1903
2025
2028
2061


2045
2016
2014
2000
1984
1967
1941
1919


1870
1856
1786
1773
1720
1715
1681
1611
15
1
0
1456
1426
1375
1373
1279
1271
1273
1319


1302
1388
1344
1296
1296
1298
1305
1334

1
361
1360
1405
1456
1485
1522
1602
1562
158
5

1623
1625
1641
1616
1623
1621
1625
1648


1707
1646
1700
1747
1753
1774
1793
1795
1
8
11
1808
1819
1863
1889
1901
1911
1915
19
3
4
1871
1803
1771
1781
1793
1792
1817
1761


1807
1835
1831
1891
1935
1920
1968
1983

2
047
2108
2123
2166
2205
2232
2251
2281
229
5

2289
2339
2369
2371
2417
2406
2430
2434


2282
2255
2223
2208
2141
2127
2127
2099

2
105
2077
2055
2087
2090
2115
2138
2107
209
6

2096
2143
2137
2114
2096
2055
2056
2032


2003
2025
1991
2003
1982
2005
1987
1995
2
0
89
2160
2163
2172
2186
2102
2096
2082
20
7
4
2078
2013
1969
1958
1909
1855
1840
1821


1776
1706
1631
1520
1451
1395
1386
1363

1
361
1342
1352
1331
1359
1387
1389
1387
141
3

1430
1425
1431
1443
1438
1423
1597
1563


1535
1563
1584
1599
1611
1638
1667
1645
1
6
97
1682
1670
1685
1728
1731
1747
1825
17
4
7
1763
1772
1777
1818
1834
1808
1818
1849


1854
1904
1878
1807
1752
1689
1709
1712

1
700
1680
1700
1754
1771
1830
1842
1889
19
1
8
1936
1973
2042
2096
2128
2165
2189
222
4

2209
2251
2304
2322
2327
2333
2332
2363

2
355
2370
2350
2315
2314
2331
2336
2314
2
3
22
2304
2284
2317
2321
2320
2073
2030
2019


1990
2021
2035
2025
2059
2017
2003
2047


2026
2036
1997
1984
1975
1974
1966
1935
19
4
3
1893
1946
2033
2093
2119
2116
2110
209
7

2101
2099
2113
2039
2015
1984
1963
1941

1
904
1886
1862
1822
1714
1631
1488
1473
1
4
30
1424
1379
1342
1302
1298
1325
1328
1355


1415
1402
1462
1474
1475
1470
1456
1449


1473
1527
1535
1557
1504
1519
1520
1513
15
2
0
1517
1509
1516
1645
1613
1593
1622
166
3

1665
1693
1695
1678
1709
1723
1698
1746

1
775
1790
1803
1834
1814
1855
1831
1771
1
7
91
1730
1747
1744
1745
1772
1829
1809
1815


1874
1915
1936
1921
1938
2018
2103
2128


2150
2175
2201
2194
2242
2278
2253
2248
22
8
2
2294
2317
2313
2310
2287
2305
2309
232
0

2334
2288
2304
2293
2311
2287
2288
2278

2
298
2305
2309
2281
2255
2221
2221
2224
2
2
37
2251
2263
1961
1877
1869
1867
1861
1840


1827
1843
1846
1851
1881
1979
2009
2062


2074
2067
2067
2066
2047
2037
2013
1999
19
5
9
1950
1904
1901
1902
1875
1840
1786
165
5

1578
1535
1510
1520
1403
1355
1311
1296

1
299
1311
1334
1360
1375
1406
1422
1433
1
4
42
1456
1457
1451
1433
1453
1439
1423
1435


1436
1475
1401
1424
1419
1423
1443
1450


1437
1467
1445
1470
1486
1439
1459
1486
14
9
5
1737
1701
1693
1684
1677
1716
1735
177
3

1715
1659
1637
1650
1658
1633
1686
1648

1
713
1766
1814
1890
1925
1954
1969
2029
2
0
64
2147
2134
2145
2181
2203
2223
2249
2277


2295
2325
2378
2402
2429
2385
2381
2371


2370
2362
2361
2326
2310
2317
2307
2341
22
9
7
2304
2279
2281
2283
2288
2269
2279
227
3

2274
2266
2271
2269
2275
2256
2249
2256
2
2
39
2239
2215
2219
2176
2197
2150
1890
19
3
6
1983
2003
2033
2083
2007
2006
2025
2025


2035
2006
1964
1964
1901
1857
1840
1789

1
790
1757
1671
1591
1521
1458
1402
1393
135
9

1343
1354
1327
1371
1378
1397
1398
1391


1405
1429
1441
1488
1495
1424
1424
1434
1
4
59
1470
1462
1456
1445
1458
1472
1494
15
0
4
1466
1473
1494
1498
1506
1476
1440
1436


1456
1482
1518
1460
1515
1584
1606
1638

1
652
1652
1680
1693
1744
1738
1666
1623
160
2

1631
1663
1734
1739
1765
1778
1822
1845


1872
1879
1936
1978
2055
2090
2134
2196
2
1
71
2192
2240
2254
2269
2275
2291
2322
235
2

2325
2314
2286
2261
2283
2274
2256
2242


2221
2226
2231
2240
2256
2268
2213
2221
2
2
13
2202
2224
2225
2199
2210
2231
2215
22
1
5
2171
2174
2183
2171
2182
2176
2118
2082


2065
2045
2033
2027
2005
2010
2025
1996

2
006
1994
1975
2010
1811
1737
1689
1687
166
3

1599
1616
1607
1530
1465
1349
1327
1279


1250
1208
1217
1219
1239
1254
1295
1307
1
3
17
1329
1355
1407
1373
1392
1441
1455
14
7
7
1477
1471
1501
1447
1480
1477
1447
1447


1421
1385
1407
1430
1446
1471
1409
1427

1
449
1459
1523
1490
1472
1467
1476
1518
153
5

1590
1535
1599
1648
1650
1669
1677
1687


1678
1708
1710
1742
1687
1686
1699
1709

1
708
1731
1755
1933
1919
1954
2016
2096
2
1
17
2133
2177
2195
2246
2263
2288
2311
2345


2358
2362
2351
2354
2369
2368
2377
2384


2387
2333
2349
2372
2370
2335
2338
2323
23
1
5
2329
2353
2320
2306
2303
2285
2278
230
3

2306
2290
2270
2286
2298
2284
2345
2261

2
256
2237
2199
2160
2129
2107
2091
2102
2
0
96
2099
2094
2061
2066
2063
2056
2081
2065


2060
2057
2043
2017
2011
1987
2005
2005
2
0
02
2213
2181
2174
2189
2257
2330
2465
27
3
6
2922
2967
2964
2961
2955
2960
2960
2973


2970
2956
2967
2965
2974
2965
2960
2967

2
970
2963
2960
2957
2063
626
1589
2960
2960


2960
2960
2954
2975
2956
1963
192
0
0

0

1505
2763
1077
0
0
0
0
0
0
0
0
0
0

1
650
841
367
0
0
0
0
0
0
0
0
419
1353


198
0
0
0
0
0
0
48
1365
2967
2975
2965


2838
2027
443
0
0
0
912
1775
2333
2826


2370
862
0
0
0
0
0
609
1685
2071
2149

1
984
1265
187
0
0
39
242
970
1801
2064

1
968
1891
1663
1137
816
1008
1566
2019
2481


2948
2960
2952
2947
2942
2908
2822
2873


2958
2966
2963
2974
2961
2960
2963
2962
29
5
0
2958
2935
2961
2957
2960
2935
2928
282
9

2547
2318
2259
2301
2277
2229
2261
2327

2
315
2322
2391
2438
2414
2322
2224
2064
1
9
29
1774
1712
1659
1595
1565
1522
1515
13
9
5
1396
1440
1463
1469
1470
1488
1488
1454


1457
1505
1491
1481
1479
1486
1431
1367

1
328
1335
1360
1408
1414
1460
1424
1408
143
9

1481
1527
1580
1611
1673
1683
1682
1703

1
738
1815
1890
1915
1892
1862
1846
1856
1
8
87
1900
1932
1923
1901
1936
1889
1895
1906


1937
1968
2003
2035
2029
2194
2204
2247


2298
2330
2382
2399
2463
2439
2479
2531
25
3
8
2582
2625
2651
2662
2686
2705
2710
270
7

2715
2707
2693
2657
2655
2633
2633
2635


2662
2651
2667
2608
2625
2640
2637
2681
2
6
67
2656
2667
2654
2680
2729
2691
2690
270
6

2704
2690
2654
2615
2595
2549
2527
2529


2529
2481
2478
2477
2448
2454
2438
2387
2
4
13
2405
2401
2430
2336
2327
2331
2326
231
4

2327
2288
2254
2233
1491
1392
1327
1303


1303
1312
1315
1344
1347
1353
1373
1399
1
4
36
1480
1459
1477
1483
1491
1498
1519
15
3
5
1473
1469
1424
1411
1396
1419
1421
1447


1405
1371
1360
1353
1392
1425
1433
1421

1
411
1395
1391
1407
1457
1476
1522
1485
151
4

1527
1535
1572
1580
1578
1571
1535
1569


1574
1532
1535
1535
1535
1601
1601
1581

1
586
1597
1623
1606
1663
1610
1607
1625
163
8

1641
1659
2137
2043
2034
2046
2070
2085


2096
2080
2112
2101
2099
2109
2128
2133
2
1
18
2113
2101
2112
2097
2108
2111
2102
20
6
4
2043
2034
2055
2092
2075
2113
2125
2125


2125
2150
2129
2145
2060
2094
2035
2011

1
968
1957
1937
1950
1959
1968
1974
1943
195
5

1989
1983
1959
1945
1918
1925
1904
1924


1930
1927
1904
1887
1903
1891
1878
1867
1
8
56
1840
1842
1904
1985
1980
2029
2031
20
1
4
2000
1255
1259
1281
1273
1287
1310
1303


1314
1331
1334
1375
1397
1383
1386
1354

1
339
1374
1386
1397
1394
1375
1403
1413
144
1

1449
1430
1419
1418
1426
1408
1439
1467

1
491
1523
1607
1611
1630
1622
1648
1668
1
6
68
1690
1680
1629
1621
1639
1680
1715
1677


1698
1717
1744
1786
1780
1777
1786
1791


1797
1793
1813
1815
1808
1844
1829
1755
17
2
3
1697
1689
1712
1678
1712
1671
1744
222
4

2166
2173
2179
2219
2197
2226
2253
2256

2
254
2243
2224
2238
2209
2241
2242
2258
2
2
27
2273
2267
2258
2272
2274
2260
2274
2231


2192
2191
2135
2110
2112
2096
2082
2085


2078
2097
2101
2106
2109
2047
2096
2079
20
8
0
2029
2016
1973
1987
1979
2018
2010
199
4

1952
1962
1947
1935
1933
1942
2003
2071


2122
2134
2148
2074
2092
2101
2097
2018
1
9
75
1934
1897
1862
1808
1798
1456
1383
1353


1347
1375
1359
1385
1454
1424
1463
1446


1456
1467
1487
1489
1482
1499
1513
1535
15
3
0
1585
1621
1660
1685
1719
1727
1739
175
8

1776
1792
1780
1774
1750
1761
1791
1799

1
827
1847
1831
1813
1803
1821
1797
1796
1
8
02
1807
1798
1827
1838
1864
1891
1904
1921


1870
1804
1773
1783
1771
1759
1746
1766


1788
1843
1844
1863
1879
1919
1981
2003
2
0
44
2099
2106
2143
2161
2269
2214
2214
221
8

2195
2221
2234
2252
2293
2259
2284
2266


2236
2257
2241
2241
2221
2193
2176
2165
2
1
59
2132
2177
2185
2153
2151
2129
2128
2167


2185
2160
2144
2068
2055
2069
2079
2096


2042
2069
2003
1975
1951
1958
1927
1938
19
5
9
2027
2058
2071
2087
2080
2070
2114
211
0

2096
2000
1994
1994
1982
1931
1887
1838

1
805
1781
1773
1707
1610
1535
1499
1455
1
4
44
1457
1453
1423
1357
1355
1335
1328
1328


1360
1382
1426
1482
1525
1584
1535
1637


1650
1699
1717
1727
1717
1722
1713
1750
17
7
7
1776
1774
1821
1795
1776
1813
1805
182
3

1852
1888
1895
1921
1874
1895
1895
1895


1919
1947
1952
1939
1865
1803
1794
1737
1
7
23
1738
1774
1767
1800
1810
1849
1865
1916


1951
1983
1983
2032
2069
2103
2112
2159


2161
2231
2249
2255
2318
2289
2331
2351
23
6
8
2183
2143
2137
2087
2081
2080
2091
202
3

2011
1993
2000
1993
1990
2000
1994
1980

2
007
2015
2032
2063
2045
2021
1994
1983
1
9
68
1993
1942
1963
1942
1913
1893
1886
1864


1874
1854
1895
1989
1985
2041
2058
2043


2034
2017
1970
1920
1901
1878
1866
1853
17
6
7
1757
1727
1712
1671
1623
1517
1435
138
6

1301
1274
1232
1250
1258
1265
1265
1263

1
259
1265
1279
1322
1328
1319
1344
1383
1
4
83
1494
1532
1524
1535
1535
1535
1527
157
0

1553
1576
1535
1570
1599
1635
1697
1664

1
714
1719
1717
1738
1737
1729
1698
1729
1
7
44
1741
1723
1712
1744
1798
1808
1723
1647


1627
1627
1616
1651
1690
1650
1710
1712


1701
1729
1777
1810
1866
1938
1968
2011
20
3
5
2063
2096
2153
2142
2162
2171
2185
222
6

2261
2303
2307
2289
2303
2270
2263
2272

2
270
2269
2256
2249
2260
2282
2004
1965
1
9
39
1937
1968
2013
2058
2025
2015
2002
2009


1999
2039
2021
2035
2031
2045
2064
2023


2025
2047
2063
2061
2054
2106
2205
2288
22
8
6
2277
2288
2198
2197
2218
2203
2171
213
5

2099
2075
2005
1979
1948
1867
1836
1761


1658
1595
1518
1440
1409
1378
1374
1345

1
366
1367
1366
1407
1453
1441
1463
1507
148
8

1488
1482
1508
1443
1493
1477
1488
1506


1494
1447
1460
1438
1450
1587
1535
1565
1
5
67
1600
1610
1648
1666
1680
1671
1702
16
9
4
1726
1733
1758
1754
1766
1786
1773
1850


1757
1707
1695
1661
1645
1665
1653
1697

1
724
1765
1787
1808
1859
1909
1964
1990
201
3

2032
2099
2139
2174
2192
2235
2213
2235


2275
2301
2350
2361
2367
2371
2373
2365
2
4
14
2386
2390
2384
2357
2331
2297
2289
22
8
7
2305
2325
2354
2353
2319
2319
2331
2322


2304
2291
2320
2304
2067
2003
1989
1966
19
7
3
1956
1921
1921
1936
1968
1918
1936
200
0

2057
2107
2123
2125
2127
2128
2117
2113


2087
2022
2002
1970
1936
1883
1879
1869
1
8
40
1787
1695
1635
1531
1533
1500
1429
13
9
7
1361
1335
1355
1375
1414
1468
1431
1451


1486
1511
1531
1535
1535
1571
1579
1587

1
583
1570
1535
1565
1566
1535
1530
1535
153
5

1520
1575
1566
1601
1535
1535
1530
1522

1
521
1531
1796
1729
1741
1716
1719
1763
1
7
90
1805
1839
1747
1712
1662
1681
1647
1663


1680
1712
1765
1797
1808
1842
1881
1904


1938
1919
1953
2018
2035
2083
2098
2107
21
4
5
2165
2217
2266
2242
2239
2279
2295
229
5

2288
2285
2259
2269
2287
2275
2285
2239


2268
2263
2263
2266
2268
2231
2229
2227
2
2
15
2225
2195
2194
2210
2207
2221
2235
22
2
2
2206
2223
2227
2222
2202
2181
2151
2108


2090
1855
1861
1919
1915
1969
1978
1997

1
990
1957
1942
1929
1916
1896
1905
1826
179
0

1772
1747
1734
1721
1620
1519
1452
1411

1
388
1332
1307
1286
1283
1305
1339
1350
1
3
41
1364
1386
1413
1479
1424
1442
1458
1474


1482
1488
1493
1474
1461
1472
1456
1470


1438
1472
1495
1488
1490
1481
1479
1457
14
5
4
1461
1506
1470
1481
1483
1481
1507
152
0

1535
1599
1619
1633
1652
1645
1645
1689


1641
1615
1601
1629
1640
1667
1693
1736
17
7
5
1818
1882
1904
1931
1968
2029
2107
210
5

2160
2157
2187
2195
2227
2221
2254
2306

2
313
2357
2330
2334
2365
2361
2370
2350
2
3
20
2320
2305
2315
2308
2322
2294
2315
230
8

2310
2287
2289
2283
2291
2346
2352
2373


2329
2327
2341
2335
2364
2330
2318
2292
2
2
65
2256
2240
2192
2160
2119
2130
2097
209
6

2097
2090
2112
2106
2112
2019
1967
1918


1888
1824
1797
1777
1776
1702
1680
1609

1
530
1456
1379
1299
1255
1271
1285
1281
129
8

1277
1312
1315
1311
1349
1375
1420
1393


1397
1413
1423
1410
1434
1433
1422
1393

1
396
1383
1390
1392
1427
1452
1407
1441
143
1

1459
1445
1423
1423
1424
1424
1429
1441


1472
1488
1523
1520
1530
1533
1535
1574
1
6
13
1683
1701
1724
1669
1665
1680
1706
17
1
7
1715
1735
1716
1714
1849
1824
1840
1885


1951
2007
2045
2070
2091
2122
2135
2170

2
223
2282
2299
2306
2307
2330
2345
2340
236
9

2325
2315
2335
2329
2323
2329
2304
2289


2310
2314
2313
2305
2313
2320
2304
2299
2
3
09
2305
2291
2317
2320
2342
2370
2357
23
8
4
2367
2330
2317
2303
2279
2255
2225
2226


2219
2167
2166
2175
2182
2189
2184
2162
21
8
5
2201
2207
2205
2202
2174
2190
2157
212
8

2127
2131
1709
1562
1479
1421
1359
1331

1
328
1335
1353
1381
1401
1439
1420
1419
1
4
39
1463
1428
1458
1455
1462
1453
1487
1490


1467
1483
1457
1487
1499
1488
1488
1517


1520
1559
1525
1555
1469
1453
1435
1431
14
1
5
1433
1449
1481
1535
1614
1661
1682
176
0

1903
2032
2139
2288
2477
2654
2766
2867

2
897
2928
2951
2960
2960
2960
2967
2963
2
9
75
2971
2992
2947
2960
2971
2971
2957
2974


2970
0
0
0
395
2963
2961
2971
2959
296
6

2953
2970
2960
2963
2960
2973
2975
2964

2
963
2971
2967
2973
2963
2960
2963
2973
2
9
60
2960
2965
2962
2960
2951
2966
2970
2964


2957
2966
2958
2766
1431
235
0
0
0
0

0

0
0
0
0
0
0
0
0
0
0
0
0
0
0
0
0

0

0
0
0
0
687
2169
2672
2925
2955
2967


2977
2953
2963
2979
2967
2960
2971
2961
29
7
5
2962
2973
2960
2917
2810
2762
2391
184
2

1607
1584
1254
635
130
0
0
0
0
0
0
0


0
0
0
0
0
0
0
0
0
0
0
323
790
1092


1211
1381
1632
1843
1991
2320
2640
2831
28
9
5
2944
2944
2919
2915
2926
2943
2947
295
9

2960
2951
2928
2908
2877
2768
2559
2361


2238
2109
1936
1781
1707
1498
1319
1193
1
1
07
1007
949
990
1082
1094
1102
1181
1218

1
249
1286
1391
1449
1535
1559
1749
1909
2
0
11
2674
2653
2611
2549
2508
2448
2421
2370


2330
2263
2221
2171
2140
2130
2121
2064


2069
2096
2137
2157
2194
2220
2256
2320
23
8
4
2455
2423
2475
2518
2538
2557
2550
255
7

2559
2559
2544
2534
2508
2485
2499
2503

2
494
2471
2453
2451
2486
2512
2516
2545
2
4
99
2495
2482
2445
2389
2355
2320
2288
2263


2230
2199
2158
2138
2155
2137
2144
2114


2167
2237
2307
2359
2354
2333
2311
1875
18
6
5
1854
1869
1862
1866
1840
1881
1895
187
5

1861
1835
1817
1821
1840
1849
1887
1869

1
857
1881
1913
1919
1914
1889
1898
1866
1
8
77
1871
1868
1887
1953
1998
2063
2086
2098


2082
2076
2128
2164
2193
2138
2147
2140


2117
2117
2149
2173
2183
2231
2221
2209
21
7
5
2172
2192
2217
2223
2198
2183
2197
219
2

2198
2259
2270
2165
2117
2092
2057
2006

2
019
1975
2005
2078
2095
2141
2375
2352
2
3
52
2387
2362
2310
2297
2257
2304
2346
2343


2319
2256
2193
2173
2223
2331
2333
2323


2224
2206
2175
2193
2205
2210
2177
2127
20
6
4
2011
1968
1955
1975
2007
2019
1983
194
1

1897
1885
1921
1955
1984
1969
1907
1859

1
815
1813
1843
1869
1847
1786
1739
1696
17
1
2
1680
1725
1872
1939
1981
1961
1935
188
5

1919
1941
1929
1855
1751
1664
1590
1590

1
618
1636
1627
1527
1201
1184
1136
1073
1
0
60
1063
1090
1167
1226
1259
1201
1207
1245


1262
1264
1280
1264
1266
1307
1344
1361


1392
1392
1430
1434
1462
1502
1527
1503
14
9
0
1493
1489
1509
1493
1514
1561
1565
157
4

1535
1507
1498
1474
1521
1584
1569
1569

1
573
1567
1563
1615
1613
1600
1535
1504
1
4
88
1503
1475
1472
1499
1531
1589
1637
1655


1718
1769
1765
1793
1745
1807
1881
1968


2068
2102
2096
2070
2083
2093
2058
2011
19
8
4
1968
2018
2099
2147
2144
2102
2039
20
6
4
2098
2132
2128
2064
1989
1953
1968
2031


2032
2011
2001
1961
1957
1981
2027
2090

2
102
2064
2007
1938
1918
1930
1971
1967
193
5

1904
1826
1819
1811
1862
1986
2059
2047


2047
2020
1975
1998
2035
2034
2013
1952
1
8
91
1838
1757
1778
1797
1808
1773
1707
16
2
0
1566
1535
1591
1535
1481
1329
1286
1267


1434
1387
1371
1405
1385
1422
1461
1456

1
424
1438
1430
1485
1559
1629
1683
1697
169
6

1730
1776
1786
1855
1819
1758
1697
1668


1695
1780
1786
1833
1802
1753
1794
1852
1
9
17
1978
1968
1927
1909
1847
1895
1983
20
1
9
1950
1856
1741
1712
1687
1689
1724
1774


1813
1808
1806
1845
1883
1915
1984
1993

2
038
2047
2107
2094
2166
2214
2229
2257
227
0

2288
2335
2395
2458
2515
2499
2470
2192


2144
2106
2055
2021
2017
1983
2007
2070
2
0
67
2029
1967
1899
1861
1915
1937
2027
2002


2011
2032
2007
2032
2099
2096
2095
2032


1936
1903
1895
1994
2045
2026
1941
1841
18
9
1
2011
2126
2203
2240
2179
2083
2055
205
8

2087
2087
2091
2023
1897
1763
1731
1745

1
736
1755
1664
1535
1392
1299
1274
1318
1
3
59
1405
1360
1312
1238
1265
1298
1344
1409


1420
1409
1404
1383
1394
1483
1442
1476


1519
1595
1630
1635
1621
1577
1623
1707
17
6
3
1779
1741
1648
1637
1683
1733
1797
180
8

1796
1765
1739
1776
1827
1819
1824
1865


1890
1929
1940
1797
1729
1683
1670
1684
1
6
94
1703
1728
1732
1749
1795
1828
1927
19
8
1
2015
2015
1991
2016
2046
2096
2160
2183


2207
2163
2163
2186
2240
2273
2337
2363

2
414
2415
2412
2414
2382
2365
2369
2343
233
8

2340
2332
2331
2346
1969
1935
1916
1879

1
829
1853
1892
1969
1984
2000
1955
1951
1
9
37
1954
1979
1995
1969
1952
1951
1968
1993


1961
1985
2111
2128
2144
2139
2123
2151


2171
2167
2105
2021
1936
1959
1996
1952
1
9
08
1859
1778
1713
1667
1594
1605
1485
1407


1303
1232
1181
1216
1251
1282
1290
1294


1269
1226
1232
1296
1381
1399
1438
1450
14
3
8
1408
1458
1487
1535
1523
1498
1478
145
6

1477
1520
1681
1605
1597
1562
1535
1562

1
610
1666
1727
1743
1758
1749
1705
1745
1
7
95
1853
1861
1863
1851
1853
1801
1803
1830


1802
1755
1727
1729
1791
1840
1856
1845


1855
1888
1961
2016
1964
2045
2121
2126
21
4
2
2179
2209
2254
2272
2289
2303
2256
228
3

2295
2351
2377
2365
2325
2272
2246
2256

2
258
2317
2268
2268
2256
2258
2274
2292
2
3
20
2322
2331
2304
2334
2298
2320
2342
23
3
5
2354
1913
1871
1851
1819
1797
1799
1769

1
779
1807
1847
1868
1878
1947
2005
2005
2
0
42
2091
2070
2071
2043
1991
1964
1998
202
7

2047
1964
1856
1776
1731
1743
1750
1679


1569
1445
1397
1356
1375
1360
1381
1357
1
3
25
1307
1312
1320
1361
1408
1426
1472
138
1

1380
1385
1378
1410
1418
1423
1401
1363


1379
1390
1382
1403
1408
1372
1348
1335
1
3
47
1405
1431
1459
1475
1503
1483
1501
172
4

1713
1722
1739
1781
1730
1730
1757
1751


1723
1713
1687
1690
1687
1666
1658
1703
1
7
67
1829
1855
1897
1918
1968
2039
2092
21
6
3
2267
2305
2240
2230
2225
2251
2295
2322


2362
2358
2325
2346
2361
2371
2399
2428
24
1
6
2401
2387
2381
2415
2416
2419
2395
236
5

2303
2299
2283
2290
2269
2256
2224
2213

2
202
2222
2268
2201
2215
2218
2212
2209
2
2
26
2192
2201
2208
2190
2169
1972
1985
1999


2000
2000
2046
2037
2030
1986
1930
1914


1921
1895
1886
1841
1793
1733
1710
1711
16
1
3
1535
1466
1425
1393
1354
1316
1335
129
6

1328
1306
1290
1285
1328
1346
1362
1415

1
471
1462
1439
1425
1422
1464
1442
1472
1
4
78
1465
1445
1429
1430
1488
1479
1510
1511


1488
1482
1501
1520
1499
1507
1487
1459


1463
1491
1463
1504
1520
1535
1583
1605
1
6
17
1670
1671
1706
1742
1711
1684
1645
161
7

1588
1662
1680
1747
1802
1813
1817
1855

1
891
1944
1994
2038
2078
2129
2154
2196
2
2
13
2233
2288
2352
2380
2426
2449
2442
2432


2461
2462
2482
2435
2416
2418
2397
2384


2383
2375
2365
2367
2369
2337
2332
2333
23
1
1
2301
2283
2291
2271
2274
2283
2283
227
0

2288
2253
2238
2243
2224
2177
2163
2125


2099
2086
2069
2079
2032
2032
2027
2007
1
9
68
1970
1987
1957
1873
1862
1877
1845
180
5

1764
1702
1661
1584
1491
1431
1380
1343


1298
1269
1216
1200
1211
1249
1294
1310
1
3
45
1309
1329
1347
1359
1374
1389
1391
14
1
8
1441
1466
1473
1501
1507
1522
1523
1515

1
535
1531
1506
1499
1488
1482
1515
1478
1
4
83
1470
1467
1453
1457
1440
1492
1584
1603


1641
1621
1605
1625
1642
1650
1648
1643


1662
1661
1658
1659
1633
1618
1642
1687
1
7
07
1706
1861
1871
1827
1904
1968
2022
201
8

2067
2086
2112
2162
2221
2262
2283
2278


2284
2288
2299
2271
2237
2231
2243
2268
2
2
56
2259
2219
2245
2255
2279
2292
2267
227
9

2278
2309
2310
2381
2336
2368
2359
2351


2351
2346
2335
2353
2366
2362
2335
2282
2
2
41
2254
2238
2215
2190
2130
2114
2092
214
1

2107
2115
2074
2063
2075
2035
2027
2043

2
017
1962
1968
1947
1940
1900
1899
1914
1
4
89
1424
1380
1310
1264
1232
1249
1270
1289


1307
1315
1327
1357
1383
1414
1458
1415


1433
1413
1406
1443
1453
1472
1471
1415
14
5
0
1477
1441
1459
1447
1456
1453
1455
146
7

1502
1496
1519
1519
1530
1525
1535
1535

1
580
1573
1571
1594
1641
1699
1743
1790
1
7
43
1757
1742
1723
1707
1714
1711
1690
1695


1726
1744
1771
1776
1807
1821
1839
1821


1804
1809
1830
1862
1874
1882
1874
2257
21
8
3
2224
2242
2244
2286
2237
2271
2272
226
7

2253
2246
2239
2230
2258
2276
2283
2269


2256
2255
2259
2250
2240
2240
2246
2256
22
5
6
2233
2240
2225
2271
2298
2301
2294
228
5

2263
2268
2253
2256
2250
2179
2181
2195

2
192
2156
2131
2115
2114
2159
2160
2166
2
1
45
2090
2083
2087
2058
2035
2004
1973
1957


1981
1937
1931
1847
1851
1858
1891
1847


1909
1954
1989
2013
2007
1387
1339
1344
13
5
9
1348
1362
1392
1409
1414
1422
1408
140
5

1411
1417
1437
1454
1461
1457
1431
1425

1
361
1360
1396
1406
1403
1410
1381
1379
1
3
82
1398
1400
1403
1446
1481
1501
1517
1535


1594
1648
1699
1744
1723
1739
1712
1747


1750
1772
1776
1771
1766
1796
1853
1855
1
8
89
1815
1851
1901
1927
1936
1924
1941
1939


1969
1971
1957
1862
1821
1777
1749
1759


1758
1747
1722
1762
2322
2265
2285
2288
23
0
6
2288
2291
2305
2333
2372
2333
2350
235
2

2361
2368
2347
2320
2320
2342
2335
2343

2
305
2282
2263
2251
2256
2250
2255
2224
2
1
55
2147
2109
2077
2029
2018
2064
2094
2109


2108
2064
2035
2060
2042
2063
2014
2029


2016
2033
2053
2038
1986
1979
1959
1968
19
6
7
1978
1933
2035
2102
2139
2151
2159
209
6

2073
2063
2032
2009
1940
1971
1947
1907

1
874
1833
1439
1363
1388
1392
1414
1418
1
4
33
1470
1486
1455
1455
1454
1485
1472
1487


1499
1446
1455
1461
1515
1525
1535
1589


1617
1579
1625
1648
1658
1657
1679
1638
16
6
4
1661
1685
1667
1662
1651
1678
1727
172
7

1739
1741
1722
1742
1742
1780
1835
1822

1
855
1863
1873
1873
1891
1895
1810
1747
1
7
35
1767
1743
1747
1794
1827
1833
1853
1841


1902
1955
1969
1950
1935
1936
2026
2096


2250
2206
2136
2167
2133
2182
2169
2190
21
8
8
2213
2197
2226
2219
2224
2230
2214
219
7

2214
2176
2128
2101
2055
2033
2041
2036

2
016
2032
2027
2047
2035
2037
2002
1981
1
9
94
2019
1997
1983
1991
1904
1908
1927
190
5

1877
1873
1842
1835
1859
1950
2058
2096


2077
2080
2053
2019
2001
1967
1922
1895
18
7
2
1841
1872
1803
1774
1743
1728
1694
162
6

1503
1447
1383
1331
1333
1287
1266
1486

1
425
1394
1377
1382
1378
1379
1423
1421
1
4
67
1520
1535
1588
1627
1650
1634
1698
1658


1680
1690
1674
1683
1683
1682
1712
1717


1730
1759
1749
1760
1797
1810
1837
1847
1
8
39
1878
1869
1887
1889
1915
1870
1898
192
2

1864
1801
1787
1744
1776
1808
1830
1873


1874
1918
1942
2002
2023
2058
2065
2069
2
1
02
2178
2247
2299
2334
2368
2367
2407
244
2

2452
2463
2469
2490
2512
2926
2909
2923


2923
2935
2959
2971
2951
2953
2957
2965
29
6
0
2964
2960
2950
2962
2966
2962
2967
296
1

2966
2961
2957
2963
2960
2960
2929
2559

2
636
2962
2999
2974
2976
2970
2975
2959
2
9
77
2892
1747
0
0
0
0
0
0
0
0
0
0
0
0


0
0
0
0
0
0
0
0
0
0
0
0
0
0
0
23
3

385
138
276
0
0
0
462
1363
2315
2819
2
8
83
2970
2960
2970
2951
2963
2965
2969
29
7
3
2953
2381
1367
323
0
100
1253
2951
2958


2158
1285
801
0
0
0
0
0
159
1248
2160


1885
860
0
0
0
0
0
19
167
614
1200
131
0

1007
796
629
413
631
1647
2641
2906
29
0
8
2919
2809
2539
2417
2494
2389
2192
2361


2742
2835
2752
2613
2413
1982
1690
1776
1
8
76
1831
1743
1892
1995
1921
1841
1870
16
9
1
1499
1531
1742
1847
1878
2002
2135
2101


2047
2804
2770
2683
2555
2527
2463
2358

2
303
2315
2257
2177
2154
2167
2169
2068
206
4

2115
2082
2064
2035
2001
1950
1934
1951


1968
1895
1857
1840
1813
1789
1807
1814
1
8
47
1827
1876
1941
1999
1950
2046
2130
22
1
3
2224
2254
2261
2240
2224
2219
2230
2154


2099
2047
2000
1947
1927
1915
1851
1826

1
708
1627
1530
1449
1395
1365
1344
1328
134
7

1344
1357
1359
1330
1361
1323
1343
1554


1535
1535
1589
1646
1641
1653
1703
1723

1
746
1739
1754
1734
1727
1749
1794
1813
178
2

1802
1817
1817
1840
1840
1833
1855
1859


1860
1903
1891
1893
1937
1968
2000
2011
2
0
47
2009
1943
1931
1918
1908
1882
1891
19
4
5
1983
2035
2038
2090
2161
2222
2229
2319


2257
2337
2423
2461
2486
2528
2514
2543

2
559
2602
2637
2624
2647
2662
2650
2655
265
3

2637
2640
2650
2637
2640
2442
2349
2316


2266
2243
2229
2199
2217
2181
2191
2208
2
2
31
2224
2222
2214
2208
2193
2191
2190
21
3
1
2127
2151
2122
2130
2100
2086
2031
2018


2093
2145
2201
2203
2233
2224
2227
2221

2
191
2185
2111
2067
2039
2013
1902
1878
187
2

1878
1877
1808
1703
1641
1584
1535
1515


1434
1392
1362
1348
1378
1421
1390
1405
1
4
24
1453
1473
1501
1441
1475
1468
1443
14
5
0
1431
1451
1459
1488
1663
1589
1575
1570


1555
1534
1582
1602
1627
1639
1685
1710

1
714
1712
1712
1703
1715
1735
1741
1744
178
3

1791
1795
1812
1739
1663
1584
1568
1594


1599
1597
1613
1622
1664
1703
1715
1758
1
7
76
1799
1838
1872
1936
1988
2032
2062
21
2
4
2150
2160
2173
2209
2248
2274
2320
2318


2346
2273
2262
2289
2309
2288
2278
2252

2
229
2195
2224
2224
2224
2218
2224
2179
217
9

2176
2160
1949
1827
1808
1845
1823
1824


1799
1803
1796
1799
1819
1843
1795
1787
1
7
44
1744
1747
1812
1881
1937
1967
1978
19
8
1
1978
1933
1938
1915
1877
1822
1758
1739


1710
1666
1665
1671
1607
1527
1456
1392

1
326
1284
1225
1187
1180
1182
1207
1178
121
7

1243
1270
1296
1305
1314
1332
1362
1398


1395
1397
1369
1399
1392
1394
1402
1392
1
3
96
1407
1406
1428
1482
1423
1442
1429
14
1
8
1731
1743
1739
1694
1711
1709
1735
1750


1789
1840
1874
1872
1888
1927
1870
1744

1
719
1712
1706
1715
1727
1713
1754
1766
181
1

1878
1876
1935
1915
1942
1957
2021
2096


2160
2217
2235
2224
2274
2301
2364
2346
2
3
36
2362
2370
2406
2428
2466
2487
2506
24
3
4
2421
2397
2373
2377
2394
2352
2346
2346


2355
2367
2337
2338
2356
2347
2359
2320

2
327
2325
2339
2382
2357
2326
2282
2299
191
4

1902
1917
1908
1936
1863
1964
2029
2095


2144
2161
2105
2098
2082
2070
2079
2029
2
0
17
1984
1953
1902
1886
1837
1808
1804
17
2
6
1623
1523
1413
1413
1333
1329
1295
1287


1299
1325
1331
1363
1424
1389
1409
1451

1
458
1488
1506
1504
1506
1516
1505
1520
151
4

1487
1502
1503
1505
1494
1489
1468
1465


1492
1511
1587
1527
1529
1489
1506
1534

1
572
1585
1535
1575
1584
1632
1952
1891
186
3

1808
1750
1712
1706
1658
1646
1666
1694


1762
1824
1840
1845
1850
1903
1902
1963
1
9
75
2041
2106
2155
2192
2225
2215
2231
22
4
9
2227
2256
2225
2263
2320
2389
2400
2378


2368
2363
2375
2367
2352
2317
2283
2280

2
257
2266
2274
2301
2320
2333
2291
2304
233
6

2299
2313
2327
2339
2318
2281
2240
2246


2282
2306
2275
2217
2125
2091
2080
2125
2
1
24
2083
2083
2046
2073
2058
1956
1904
18
8
3
1888
1882
1872
1808
1743
1697
1711
1738


1744
1707
1634
1506
1409
1371
1328
1330

1
280
1285
1283
1284
1312
1325
1311
1351
13
6
1
1415
1435
1451
1442
1481
1508
1520
1535


1505
1475
1445
1414
1424
1481
1457
1469

1
446
1423
1394
1426
1441
1469
1475
1456
143
6

1401
1422
1441
1435
1481
1462
1473
1499


1515
1601
1620
1629
1648
1685
1668
1648
1
6
33
1680
1661
1662
1817
1787
1792
1857
18
6
3
1865
1888
1933
1983
2082
2127
2144
2192


2195
2233
2256
2260
2274
2288
2321
2337

2
393
2352
2353
2352
2365
2352
2358
2350
236
2

2361
2388
2416
2354
2352
2353
2337
2349


2347
2329
2331
2319
2319
2345
2353
2368
2
3
78
2363
2350
2323
2331
2333
2292
2253
21
9
