0


2958
2958
2955
0
0


2951
2957
2957
2959
1968
0
1339
2959
2955


1827
0
2170
2960
2965
2956
2955
0
0
295
1

2959
2956
0
166
2958
2954
2960
2954
697


0
2925
2949
2960
810
0
2937
2955
2959
2
9
60
2754
0
0
2960
2956
2726
0
787
2960
29
5
6
2953
2957
0
0
2955
2955
2960
0
0
295
8

2960
2958
2954
1738
0
1139
2954
2957
166
8

0
2008
2959
2961
2955
2950
0
0
2953
2957
2955
0
127
2957
2959
2957
2951
656
0
2928
2954
2959
749
0
2954
2961
2956
2958


2786
0
0
2960
2954
2783
0
929
2960
2959

2
960
2955
0
0
2960
2958
2955
0
0
2959
2
9
57
2956
2960
1840
0
1215
2955
2971
1776
0


2223
2960
2954
2954
2955
0
0
2960
2951


2953
0
48
2955
2959
2960
2959
506
0
2735


2958
2960
561
0
2815
2959
511
2955
2958


1985
0
1273
2953
2951
2955
2957
0
0
2957


2959
2954
0
0
2955
2957
2959
2958
848
0


2000
2957
2957
905
0
2366
2957
2943
2951


2846
0
0
2954
2960
2843
0
285
2957
2960


2958
2957
0
0
2956
2961
2955
0
0
2937
2
9
59
2960
2957
2131
0
192
2961
2960
2141

0

965
2956
2956
2954
2957
0
0
2954
2959


2957
0
0
2960
2960
2960
2955
1231
0
1585


2960
2957
1205
0
2231
2961
2957
2960
292
3

0
0
2960
2947
2938
0
231
2950
2957
2960


2959
0
0
2959
2956
2958
98
0
2959
2960


2962
2959
2498
0
165
2954
2960
2407
0
120
1

2960
2960
2959
2951
0
0
2958
2958
2951


0
0
2954
2954
2954
2955
1043
0
2067
2956


2957
1035
0
2522
2955
2955
2958
2955
20
4
2
0
1363
2960
2942
2955
2957
0
0
2954
29
5
5
2954
0
0
2955
2962
2951
2960
806
0
1
8
57
2947
2948
876
0
2235
2951
2950
2951
28
4
5
0
0
2959
2951
2837
0
238
2960
2961
2
9
60
2959
0
0
2959
2959
2956
0
0
2945
2951


2959
2954
2151
0
103
2953
2959
2026
0

1
370
2953
2953
2956
2951
0
0
2951
2951
2
9
61
0
0
2959
2951
2955
2955
491
0
1954
295
3

2959
619
0
2323
2957
2958
2957
2774
0


0
2960
2954
2771
0
459
2953
2953
2960
2955
0
0
2951
2955
2951
0
0
2957
2954
2959


2957
2097
0
460
2960
2959
1969
0
1703
29
5
5
2957
2959
2957
0
0
2981
2957
2957
0

1
5
2960
2961
2958
2959
624
0
2611
2954
295
9

787
0
2855
2960
2935
2949
2827
0
0
29
5
8
2960
2769
0
767
2959
2957
2960
2957
294
9

0
0
2953
2958
2960
2954
671
0
2098
29
5
8
2947
688
0
2414
2960
2953
2961
2787
0

0

2962
2960
2746
0
432
2956
2944
2955
29
6
0
0
0
2953
2961
2960
0
0
2949
2955
2959


2960
2128
0
241
2955
2960
1959
0
1294
29
6
0
2960
2960
2954
0
0
2959
2959
2959
0

0

2949
2958
2960
2957
704
0
1843
2958
2955
658
0
2283
2959
2960
2958
2790
0
0
2957
2956
2726
0
378
2959
2940
2959
2956
0
0
2954
2946
2959
0
0
2960
2950
2955
2954

2101
0
319
2960
2955
1910
0
1401
2958
2949
2955
2955
0
0
2951
2960
2956
0
0
2960


2959
2957
2960
688
0
2058
2960
2960
755

0

2535
2950
2959
2960
2861
0
0
2960
2959


2807
0
577
2950
2959
2954
2955
0
0
2959


2979
2959
0
0
2957
2960
2958
2957
2957

1
180
0
2183
2960
2933
2955
2915
0
0
2957

2
948
2896
0
253
2959
2958
2958
2955
0
0


2944
2954
2959
55
0
2927
2954
2954
2955
2
4
48
0
0
2951
2959
2272
0
958
2950
2951

2
951
2954
0
0
2961
2959
2951
0
0
2955
295
4

2949
2956
1305
0
1137
2951
2955
1197
0


2021
2956
2954
2959
2929
0
0
2960
2958
2
9
26
0
129
2957
2955
2955
2960
0
0
2870

2
953
2950
0
0
2730
2954
2960
2957
2400
0

0

2960
2959
2314
0
852
2957
2959
2959
29
5
1
0
0
2960
2960
2955
0
0
2955
2960
2955


2955
1415
0
1109
2957
2951
1371
0
2087

2
959
2960
2953
2954
0
0
2959
2959
2945
0

3
23
2960
2955
2959
2953
144
0
2939
2960

2
957
263
0
2949
2951
2964
2958
2597
0
0
2
9
58
2960
2435
0
1218
2955
0
2959
2960
29
54
0
0
2960
2955
2960
2954
677
0
2057
2
9
54
2960
608
0
2461
2950
2954
2954
2788
0


0
2960
2957
2672
0
542
2959
2956
2957
2
9
60
0
0
2954
2960
2958
0
0
2957
2957
2960


2959
1828
0
511
2957
2946
1649
0
1587
2
9
48
2955
2954
2955
0
0
2954
2960
2955
0

0

2954
2947
2953
2957
592
0
1927
2957
295
5

592
0
2411
2956
2982
2959
2768
0
0
2957


2960
2654
0
534
2960
2959
2960
2955
0

0

2958
2959
2960
0
0
2960
2949
2959
2958

1
756
0
494
2956
2947
1561
0
1641
2956
29
5
8
2960
2942
0
0
2951
2957
2949
0
0
2957


2960
2960
2954
624
0
2005
2960
2960
665


0
2583
2954
2955
2955
2833
0
0
2960
2958


2732
0
690
2959
2960
2960
2952
0
0
2951


2960
2959
0
0
2956
2958
2956
2957
2960
1
2
32
0
2179
2950
2954
2960
2941
0
0
2960


2958
2916
0
249
2955
2958
2959
2954
0
0

2
896
2961
2950
93
0
2867
2955
2961
2960

2
480
0
0
2959
2960
2332
0
987
2969
2955
2
9
58
2959
0
0
2960
2947
2959
0
0
2947
29
5
0
2950
2950
1088
0
1461
2959
2960
953
0

2
225
2957
2957
2960
2893
0
0
2944
2955
2
8
77
0
395
2960
2954
2949
2958
0
0
2958
2
9
59
2959
0
0
2928
2958
2971
2955
2304
0
1
6

2950
2956
2147
0
1421
2957
2953
2955
2
9
60
0
0
2953
2956
2956
0
0
2955
2954
2955


2960
733
0
1707
2959
2960
718
0
2262
2
9
55
2946
2960
2837
0
0
2959
2958
2810
0
5
0
6
2953
2960
2951
2957
0
0
2958
2959
295
4

0
0
2958
2954
2958
2957
2224
0
338
2953


2958
2064
0
1703
2956
2959
2959
2959
29
4
2
0
103
2957
2954
2956
2960
364
0
2544
2
9
60
2951
280
0
2749
2955
2960
2950
2634

0

0
2959
2957
2524
0
646
2954
2960
2957
2
9
60
0
0
2960
2960
2960
0
0
2954
2947
295
7

2956
1777
0
592
2958
2954
1589
0
1678


2963
2955
2957
2951
0
0
2954
2958
2957
0


0
2959
2954
2954
2958
482
0
1991
2958
2
9
54
531
0
2433
2959
2960
2957
2743
0
0
29
6
1
2963
2661
0
538
2954
2957
2956
2960
0


0
2960
2955
2958
0
0
2957
2951
2962
2960


1785
0
511
2947
2957
1616
0
1607
2958

2
957
2959
2948
0
0
2955
2957
2957
0
0
295
8

2960
2953
2954
394
0
1981
2962
2955
46
4

0
2391
2958
2957
2959
2730
0
0
2959
2
9
60
2665
0
561
2959
2958
2960
2961
0
0
29
5
1
2960
2956
0
0
2960
2960
1294
2953
2953


1328
0
2119
2956
2959
2959
2945
0
0
295
5

2960
2941
0
331
2958
2950
2957
2956
0
0


2953
2957
2958
50
0
2914
2953
2961
2963


2481
0
0
2955
2957
2346
0
1054
2960
2953


2957
2948
0
0
2951
2957
2955
0
0
2958


2957
2958
2957
913
0
1563
2961
2960
894
0


2215
2975
2960
2958
2893
0
0
2967
2959


2869
0
278
2957
2956
2959
2957
0
0
2956

2
961
2958
0
0
2898
2959
2955
2959
2282
0


100
2954
2947
2160
0
1498
2950
2957
2954


2958
0
0
2959
2961
2957
0
0
2953
2958

2
960
2960
689
0
1757
2959
2949
656
0
2256


2957
2950
2959
2787
0
0
2954
2960
2750

0

355
2953
2960
2958
2960
0
0
2957
2951
2
9
54
0
0
2960
2956
2960
2950
1651
0
720

2
955
2955
1648
0
1767
2960
0
2953
2955
248
5

0
915
2960
2959
2954
2959
0
0
2960
29
5
9
2951
0
0
2960
2954
2957
2960
1760
0
96
1

2951
2957
1637
0
1840
2955
2957
2949
2
9
49
0
0
2953
2959
2955
0
0
2957
2961
29
5
9
2960
465
0
2192
2960
2959
545
0
2519
2
9
55
2951
2961
2731
0
0
2954
2960
2650
0

5
28
2954
2955
2957
2960
0
0
2960
2956
295
9

0
0
2959
2953
2957
2958
1685
0
627
296
1

2959
1586
0
1673
2953
2975
2960
2942
0


0
2960
2954
2943
0
0
2960
2957
2959
2957


431
0
2206
2957
2958
486
0
2490
2958
294
8

2960
2694
0
0
2953
2955
2645
0
509
29
5
9
2959
2953
2959
0
0
2951
2960
2955
0
0


2958
2955
2949
2957
1696
0
599
2957
2961


1580
0
1695
2960
2948
2954
2949
0
0
2958


2957
2960
0
0
2951
2960
2959
2957
2957


0
0
2955
2957
2955
2957
2294
0
225
2957

2
950
2181
0
1535
2957
2959
2960
2958
0
0


2960
2960
2955
0
0
2957
2965
2957
2953
8
0
0
0
2064
2951
2957
788
0
2480
2960
2946


2955
2800
0
0
2957
2947
2763
0
386
2952


2951
2953
2959
0
0
2957
2957
2960
0
0

2
962
2957
2957
2957
2082
0
271
2956
2955


1908
0
1363
2958
2989
2960
2950
0
0
2954

2
959
2960
0
0
2959
2947
2951
2960
530
0


1827
2954
2958
621
0
2335
2959
2951
2950

2
778
0
0
2960
2954
2767
0
403
2960
2957


2958
2958
0
0
2949
2957
2960
0
0
2960
29
6
0
2958
2957
2020
0
303
2960
2959
1908
0


1489
2959
2957
2956
2954
0
0
2958
2953
2
9
55
0
0
2955
2953
2959
2959
369
0
2155

2
949
2957
432
0
2437
2958
2982
2957
2960
1
7
81
0
1815
2960
2958
2960
2955
0
0
2960


2957
2955
0
42
2956
2959
2957
2960
685
0


2347
2960
2955
741
0
2736
2958
2979
2957


2787
0
0
2953
2957
2727
0
717
2955
2959


2954
2951
0
0
2953
2959
2960
0
0
2951
2
9
61
2960
2956
1762
0
639
2960
2959
1674

0

1756
2969
2960
2956
2957
0
0
2956
2954

2
951
0
0
2955
2959
2955
2959
497
0
2135


2960
2957
571
0
2541
2959
2960
2960
2754

0

0
2960
2959
2707
0
591
2960
2960
2951


2959
0
0
2959
2959
2956
0
0
2955
2951
29
4
9
2958
1718
0
665
2960
2955
1637
0
1776


2960
2955
2957
2950
0
0
2950
2955
2955
0


0
2958
2957
2958
2957
528
0
2117
2960

2
960
496
0
2419
2951
2960
2955
2704
0
0
2
9
60
2960
2665
0
541
2959
0
2958
2956
295
2

0
0
2956
2957
2957
2958
745
0
2448
2961


2959
732
0
2768
2957
2951
2959
2803
0

0

2957
2958
2769
0
821
2959
2954
2959
2954


0
0
2957
2960
2960
0
0
2949
2956
2959


2960
1910
0
663
2960
2959
1795
0
1772
295
8

2938
2959
2955
0
0
2953
2953
2951
0
0


2960
2959
2960
2955
495
0
2023
2962
2960


647
0
2511
2950
2949
2955
2794
0
0
2958


2954
2660
0
554
2958
2960
2950
2961
0
0


2959
2955
2951
0
0
2960
2958
2959
2960

1
809
0
562
2950
2951
1648
0
1629
2941
2959


2959
2954
0
0
2989
2953
2956
0
0
2957


2951
2960
2946
599
0
1938
2957
2953
498
0


2331
2960
2959
2957
2738
0
0
2960
2958


2675
0
474
2959
2957
2958
2954
0
0
2960

2
956
2958
0
0
2960
2960
2965
2955
2953
1
0
56
0
2379
2955
2952
2960
2903
0
0
2953
2
9
56
2883
0
419
2960
2960
2960
2957
0
0

2
955
2950
2951
119
0
2955
2959
2960
2958
2
5
28
0
129
2956
2955
2416
0
1265
2960
296
5

2951
2954
0
0
2956
2960
2955
0
0
2957

2
955
2957
2959
1341
0
1616
2967
2954
1119


0
2337
2960
2960
2951
2905
0
0
2950
2957


2914
0
368
2962
2959
2960
2958
0
0
295
6

2960
2955
0
0
2926
2956
2938
2953
2368


0
0
2958
2955
2295
0
1535
2955
2955
2955


2958
0
0
2953
2960
2959
0
0
2957
2973

2
951
2959
915
0
1574
2951
2951
847
0
2290


2957
2950
2960
2874
0
0
2954
2957
2817

0

457
2957
2954
2959
2959
0
0
2957
2971
2
9
58
0
0
2960
2949
2946
2955
1758
0
439

2
956
2960
1578
0
1509
2960
0
2960
2959
239
6

0
771
2954
2954
2955
2957
0
0
2947
29
5
3
2959
0
0
2955
2956
2953
2955
1867
0
72
5

2957
2951
1689
0
1798
2955
2957
2956
2
9
60
0
0
2959
2958
2953
0
161
2960
2959
29
5
6
2954
762
0
2173
2960
2960
626
0
2601


2956
2957
2958
2825
0
0
2955
2957
2743
0


675
2955
2957
2954
2957
0
0
2957
2960
2
9
55
0
0
2950
2955
2957
2953
2026
0
531
2
9
60
2960
1792
0
1902
2959
2954
2960
2959

0

0
2951
2951
2951
0
0
2960
2956
2960
29
5
9
795
0
1799
2960
2958
713
0
2286
2959

2
954
2954
2832
0
0
2954
2957
2749
0
575

2
959
2962
2958
2953
0
0
2959
2960
2960
0

0

2960
2950
2954
2955
1963
0
379
2960
29
5
8
1766
0
1658
2960
2958
2960
2955
0
0
29
5
5
2954
2960
0
0
2957
2957
2659
2958
295
8

21
0
2689
2958
2954
2959
2592
0
0
2954


2953
2397
0
1017
2954
2959
2960
2953
0

0

2954
2973
2953
0
0
2951
2959
2953
2960

1
656
0
941
2954
2959
1464
0
2127
2960
29
6
0
2957
2937
0
0
2955
2957
2950
0
231
29
5
5
2951
2958
2954
747
0
2258
2955
2951
688


0
2865
2951
2956
2960
2813
0
0
2953
29
5
3
2670
0
717
2960
2960
2960
2952
0
0
295
5

2957
2953
0
0
2960
2959
2958
2954
2044


0
321
2955
2960
1701
0
1626
2955
2955
29
5
7
2960
0
0
2957
2951
2957
0
7
2960
295
2

2955
2959
822
0
1628
2962
2956
730
0
23
1
3
2959
2966
2953
2835
0
0
2960
2957
275
2

0
613
2960
2951
2958
2953
0
0
2954
2951


2958
0
0
2955
2960
2973
2949
1950
0
33
0

2959
2959
2954
2962
2918
0
0
2954
2957

2
852
0
206
2956
2959
2963
2951
0
0
2587

2
957
2950
54
0
2868
2951
2957
2953
2500
0


0
2955
2959
2309
0
953
2958
2956
2960

2
954
0
0
2954
2955
2948
0
0
2960
2959
295
5

2960
1840
0
863
2950
2957
1658
0
2119


2956
2949
2953
2955
0
0
2958
2960
2947
0


139
2951
2953
2955
2961
918
0
2215
2960


2955
816
0
2800
2955
2947
2947
2790
0
0

2
960
2950
2608
0
745
2960
2959
2960
2958


0
0
2958
2955
2953
0
0
2955
2954
2966
29
5
8
2069
0
215
2958
2958
1863
0
1744
2958


2949
2949
2956
0
0
2959
2960
2955
0
26

2
957
2954
2956
2951
976
0
1515
2957
2953


758
0
2352
2955
2959
2954
2870
0
0
2951

2
957
2761
0
625
2950
2951
2958
2959
2959


0
0
2959
2960
2957
2954
970
0
1363
2955

2
960
683
0
2143
2957
2957
2959
2862
0
0


2955
2954
2741
0
539
2955
2957
2954
2960

0

0
2944
2960
2955
0
0
2955
2958
2953
2
9
59
2201
0
187
2957
2958
1835
0
1735
2949


2970
2953
2960
0
0
2955
2955
2954
0
62


2955
2960
2957
2959
1130
0
1583
2958
2954


921
0
2585
2956
2949
2950
2918
0
0
2959


2958
2829
0
767
2958
2957
2957
2959
0
0


2958
2955
2957
0
0
2958
2955
2959
2955

2
249
0
164
2960
2947
1853
0
1680
2960
2959


2956
2955
0
0
2956
2960
2929
0
15
2957


2960
2954
2960
976
0
1325
2960
2950
881

0

2450
2955
2977
2959
2895
0
0
2955
2951


2759
0
623
2958
2954
2960
2960
0
0
2953


2957
2955
0
0
2949
2960
2960
2960
2956

1
301
0
1999
2955
2960
2960
2951
0
0
2959


2956
2910
0
144
2953
2941
2959
2955
523

0

2155
2961
2954
438
0
2654
2952
2951
296
0

2645
0
0
2959
2956
2429
0
1009
2961
29
5
9
2963
2953
0
0
2960
2957
2960
0
0
2957


2958
2954
2960
1850
0
571
2953
2955
1571


0
1989
2954
2959
2954
2960
0
0
2960
295
5

2954
0
202
2955
2961
2960
2955
1098
0
1
8
40
2959
2954
896
0
2819
2961
2960
2955

2
864
0
0
2951
2958
2677
0
749
2957
2957
2
9
60
2957
0
0
2939
2954
2959
0
0
2943
29
6
1
2958
2955
2204
0
134
2957
2953
1887
0

1
635
2954
2964
2956
2953
0
0
2960
2958
2
9
59
0
19
2955
2958
2959
2957
1175
0
1283

2
955
2947
771
0
2256
2955
0
2957
2958
24
9
4
0
724
2954
2957
2958
2957
0
0
2945
296
0

2959
0
0
2943
2960
2950
2955
2073
0
1
3
2
2956
2954
1628
0
1569
2960
2955
2959
29
5
0
0
0
2959
2951
2953
0
0
2960
2957
295
4

2960
1050
0
1279
2958
2959
852
0
2453
2
9
60
2954
2949
2893
0
0
2959
2960
2736
0

6
15
2959
2959
2949
2957
0
0
2911
2946
29
5
7
0
0
2948
2958
2962
2953
2238
0
119
29
5
4
2958
1936
0
1791
2955
2953
2960
2959
0


0
2951
2955
2955
0
173
2954
2958
2953
2
9
59
1456
0
1515
2958
2957
1089
0
2667
2955


2949
2954
2939
0
0
2951
2956
2801
0
71
8

2957
2953
2958
2954
43
0
2925
2958
2958


0
0
2949
2946
2952
2959
2240
0
74
2955


2960
1860
0
1643
2958
2949
2953
2959
2557


0
688
2957
2955
2955
2957
0
0
2931
2957


2949
0
0
2931
2955
2955
2959
2090
0
45

2
953
2953
1651
0
1479
2954
2959
2953
2955


0
0
2955
2956
2965
0
0
2956
2955
2955

2
953
1056
0
1157
2957
2953
825
0
2291
2961


2954
2959
2869
0
0
2960
2958
2699
0
47
1

2959
2958
2954
2960
0
0
2847
2960
2961

0

0
2881
2959
2951
2958
2162
0
22
2949

2
951
1933
0
1855
2955
2960
2960
2959
0
0

2
959
2955
2954
0
106
2957
2957
2957
2953


1264
0
1467
2955
2950
952
0
2596
2956
294
2

2954
2907
0
0
2957
2960
2777
0
784
29
5
9
2957
2959
2959
158
0
2939
2951
2958
0


0
2958
2951
2955
2958
2288
0
105
2957
29
5
4
1936
0
1869
2957
2960
2953
2960
0
0
2
9
51
2959
2932
0
27
2953
2953
1783
2954
29
6
0
304
0
2433
2959
2958
2963
2745
0
0
296
0

2959
2513
0
734
2960
2960
2960
2955
0

0

2921
2951
2948
0
0
2933
2951
2958
2958


2123
0
55
2960
2957
1706
0
1531
2960
294
4

2957
2951
0
0
2960
2957
2957
0
0
2960


2960
2960
2951
1158
0
1170
2959
2957
754


0
2197
2959
2959
2960
2881
0
0
2953
296
0

2721
0
599
2954
2957
2960
2940
0
0
2853


2955
2955
0
0
2943
2951
2956
2955
2174


0
26
2959
2956
1838
0
1674
2954
2959
2960


2951
0
0
2960
2960
2959
0
163
2955
295
8

2951
2955
1302
0
1337
2957
2961
869
0
2
5
19
2956
2957
2959
2923
0
0
2959
2951
2801
0
839
2951
2958
2951
2955
49
0
2897
29
5
6
2957
0
0
2951
2957
2955
2954
2240
0

9
0
2959
2957
2951
2960
2950
0
0
2955
2955


2927
0
243
2957
2954
2951
2959
657
0
19
0
7
2957
2957
400
0
2640
2959
2960
2960
275
0

0
0
2959
2958
2496
0
1019
2960
2960
2
9
57
2958
0
0
2960
2951
2954
0
0
2955
2959


2957
2947
1859
0
429
2955
2958
1435
0

1
951
2960
2957
2950
2954
0
0
2960
2961
292
7

0
151
2960
2960
2958
2959
510
0
1840

2
955
2960
172
0
2495
2955
2970
2959
2692

0

0
2955
2957
2426
0
975
2954
2958
2960

2
958
0
0
2960
2957
2947
0
0
2949
2960
29
6
0
2951
1856
0
450
2958
2960
1527
0
1955
2957
2960
2949
2957
0
0
2957
2961
2945
0
235
2954
2956
2957
2951
725
0
2000
2958
2962
560
0
2883
2960
2963
2959
2797
0
0
2960
2960
2534
2955
2957
0
0
2959
2954
2947
0
76
2960
2949
2960
2955
1243
0
1575
2959
2957
809
0
2588
2954
2960
2954
2853
0
0
2955
2961
2661
0
531
2955
2966
2962
2955
0
0
2771
2955
2958
0
0
2931
2959
2957
2959
2258
0
0
2953
2955
1803
0
1603
2959
2960
2956
2953
0
0
2958
2960
2955
0

1
6
2959
2959
2951
2960
1158
0
1191
2960

2
956
834
0
2209
2959
2950
2956
2897
0
0

2
952
2955
2728
0
562
2960
2935
2957
2955
0


0
2545
2931
2959
0
0
2787
2946
2960
29
5
5
2129
0
0
2953
2960
1823
0
1616
2955
29
5
4
2958
2955
0
0
2960
2959
2960
0
0
295
4

2954
2950
2953
1358
0
1195
2957
2958
944


0
2323
2960
2951
2957
2919
0
0
2956
29
5
3
2774
0
752
2955
2957
2951
2961
64
0
2
9
19
2958
2950
2961
2960
1473
0
1090
2966

2
959
1114
0
2240
2953
2955
2958
2933
0
0


2957
2949
2803
0
496
2955
2955
2958
2951

1
64
0
2415
2958
2957
0
0
2849
2960
2960


2959
2512
0
0
2954
2955
2168
0
1424
2949


2959
2957
2959
0
0
2957
2960
2955
0
0
2
9
47
2955
2947
2958
1307
0
971
2955
2959

9
63
0
2205
2953
2950
2959
2925
0
0
2957
2
9
60
2813
0
464
2954
2959
2957
2957
142
0


2462
2951
2959
0
0
2816
2955
2961
2960
2
4
96
0
0
2951
2954
2100
0
1297
2951
2935


2960
2954
0
0
2955
2955
2955
0
0
2958
29
5
6
2957
2957
1423
0
866
2949
2954
1040
0


2213
2959
2960
2958
2935
0
0
2933
2961
2
8
51
0
599
2957
2949
2957
2955
275
0
2671


2954
2959
0
0
2953
2959
2960
2957
2955
1
4
28
0
2096
2955
2957
2957
2955
0
0
2955


2959
2928
0
314
2951
2960
2960
2959
652
0


1978
2958
2954
342
0
2614
2956
2957
295
7

2663
0
0
2951
2953
2371
0
914
2955
295
9

2957
2960
0
0
2956
2959
2951
0
0
2945

2
960
2955
2953
1814
0
350
2959
2956
1412


0
1802
2957
2954
2955
2955
0
0
2960
2955


2941
0
222
2950
2954
2956
2957
549
0
19
0
1
2959
2955
310
0
2709
2957
2956
2955
272
7

0
0
2955
2959
2389
0
953
2959
2960
29
6
0
2958
0
0
2951
2951
2951
0
0
2955
2953


2956
2946
1781
0
343
2959
2956
1390
0
1
8
89
2959
2946
2959
2947
0
0
2954
2955
2933


0
240
2950
2955
2957
2960
560
0
2000
2
9
55
2953
289
0
2673
2959
2958
2957
2955
13
9
1
0
2478
2955
2955
2951
2949
0
0
2958

2
954
2909
0
509
2955
2957
2957
2958
697
0


2379
2958
2955
326
0
2880
2958
2959
2958


2686
0
0
2955
2954
2354
0
1078
2947
2955


2959
2960
0
0
2951
2957
2946
0
0
2955


2950
2951
2957
1682
0
763
2959
2958
1250

0

2118
2955
2933
2957
2954
0
0
2955
2950


2890
0
342
2955
2951
2958
2954
386
0
211
1

2958
2956
90
0
2667
2956
2949
2954
263
0

0
0
2960
2959
2330
0
1035
2950
2951
296
0

2946
0
0
2955
2960
2962
0
0
2950
2959
2949
2954
1598
0
766
2954
2950
1172
0
2037
2959
2958
2951
2941
0
0
2961
2958
2890
0
270
2960
2957
2960
2961
243
0
2013
2960
2960
0
0
2559
2959
2951
2951
2559
1613
0
1809
2959
2938
2957
2960
0
0
2955
2962
2946
0
176
2955
2960
2960
2956
1013
0
1607
2957
2957
688
0
2625
2957
2956
2957

2871
0
0
2956
2956
2647
0
719
2953
2961

2
957
2958
0
0
2905
2945
2958
0
0
2951
2
9
61
2960
2955
2204
0
28
2956
2954
1842
0

1
672
2959
2979
2954
2955
0
0
2959
2953
2
9
50
0
0
2957
2954
2960
2961
1223
0
1227
2
9
53
2960
882
0
2333
2960
2959
2958
2887

0

0
2955
2961
2731
0
576
2959
2955
2960
2
9
59
0
0
2815
2954
2955
0
0
2915
2960
296
0

2953
2134
0
13
2960
2953
1797
0
1535

2
960
2953
2954
2956
0
0
2958
2959
2950
0

0

2950
2955
2953
2960
1074
0
1197
2950
2
9
56
685
0
2227
2955
2956
2953
2882
0
0
29
5
7
2960
2695
0
493
2957
2958
2960
2955
2
9
81
0
0
2950
2954
2957
2955
1668
0
848
29
6
0
2955
1328
0
2337
2954
2960
2958
2935

0

0
2955
2959
2926
0
560
2956
2960
2960

2
955
633
0
2559
2960
2949
479
0
2958
2955


2957
2951
2709
0
0
2959
2957
2412
0
160
3

2959
2966
2954
2951
0
0
2950
2958
2960
0
67
2951
2960
2955
2960
1441
0
1225
2958
2951
1109
0
2415
2956
2954
2959
2928
0


0
2959
2955
2547
0
583
2960
2956
2956
295
2

163
0
2691
2955
2949
0
0
2913
2953
29
5
5
2960
2465
0
0
2953
2937
2146
0
1314
29
5
5
2957
2960
2960
0
0
2951
2955
2953
0

0

2957
2953
2956
2951
1319
0
993
2958
2952


976
0
2165
2957
2959
2954
2910
0
0
295
7

2954
2832
0
459
2957
2949
2954
2955
2961


0
0
2957
2953
2960
2955
1691
0
400
296
0

2954
1362
0
1794
2958
2953
2959
2959
0

0

2960
2960
2934
0
226
2955
2955
2962
2960
443
0
2106
2951
2962
238
0
2767
2957
2957
2959
2702
0
0
2960
2958
2479
0
1115
2959
2959
2957
2955
0
0
2960
2954
2960
0
0
2951
2960
2956
2956
1601
0
919
2957
2956
1246
0
2215
2954
2957
2954
2957
0
0

2
953
2954
2896
0
343
2958
2951
2958
2957
3
3
3
0
2416
2949
2955
112
0
2827
2955
2959


2954
2515
0
0
2959
2957
2251
0
1314
2954


2960
2950
2957
0
0
2948
2958
2953
0
0


2955
2955
2951
2947
1232
0
1019
2937
2928


880
0
2142
2954
2957
2955
2900
0
0
2953


2960
2779
0
391
2959
2959
2960
2954
2958


0
0
2954
2955
2956
2955
1749
0
475
2950


2957
1381
0
1838
2960
2947
2962
2954
0
0


2960
2960
2935
0
176
2957
2953
2955
296
0

448
0
2027
2956
2951
262
0
2667
2956
32
3
4
2957
2690
0
0
2952
2960
2496
0
1019

2
958
2955
2956
2957
0
0
2955
2958
2955
0
0
2955
2956
2959
2954
1910
0
725
2959
29
5
7
1621
0
2229
2959
2960
2952
2959
0
0
29
5
1
2955
2944
0
383
2950
2956
2958
2960
6
3
6
0
2227
2951
2959
444
0
2877
2951
2933

2
950
2717
0
0
2959
2955
2495
0
1063
2957


2960
2958
2958
0
0
2957
2955
2953
0
0
2
9
54
2951
2957
2960
1623
0
938
2960
2958

1
232
0
2166
2951
2960
2955
2939
0
0
2960

2
957
2881
0
272
2960
2955
2958
2953
2954


0
0
2950
2955
2957
2950
1064
0
1307
2947
2954
731
0
2299
2954
2952
2957
2857
0
0
2959
2954
2718
0
500
2958
2955
2960
2960
0
0
2843
2958
2956
0
0
2909
2950
2954
2
9
50
2096
0
77
2956
2956
1830
0
1649
2960
2957
2960
2957
0
0
2958
2956
2960
0
0
2960
2957
2960
2955
1107
0
1470
2951
2953


916
0
2475
2959
2954
2960
2915
0
0
2947

2
960
2800
0
743
2951
2959
2958
2951
11
0


2982
2952
2959
0
0
2955
2955
2960
2957
2
2
40
0
256
2957
2959
1878
0
1827
2955
295
9

2958
2955
0
0
2957
2960
2957
0
1
2959

2
960
2960
2959
1084
0
1393
2953
2957
854


0
2336
2957
2961
2957
2864
0
0
2951
2954


2735
0
554
2960
2956
2958
2957
0
0
2914


2955
2940
0
0
2941
2954
2949
2955
2960

1
187
0
1845
2956
2954
2955
2945
0
0
2956

2
955
2902
0
112
2960
2960
2958
2959
259

0

2071
2961
2951
100
0
2489
2951
2967
2955


2544
0
0
2953
2959
2363
0
815
2959
296
0

2958
2958
0
0
2954
2957
2942
0
0
2955

2
960
2957
2957
1685
0
538
2957
2959
1386


0
1870
2958
2957
2960
2955
0
0
2957
2949


2939
0
279
2958
2960
2959
2955
459
0
220
9

2959
2958
320
0
2850
2951
2967
2952
27
1
4
0
0
2959
2958
2513
0
1152
2956
2954
29
5
8
2955
0
0
2962
2959
2960
0
0
2959
2950


2957
2960
1681
0
1126
2960
2947
1355
0


2304
2955
2961
2950
2954
0
0
2955
2953
29
1
3
0
357
2959
2954
2956
2960
290
0
2492


2960
2957
112
0
2859
2960
2950
2958
2955

2
007
0
1575
2954
2958
2959
2960
0
0
2951


2960
2958
0
0
2959
2960
2960
2953
1008
0


1369
2954
2959
742
0
2278
2960
2959
295
6

2863
0
0
2960
2958
2756
0
606
2957
2960


2951
2956
0
0
2949
2955
2960
0
0
2942


2957
2958
2959
2073
0
110
2955
2958
1825

0

1616
2956
2951
2959
2952
0
0
2957
2960


2957
0
0
2954
2958
2960
2959
1054
0
1460


2960
2957
867
0
2410
2957
2956
2958
288
0

0
0
2960
2957
2769
0
674
2959
2951
2950


2960
0
0
2953
2957
2955
0
0
2954
2954

2
954
2960
2313
0
177
2957
2958
2016
0
17
4
9
2960
2960
2956
2954
0
0
2957
2958
2959


0
51
2957
2960
2960
2955
1163
0
1503
29
5
9
2953
863
0
2501
2954
2958
2959
2951
223
3

0
1212
2953
2964
2960
2954
0
0
2960
2
9
73
2954
0
0
2958
2960
2951
2959
1342
0
9
2
6
2951
2955
1045
0
2025
2954
2954
2951

2
925
0
0
2953
2960
2869
0
261
2953
2953
2
9
57
2958
231
0
2465
2954
2958
92
0
2755


2951
2945
2949
2507
0
0
2958
2949
2271
0


865
2949
2957
2951
2955
0
0
2957
2954
2
9
59
0
0
2950
2960
2959
2959
1593
0
499
29
6
1
2953
1306
0
1757
2960
2947
2960
2946

0

0
2958
2950
2943
0
217
2958
2956
2960
2
9
54
405
0
2258
2948
2955
297
0
2675
2954


2964
2957
2670
0
0
2959
2959
2512
0
1150


2950
2958
2960
2955
0
0
2960
2953
2958


0
0
2962
2963
2958
2958
1886
0
843
2949

2
955
1699
0
2227
2960
2962
2960
2959
2599


0
711
2957
2953
2953
2960
0
0
2949
2951


2958
0
0
2953
2951
2960
2954
2041
0
241


2955
2955
1735
0
1670
2954
2950
2951
2960


0
0
2959
2960
2946
0
0
2957
2951
2951

2
959
942
0
1443
2953
2958
752
0
2339
296
0

2959
2954
2875
0
0
2954
2958
2758
0
494


2957
2955
2954
2959
0
0
2944
2955
2945


0
0
2947
2957
2953
2957
2098
0
127
2958

2
958
1852
0
1639
2953
2959
2953
2959
0
0


2959
2955
2955
0
0
2955
2930
2953
2957
9
3
8
0
1439
2951
2949
715
0
2271
2954
2950


2959
2846
0
0
2959
2962
2758
0
511
2960


2958
2959
2958
0
0
2943
2953
2951
0
0

2
960
2946
2954
2955
2208
0
219
2951
2956
1
8
72
0
1743
2960
2957
2951
2956
0
0
2958


2955
2958
0
102
2954
2959
2957
2954
2959

3
9
0
2832
2955
2977
2953
2433
0
0
2951
2
9
50
2200
0
1343
2960
2954
2957
2955
0
0


2955
2949
2955
0
0
2949
2955
2955
2956
12
0
0
0
1111
2960
2949
906
0
2128
2951
2961


2958
2896
0
0
2956
2962
2837
0
478
2958


2959
2951
2955
0
0
2784
2951
2957
0
0

2
803
2954
2960
2959
2338
0
0
2959
2953
216
2

0
1327
2954
2950
2955
2955
0
0
2949
2
9
57
2955
0
0
2960
2959
2958
2956
1164
0
1
2
53
2957
2951
807
0
2035
2928
2955
2957

2
867
0
0
2951
2958
2795
0
382
2960
2956
2
9
59
2949
0
0
2675
2960
2958
0
0
2850
29
5
8
2959
2959
2381
0
0
2954
2954
2220
0
14
1
7
2960
2960
2957
2949
0
0
2945
2951
295
1

0
7
2950
2961
2957
2955
1371
0
1331
295
7

2951
1095
0
2495
2960
2959
2960
2954
2
3
97
0
1039
2960
2950
2959
2957
0
0
2958
2
9
51
2958
0
0
2960
2960
2956
2953
1682
0


621
2959
2955
1526
0
1941
2950
2954
2955

2
955
0
0
2953
2955
2938
0
167
2954
2953


2957
2956
436
0
2249
2955
2951
289
0
2655


2953
2961
2959
2627
0
0
2958
2958
2458


0
929
2959
2953
2956
2951
0
0
2958
2957

2
950
0
0
2958
2943
2954
2954
1722
0
639


2946
2953
1366
0
1791
2953
2959
2956
2945


0
0
2960
2950
2943
0
158
2950
2959
2959


2960
291
0
2150
2958
2946
163
0
2509
294
7

2955
2959
2627
0
0
2954
2957
2388
0
8
4
8
2957
2956
2959
2958
0
0
2955
2958
2951


0
0
2960
2967
2959
2955
1737
0
624
2958


2959
1433
0
1923
2960
2960
2956
2953
2713


0
565
2951
2957
2949
2951
0
0
2952
295
1

2956
0
0
2958
2956
2960
2955
2108
0
164


2960
2957
1933
0
1653
2955
2958
2956
29
5
7
0
0
2957
2955
2956
0
0
2955
2960
2946


2946
1055
0
1395
2964
2961
832
0
2320
2
9
59
2943
2957
2871
0
0
2955
2956
2771
0
6
2
4
2957
2957
2953
2955
0
0
2951
2954
295
1

0
0
2954
2957
2951
2955
2198
0
194
2953


2959
1904
0
1640
2955
2977
2951
2955
0


0
2954
2951
2954
0
30
2957
2957
2957
295
3

1166
0
1434
2960
2958
865
0
2431
2958
2
9
65
2958
2895
0
0
2951
2960
2769
0
567

2
955
2949
2954
2959
0
0
2948
2950
2960
0

0

2946
2957
2956
2957
2095
0
108
2954
29
5
8
1831
0
1591
2954
2956
2958
2953
0
0
29
6
0
2958
2959
0
0
2959
2960
2512
2956
295
5

327
0
2823
2956
2960
2957
2639
0
0
2951


2960
2477
0
1074
2958
2953
2953
2954
0


0
2957
2958
2954
0
0
2957
2959
2960
2954


1869
0
657
2963
2955
1521
0
1903
2959
2
9
61
2960
2954
0
0
2959
2956
2946
0
240
29
6
0
2962
2960
2959
428
0
2180
2954
2958
17
2

0
2559
2961
2975
2960
2628
0
0
2960
2
9
60
2438
0
912
2954
2960
2954
2960
0
0
29
6
0
2958
2960
0
0
2953
2953
2954
2954
170
5

0
607
2955
2959
1446
0
1851
2956
2943
2
9
55
2954
0
0
2954
2955
2948
0
36
2960
2
9
60
2945
2953
701
0
1745
2959
2951
570
0

2
435
2954
2958
2959
2771
0
0
2950
2954
2
6
21
0
565
2960
2957
2950
2959
0
0
2935
29
5
5
2948
0
0
2934
2957
2953
2958
2032
0

1
49
2955
2959
2965
2960
2816
0
0
2960
2954


2710
0
657
2958
2950
2960
2958
0
0
295
7

2955
2960
0
0
2960
2960
2958
2951
2232


0
292
2958
2958
1921
0
1776
2953
2960
295
5

2957
0
0
2955
2949
2955
0
23
2958
295
3

2956
2958
1056
0
1377
2953
2958
813
0
2
2
58
2954
2959
2960
2866
0
0
2955
2954
27
5
9
0
570
2959
2959
2957
2960
0
0
2955
296
0

2959
0
0
2949
2954
2960
2951
1993
0
1
4
7
2956
2951
1775
0
1603
2951
2958
2957
29
4
9
0
0
2958
2955
2951
0
0
2954
2957
295
3

2955
976
0
1503
2958
2950
736
0
2294
29
5
5
2973
2959
2831
0
0
2959
2959
2745
0

5
65
2956
2951
2955
2957
0
0
2950
2959
2953


0
0
2916
2955
2947
2955
2066
0
119
295
1

2960
1777
0
1623
2960
2940
2958
2957
293
4

0
363
2951
2942
2954
2957
318
0
2511

2
958
2956
166
0
2909
2957
2955
2952
2608
0


0
2955
2949
2438
0
1511
2933
2955
2958


2957
0
0
2955
2955
2957
0
3
2958
2949
29
5
5
2955
1344
0
1342
2950
2957
1072
0
232
0

2960
2953
2951
2923
0
0
2951
2955
2871

0

453
2958
2959
2957
2958
80
0
2850
2950


2954
11
0
2933
2950
2955
2955
2364
0
0

2960
2957
2150
0
1374
2947
2960
2957
2975
0
0
2963
2937
2957
0
0
2960
2959
2953
2954
1146
0
1104
2957
2958
915
0
2135
2947
2957
2954
2928
0
0
2948
2955
2825
0
467
2951
2958
2960
2959
0
0
2866
2960
2947
0
0
2952
2957
2953
2951
2102
0
138
2960
2955
1893
0
1648
2955
2950
2957
2960
2535
0
585
2959
2945
2956
2957
0
0
2956
2944


2955
0
0
2944
2961
2955
2959
2082
0
242


2960
2949
1873
0
1762
2953
2960
2950
2955


0
0
2959
2958
2960
0
66
2953
2960
2953


2955
1226
0
1559
2950
2955
1041
0
2588
2
9
51
2954
2955
2901
0
0
2955
2955
2830
0


727
2955
2957
2955
2957
0
0
2953
2960
295
3

0
0
2958
2958
2960
2959
2284
0
238
29
5
7
2951
1968
0
1805
2953
2959
2954
2956
0


0
2953
2950
2945
0
0
2951
2954
2949
295
3

1017
0
1407
2957
2951
872
0
2340
2959

2
960
2958
2864
0
0
2949
2958
2749
0
560
2
9
59
2955
2956
2957
0
0
2944
2959
2957
0


0
2923
2956
2951
2950
2066
0
131
2954
295
8

1824
0
1614
2951
2961
2954
2958
0
0
2
9
49
2957
2949
0
0
2955
2955
2211
2951
2950


23
0
2465
2946
2944
2957
2559
0
0
2928


2954
2387
0
853
2955
2974
2957
2951
0
0

2954
2954
2953
0
0
2957
2959
2955
2958
1595
0
847
2951
2960
1275
0
2128
2961
2933


2953
2951
0
0
2959
2960
2935
0
462
2956
2958
2954
2957
397
0
2559
2959
2951
190


0
2931
2954
2953
2955
2603
0
0
2951
295
1

2400
0
1569
2945
2953
2949
2947
0
0
296
1

2958
2953
0
0
2953
2956
2960
2951
1488


0
1229
2954
2960
1192
0
2286
2955
2959

2
955
2935
0
0
2957
2959
2859
0
450
2953
2
9
59
2960
2951
2
0
2749
2959
2959
0
0
28
8
6
2960
2955
2957
2417
0
0
2954
2955
2160


0
1311
2958
2958
2959
2960
0
0
2953
296
0

2953
0
0
2957
2958
2959
2954
1366
0
112
3

2957
2949
2953
2957
2372
0
0
2961
2958


2094
0
1160
2938
2957
2954
2956
0
0
2956


2949
2951
0
0
2956
2953
2955
2954
1269


0
995
2954
2950
1152
0
2240
2957
2951
295
8

2928
0
0
2954
2938
2881
0
560
2951
296
0

2955
2955
95
0
2829
2957
2961
71
0
29
5
3
2959
2960
2959
2509
0
0
2954
2953
2224


0
1669
2957
2943
2951
2955
0
0
2958
295
8

2957
0
119
2955
2959
2959
2959
1331
0
1
6
23
2950
2957
940
0
2450
2957
2958
2953

2
908
0
0
2959
2955
2832
0
639
2958
2952
2
9
57
2949
0
0
2954
2957
2953
0
0
2935
29
5
4
2955
2955
2164
0
77
2949
2960
1893
0
1
6
31
2954
2948
2955
2959
0
0
2948
2951
29
4
8
0
0
2958
2954
2957
2957
1038
0
1391
29
6
0
2954
755
0
2322
2958
2953
2954
2959
2
3
75
0
832
2954
2957
2960
2955
0
0
2960
29
5
8
2951
0
0
2950
2957
2960
2955
1744
0
3
8
0
2953
2958
1360
0
1713
2960
2939
2960
2
9
49
0
0
2965
2957
2944
0
180
2957
2959

2
951
2960
352
0
2013
2957
2959
243
0
2677


2960
2903
2960
2724
0
0
2959
2951
2538

0

1045
2960
2956
2958
2960
0
0
2957
2951

2
949
0
0
2959
2958
2957
2955
1579
0
903


2959
2957
1386
0
2352
2959
2961
2960
2953


0
0
2953
2949
2930
0
529
2959
2953
2957


2957
531
0
2516
2979
2958
256
0
2845
295
3

2950
2960
2642
0
0
2951
2951
2433
0
1
6
23
2946
2959
2957
2987
0
0
2960
2954
2955


0
0
2949
2952
2960
2955
1440
0
1093
29
6
0
2955
1078
0
2244
2960
2950
2951
2958
23
9
9
0
847
2967
2957
2957
2955
0
0
2960
2
9
58
2957
0
0
2959
2954
2959
2957
1843
0
5
0
7
2954
2955
1479
0
1791
2954
2954
2955

2
951
0
0
2957
2957
2934
0
115
2957
2955
2
9
59
2955
346
0
1980
2961
2960
166
0
2527


2959
2960
2955
2621
0
0
2976
2961
2425
0


877
2960
2963
2955
2955
0
0
2961
2957

2
958
0
0
2954
2960
2950
2960
1807
0
485
2
9
59
2947
1556
0
1920
2947
2947
2955
2961
0
0
2957
2954
2946
0
105
2958
2955
2957
2960
960
0
1683
2955
2958
827
0
2704
295
9

2971
2959
2884
0
0
2953
2956
2739
0
653


2957
2954
2958
2958
0
0
2921
2955
2955


0
0
2954
2960
2954
2950
2259
0
34
2960
2
9
54
1895
0
1558
2955
2955
2949
2957
0
0

2
949
2957
2957
2960
2970
729
0
1693
2956

2
960
506
0
2459
2955
2929
2958
2786
0
0

2
959
2959
2597
0
605
2953
2958
2959
2959
0


0
2907
2955
2957
0
0
2921
2959
2955
29
5
2
2220
0
47
2957
2955
1936
0
1683
2953


2959
2960
2949
0
0
2953
2959
2948
0
0
29
6
0
2960
2951
2955
1114
0
1231
2958
2960

8
10
0
2205
2948
2957
2953
2891
0
0
2957
2
9
57
2768
0
547
2954
2955
2958
2954
0
0

2
847
2953
2951
0
0
2959
2951
2949
2960
226
1

0
109
2957
2952
1946
0
1808
2957
2957


2956
2955
0
0
2954
2955
2957
0
48
2955
2
9
55
2951
2955
1378
0
1373
2959
2958
1072


0
2487
2983
2951
2955
2925
0
0
2955
2957


2832
0
779
2957
2959
2953
2960
6
0
2938


2960
2958
0
0
2951
2960
2957
2957
2960
1
3
84
0
1987
2957
2957
2954
2953
0
0
2949


2953
2927
0
228
2960
2950
2957
2947
621
0


1943
2949
2961
361
0
2559
2953
2958
295
6

2675
0
0
2954
2955
2434
0
862
2955
2951


2959
2954
0
0
2959
2955
2960
0
0
2957

2
959
2947
2961
1737
0
350
2958
2981
1407

0

1735
2964
2955
2959
2951
0
0
2951
2960


2939
0
144
2955
2954
2957
2960
421
0
176
6

2957
2959
321
0
2559
2954
2837
2957
27
3
6
0
0
2957
2943
2443
0
877
2959
2960
295
8

2957
0
0
2960
2960
2957
0
0
2958
2961


2959
2950
1666
0
797
2958
2956
1397
0
21
5
1
2960
2962
2958
2960
0
0
2956
2958
292
9

0
417
2959
2955
2956
2960
689
0
2431
29
5
8
2957
400
0
2941
2958
2961
2955
2954
1
2
53
0
2116
2955
2942
2959
2948
0
0
2960
2
9
61
2885
0
233
2954
2957
2960
2951
400
0


2191
2956
2955
125
0
2666
2957
2957
2955


2559
0
0
2959
2956
2369
0
1458
2957
295
5

2951
2957
0
0
2957
2954
2982
0
0
2954


2957
2960
2955
1584
0
958
2958
2960
995
0


1923
2960
2958
2949
2928
0
0
2953
2970

2
879
0
371
2954
2957
2960
2951
83
0
2320


2955
2960
0
0
2805
2960
2953
2949
2479
0


0
2959
2959
2054
0
1207
2956
2949
2960
2
9
57
0
0
2954
2954
2959
0
0
2954
2959
29
6
0
2960
1043
0
869
2959
2951
1174
0
2349


2957
2953
2960
2950
0
0
2957
2958
2877
0


465
2957
2955
2960
2955
309
0
2705
2950


2960
0
0
2955
2962
2949
2950
2369
0
98

2
954
2951
2133
2949
2953
0
0
2959
2957
2
9
49
0
3
2950
2955
2951
2955
1217
0
1328
2
9
53
2953
848
0
2368
2954
2949
2960
2854

0

0
2960
2953
2704
0
655
2955
2949
2953
2
9
55
256
0
2659
2958
2954
0
0
2913
2951

2
960
2950
2219
0
0
2959
2958
1930
0
1615

2
958
2960
2956
2962
0
0
2951
2957
2955
0


0
2960
2955
2959
2956
1186
0
1057
2958
2
9
55
880
0
2368
2959
2951
2957
2933
0
0

2
956
2955
2803
0
565
2955
2959
2957
2958
0


0
2589
2959
2958
0
0
2917
2958
2955
29
5
6
2277
0
0
2949
2956
1940
0
1535
2951
29
5
4
2949
2957
0
0
2959
2951
2947
0
0
295
8

2949
2957
2950
1363
0
1231
2956
2954
110
4

0
2481
2954
2947
2953
2917
0
0
2957
2
9
57
2815
0
778
2960
2950
2949
2959
256
0

2
923
2956
2960
2960
2953
2262
0
0
2960
2
9
59
1904
0
1510
2960
2956
2955
2955
0
0
2
9
51
2959
2957
0
2
2960
2963
2951
2957
124
0

0
1062
2959
2960
944
0
2192
2941
2956

2
950
2919
0
0
2955
2956
2749
0
541
2956

2
951
2959
2953
0
0
2613
2954
2957
0
0
28
7
9
2960
2959
2958
2292
0
7
2956
2957
1984


0
1643
2958
2957
2954
2958
0
0
2954
2958


2955
0
0
2959
2953
2955
2960
1214
0
11
3
7
2960
2958
906
0
2261
2978
2983
2954
2
9
11
0
0
2955
2958
2730
0
439
2955
2959
29
5
9
2949
0
0
2544
2958
2958
0
0
2897
295
4

2958
2960
2155
0
0
2950
2949
1881
0
161
2

2959
2950
2960
2956
0
0
2959
2960
2955


0
0
2951
2946
2950
2953
1278
0
1102
2957


2947
987
0
2413
2965
2951
2959
2929
186
9

0
2010
2951
2929
2951
2951
0
0
2953
295
6

2949
0
119
2957
2955
2957
2955
1262
0


1414
2949
2960
850
0
2537
2953
2955
2954

2
890
0
0
2954
2957
2699
0
565
2958
2959


2957
2959
107
0
2699
2949
2955
0
0
2905

2
949
2960
2955
2244
0
0
2932
2957
1908
0


1591
2960
2955
2958
2957
0
0
2958
2962
2
9
47
0
34
2959
2950
2953
2958
1362
0
1119


2957
2958
876
0
2258
2945
2952
2952
2925


0
0
2957
2957
2798
0
656
2958
2953
2957


2955
16
0
2538
2958
2957
0
0
2909
2949

2
953
2955
2288
0
0
2959
2954
1895
0
1443


2955
2954
2951
2953
0
0
2959
2953
2959
0


0
2954
2958
2956
2950
1402
0
1058
2954

2
958
1066
0
2405
2955
2960
2959
2934
0
0


2951
2959
2958
2960
2960
0
0
2957
2952
29
5
3
0
0
2959
2956
2960
2958
2117
0
362
2
9
60
2960
1626
0
2064
2956
2950
2955
2958


0
0
2958
2956
2960
0
395
2960
2958
2955

2
959
807
0
1726
2959
2960
404
0
2546
295
7

2922
2953
2761
0
0
2957
2954
2467
0
935


2949
2963
2955
2959
0
0
2951
2959
2952

0

0
2954
2953
2954
2960
1723
0
439
2950


2958
1290
0
1949
2954
2950
2953
2953
0
0


2957
2955
2910
0
247
2950
2953
2959
2959


467
0
1872
2955
2971
198
0
2640
2959
294
7

2954
2690
0
0
2958
2957
2315
0
1297
2
9
50
2958
2961
2958
0
0
2960
2957
2959
0
0


2951
2960
2950
2961
1498
0
703
2951
295
5

1034
0
2095
2955
2954
2954
2942
0
0
295
6

2955
2827
0
398
2956
2953
2950
2955
295
1

0
3
2955
2953
2959
2955
1657
0
783
295
1

2960
1266
0
2369
2948
2950
2958
2955
0


0
2955
2951
2887
0
689
2954
2953
2949
29
5
7
590
0
2243
2960
2953
274
0
2929
2957


2959
2954
2655
0
0
2958
2960
2265
0
1420

2
956
2946
2954
2954
0
0
2955
2951
2960
0


5
2961
2958
2956
2955
1602
0
708
2950

2
955
1136
0
2202
2959
2978
2951
2953
0
0

2
958
2954
2870
0
547
2960
2955
2958
2955


506
0
2125
2953
2947
131
0
2858
2958
2947


2954
2622
0
0
2955
2957
2237
0
1456
29
5
9
2961
2960
2957
0
0
2960
2957
2954
0
0


2951
2954
2954
2953
1654
0
583
2957
2957


1184
0
2175
2959
2959
2957
2951
0
0
2957


2959
2867
0
476
2955
2953
2955
2947
295
7

0
0
2947
2955
2958
2949
2144
0
130
2959


2955
1688
0
1955
2954
2958
2958
2949
0


0
2950
2957
2930
0
251
2960
2957
2954
295
9

1445
0
1210
2956
2954
1023
0
2688
2954


2949
2954
2931
0
0
2951
2954
2736
0
809


2951
2949
2960
2953
308
0
2477
2959
2953


0
0
2957
2941
2960
2954
2559
0
0
2959
2
9
58
2070
0
1824
2960
2959
2958
2955
0
0


2951
2958
2951
0
33
2954
2954
2957
2955
1
5
54
0
757
2953
2959
1125
0
2359
2958
295
0

2951
2945
0
0
2959
2954
2775
0
625
2957


2955
2959
2957
265
0
2263
2955
2959
0

0

2911
2951
2953
2959
2423
0
0
2947
2951

1
858
0
1615
2949
2953
2955
2958
0
0
2953


2953
2955
0
32
2955
2955
2960
2955
2960


130
0
2624
2951
2955
2957
2706
0
0
2950

2
949
2288
0
1290
2954
2955
2960
2951
0
0


2950
2951
2953
0
0
2958
2950
2951
2952
1
7
22
0
506
2959
2955
1216
0
2251
2956
294
6

2949
2958
0
0
2949
2951
2900
0
743
2955


2951
2960
2958
839
0
2059
2955
2951
432


0
2943
2955
2950
2957
2793
0
0
2955
2959


2346
0
1667
2955
2959
2949
2956
0
0
29
5
7
2954
2955
0
69
2960
2959
2954
2960
1690


0
594
2953
2954
1191
0
2320
2950
2959

2
953
2949
0
0
2958
2957
2831
0
497
2955
2
9
49
2957
2955
585
0
1813
2959
2950
211
0


2864
2955
2955
2953
2722
0
0
2954
2955

2
192
0
1354
2955
2951
2955
2948
0
0
2945

2
957
2967
0
0
2953
2943
2957
2959
1899
6
3
3
0
2358
2951
2960
2958
2897
0
0
2955
29
5
8
2525
0
550
2957
2946
2957
2955
90
0

2
038
2959
2958
0
0
2859
2941
2955
2957
246
2

0
0
2957
2955
1955
0
1635
2956
2958
2
9
56
2960
0
0
2957
2955
2953
0
64
2958
294
5

2954
2956
1678
0
673
2959
2955
1135
0

2
465
2947
2953
2960
2943
0
0
2960
2960
27
8
9
0
745
2960
2950
2960
2956
610
0
2142

2
960
2951
105
0
2954
2944
2955
2955
2640
0


0
2953
2960
2059
0
1821
2960
2960
2951


2953
0
0
2959
2955
2951
0
128
2957
2946


2950
2959
1686
0
590
2955
2959
1056
0
2
3
47
2947
2957
2960
2949
0
0
2958
2960
2763


0
669
2951
2956
2956
2951
511
0
2029
2
9
54
2950
0
0
2943
2944
2960
2957
2557
0
0


2950
2957
2950
2957
2956
0
0
2960
2953


2880
0
365
2951
2923
2955
2958
916
0
1259


2944
2950
321
0
2671
2942
2959
2955
281
9

0
0
2938
2957
2313
0
893
2954
2941
2960


2959
0
0
2557
2949
2953
0
0
2942
2924


2949
2955
2240
0
0
2955
2960
1626
0
1941


2953
2947
2953
2959
0
0
2954
2949
2944

0

332
2955
2938
2958
2956
1176
0
1237
2958


2959
665
0
2799
2948
2974
2956
2912
0

0

2943
2946
2526
0
1153
2953
2951
2955
294
4

67
0
2847
2958
2951
0
0
2957
2944
295
3

2954
2202
0
189
2955
2957
1434
0
2118
2
9
49
2957
2960
2950
0
0
2957
2957
2921
0

4
95
2953
2946
2958
2951
1076
0
1370
2949

2
960
382
0
2667
2911
2956
2956
2841
0
0

2
959
2960
2361
2954
2958
0
0
2949
2959
29
5
4
0
64
2954
2869
2957
2957
1526
0
528
2
9
54
2955
884
0
2327
2933
2954
2954
2949
0


0
2959
2955
2688
0
605
2951
2867
2955
2
9
49
454
0
1709
2951
2951
0
0
2801
2899
29
6
0
2959
2535
0
0
2947
2960
1902
0
1572

2
949
2954
2951
2959
0
0
2959
2959
2955
0


0
2954
2895
2959
2957
1806
0
449
2957
29
6
0
1161
0
2459
2954
2951
2951
2946
0
0

2
954
2960
2811
0
777
2950
2931
2960
2959
6
4
6
0
1975
2953
2958
82
0
2953
2941
2957


2958
2679
0
0
2933
2951
2069
0
1909
2958


2954
2948
2950
0
0
2960
2956
2953
0
143


2957
2923
2960
2957
1836
0
537
2950
2959


1161
0
2529
2945
2957
2951
2950
0
0
295
3

2955
2794
0
783
2958
2927
2958
2959
2911


0
384
2955
2816
2956
2957
967
0
1136
2
9
50
2950
370
0
2704
2909
2957
2950
2879
0


0
2959
2963
2301
0
1462
2954
2928
2953
2
9
58
0
0
2895
2956
2961
0
0
2954
2827
29
5
3
2955
2013
0
188
2955
2953
1232
0
2176

2
945
2954
2955
2954
0
0
2951
2960
2832
0


527
2957
2797
2955
2960
718
0
1490
2960

2
960
0
0
2853
2890
2945
2949
2642
0
0
2
9
53
2942
1904
0
1739
2950
2930
2959
2957
0


0
2950
2951
2959
0
82
2957
2858
2951
2
9
60
1853
0
455
2957
2957
1092
0
2471
2953


2955
2957
2957
0
0
2957
2988
2797
0
845


2944
2928
2955
2957
846
0
1934
2951
2956


189
0
2953
2925
2970
2957
2714
0
0
2961


2961
2030
0
1850
2957
2951
2953
2947
292
5

0
401
2953
2759
2955
2954
1066
0
1088
2
9
55
2970
385
0
2754
2891
2955
2956
2890

0

0
2948
2955
2305
0
1424
2945
2871
2960

2
983
0
0
2785
2952
2954
0
17
2949
2817

2
955
2959
2009
0
210
2960
2951
1124
0
2275


2933
2954
2954
2960
0
0
2960
2957
2841


0
564
2956
2768
2949
2953
881
0
1330
2960


2956
194
0
2814
2866
2957
2957
2816
0

0

2955
2960
2137
0
1431
2951
2827
2957
296
0

0
0
2920
2958
2954
0
92
2958
2790
295
8

2959
1897
0
354
2953
2954
1089
0
2416
2
9
28
2953
2953
2947
0
0
2957
2950
2794
0


755
2949
2795
2955
2955
784
0
1729
2960
2
9
56
86
0
2954
2903
2953
2960
2758
0
0
2
9
48
2957
2018
0
1872
2954
2917
2960
2958
2
8
83
0
677
2956
2761
2954
2950
883
0
1407


2959
2954
0
0
2902
2801
2955
2953
2733
0


0
2947
2960
1942
0
1719
2948
2823
2953


2953
0
0
2955
2951
2949
0
48
2959
2674
2
9
54
2959
1901
0
269
2957
2955
1059
0
243
0

2928
2947
2959
2959
0
0
2950
2963
2774

0

720
2960
2701
2960
2955
800
0
1535
295
9

2960
16
0
2924
2834
2958
2957
2764
0
0


2959
2958
2000
0
1803
2949
2747
2960
295
5

0
0
2945
2955
2947
0
57
2959
2635
2960


2954
1914
0
235
2955
2956
944
0
2301
29
0
1
2832
2960
2957
0
0
2951
2969
2774
0
69
4

2954
2612
2962
2949
773
0
1535
2959
29
6
0
1
0
2957
2879
2957
2960
2803
0
0
2953


2958
2139
0
1933
2955
2867
2953
2949
294
3

0
638
2960
2761
2951
2958
1360
0
1021
2
9
58
2950
556
0
2864
2890
2954
2955
2935

0

0
2950
2956
2398
0
1566
2955
2645
2957

2
955
0
0
2624
2957
2956
0
17
2959
2672

2
960
2960
2174
0
93
2957
2958
1235
0
2251


2907
2773
2958
2954
0
0
2960
2957
2883
0


705
2957
2620
2959
2958
1019
0
1255
2953


2957
202
0
2914
2833
2960
2960
2909
0
0


2959
2955
2256
0
1683
2946
2657
2961
2954


0
0
2768
2960
2935
0
110
2959
2620
295
1

2956
2003
0
271
2953
2948
1065
0
2558


2915
2861
2959
2956
0
0
2951
2950
2747
0


691
2949
2481
2960
2958
770
0
1370
2953


2959
0
0
2937
2762
2954
2959
2813
0
0
29
6
0
2963
2074
0
1811
2948
2647
2957
2948

2
912
0
861
2951
2685
2954
2948
1309
0
1472


2954
2958
310
0
2957
2885
2966
2957
286
3

0
0
2958
2958
2108
0
1958
2946
2697
295
9

2955
0
0
2957
2958
2955
0
149
2954
26
3
9
2957
2960
2097
0
193
2960
2953
1100
0

2
387
2888
2706
2955
2956
0
0
2953
2957
2
8
02
0
784
2959
2479
2959
2955
826
0
1408
2
9
54
2951
0
0
2896
2741
2961
2958
2799
0


0
2948
2938
1975
0
1807
2933
2510
2958
29
5
1
0
0
2915
2957
2958
0
91
2954
2517
29
6
0
2954
2035
0
215
2951
2958
1011
0
2401


2888
2735
2960
2949
0
0
2959
2951
2798
0


816
2951
2448
2960
2953
944
0
1270
2953


2951
0
0
2921
2704
2951
2959
2813
0
0
2
9
52
2955
2021
0
1837
2940
0
2950
2953
26
8
4
0
1099
2955
2643
2957
2960
880
0
1813

2
947
2955
131
0
2950
2823
2950
2955
2823


0
0
2961
2951
2058
0
2133
2953
2737
2954


2954
0
0
2954
2955
2956
0
294
2959
2681


2955
2957
2201
0
336
2960
2957
1177
0
2
6
27
2910
2775
2960
2954
0
0
2960
2955
2839


0
930
2954
2618
2952
2956
1063
0
1441

2
958
2957
92
0
2950
2733
2957
2953
2843
0


0
2958
2950
2101
0
1871
2945
2511
2958

2
960
0
0
2902
2958
2960
0
199
2958
2559
2
9
57
2959
2107
0
194
2956
2957
1075
0
240
1

2876
2607
2957
2950
0
0
2955
2956
2797

0

769
2951
2358
2960
2951
912
0
1367
295
1

2957
0
0
2950
2742
2954
2958
2842
0
0

2
960
2944
2010
2957
2960
0
0
2952
2959
2
9
54
0
272
2957
2517
2958
2960
2000
0
414

2
954
2957
1063
0
2733
2901
2782
2960
2956

0

0
2957
2957
2774
0
928
2951
2470
2960


2951
1072
0
1462
2959
2955
157
0
2954
2
7
94
2958
2946
2867
0
0
2956
2956
2160
0
2
0
45
2950
2660
2947
2958
0
0
2947
2955
29
5
1
0
320
2955
2675
2956
2954
2249
0
303
2
9
55
2953
1296
0
2733
2925
2743
2959
2956


0
0
2957
2960
2864
0
959
2949
2523
2957

2
950
1120
0
1463
2950
2950
121
0
2949
27
3
9
2955
2954
2858
0
0
2951
2953
2122
0
19
4
9
2951
2521
2955
2957
0
0
2895
2959
295
8

0
192
2955
2511
2950
2960
2174
0
212
29
6
0
2957
1154
0
2459
2873
2475
2953
2960

2
054
0
1775
2940
2334
2951
2955
0
0
2786

2
958
2955
0
173
2954
2384
2951
2947
2279


0
129
2951
2959
1280
0
2331
2851
2434
295
4

2950
0
0
2951
2957
2825
0
867
2947
23
7
8
2959
2958
1130
0
1375
2954
2958
112
0

2
955
2657
2894
2954
2853
0
0
2950
2956
2
1
44
0
1931
2939
2373
2955
2954
0
0
2928
2
9
59
2954
0
225
2950
2586
2955
2955
2289

0

323
2960
2959
1417
0
2777
2933
2719
2954


2951
0
0
2960
2960
2871
0
1023
2954
24
9
6
2954
2955
1187
0
1518
2955
2959
262
0

2
954
2700
2914
2958
2864
0
0
2957
2957
21
8
4
0
1981
2946
2416
2951
2955
0
0
2927
2
9
57
2951
0
214
2951
2513
2947
2960
2960
5
3

0
2955
2704
2910
2956
2842
0
0
2959
294
9

2102
0
1911
2945
2359
2954
2960
0
0
2
8
63
2957
2956
0
141
2959
2426
2954
2960

2
177
0
194
2954
2961
1165
0
2545
2880
2368


2959
2953
0
0
2963
2960
2803
0
831
294
9

2321
2956
2955
1111
0
1369
2949
2958
80


0
2949
2681
2896
2954
2874
0
0
2960
297
4

2178
0
2079
2944
2383
2953
2958
0
0
294
4

2951
2954
0
225
2960
2556
2955
2958
22
5
1
0
305
2958
2951
1376
0
2701
2919
2615

2
960
2955
0
0
2959
2955
2858
0
1072
2960


2521
2955
2957
1282
0
1571
2959
2960
278


0
2959
2757
2932
2957
2895
0
0
2955
2958


2199
0
2075
2953
2559
2949
2960
0
0
2955


2949
2955
0
185
2959
2510
577
2957
2962


798
0
2603
2806
2351
2959
2951
0
0
2951


2949
2614
0
958
2956
2306
2947
2958
882


0
1521
2953
2959
0
0
2958
2645
2859
2955


2832
0
0
2959
2954
2006
0
1887
2952
225
3

2957
2959
0
0
2867
2957
2957
0
166
29
5
5
2496
2953
2949
2254
0
213
2950
2960
131
2

0
2589
2896
2356
2957
2958
0
0
2950
2
9
60
2815
0
833
2954
2367
2959
2957
1178
0


1414
2960
2959
256
0
2960
2711
2880
2957


2868
0
0
2958
2965
2043
0
1882
2942
220
8

2957
2953
0
0
2906
2957
2960
0
213
2951


2522
2955
2953
2311
0
259
2958
2949
137
8

0
2729
2919
2551
2959
2954
0
0
2958
295
5

2845
0
962
2955
2512
2958
2955
1350
0


1531
2957
2699
2793
2955
2879
0
0
2958
29
5
0
2159
0
1945
2950
2322
2956
2953
0
0

2
757
2955
2959
0
114
2955
2384
2953
2953
2
1
85
0
174
2955
2956
1214
0
2639
2918
247
7

2958
2958
0
0
2957
2942
2805
0
827
2954


2321
2958
2959
1160
0
1259
2958
2959
81


0
2950
2692
2850
2951
2875
0
0
2957
2961


2099
0
1872
2950
2269
2951
2958
0
0
28
0
0
2951
2957
0
156
2960
2456
2955
2958
223
4

0
145
2959
2949
1194
0
2557
2896
2350
2
9
59
2957
0
0
2946
2960
2822
0
963
2946

2
384
2957
2948
1281
0
1426
2957
2958
272


0
2956
2735
2842
2950
2891
0
0
2957
2961


2182
0
2071
2951
2463
2959
2960
240
0
2
9
40
2960
2957
0
294
2960
0
1299
2959
2950


261
0
2951
2722
2832
2951
2896
0
0
2950


2956
2174
0
1906
2937
2209
2960
2955
0
0


2681
2954
2953
0
147
2959
2420
2960
295
9

2261
0
139
2951
2954
1273
0
2498
2882
2
2
77
2960
2958
0
0
2960
2960
2771
0
752

2
961
2211
2959
2958
1221
0
1302
2960
2955

2
46
0
2958
2712
2802
2960
2861
0
0
2951


2951
2064
0
1852
2943
2230
2960
2959
0
0


2841
2960
2960
0
174
2958
2417
2950
2955


2262
0
122
2951
2960
1251
0
2477
2907
23
0
6
2956
2960
0
0
2959
2958
2810
0
819
2
9
59
2287
2953
2959
1137
0
1217
2960
2958
7
4

0
2950
2688
2750
2953
2890
0
0
2958
2
9
57
2118
0
2003
2954
2311
2960
2957
0
0
2
8
84
2959
2953
2960
2960
1360
0
1475
2957


2960
436
0
2955
2861
2953
2960
2935
0
0

2
959
2953
2251
0
2118
2953
2401
2960
2955


94
0
2919
2953
2949
0
240
2955
2585
2951


2958
2416
0
215
2953
2953
1349
0
2711

2
925
2404
2955
2960
0
0
2952
2950
2835
0

8
91
2959
2330
2957
2960
1323
0
1345
2953

2
955
327
0
2957
2800
2864
2959
2909
0
0
2
9
58
2957
2127
0
1879
2944
2249
2958
2954


60
0
2759
2934
2959
0
153
2954
2475
2950


2957
2316
0
114
2953
2952
1314
0
2543
2
9
13
2338
2959
2958
0
0
2955
2958
2823
0
8
2
1
2951
2349
2953
2954
1296
0
1283
2957

2
957
167
0
2958
2723
2695
2955
2896
0
0


2957
2964
2115
2951
2959
0
0
2951
2957
29
5
5
0
282
2960
2549
2957
2950
2261
0
271


2958
2951
1202
0
2631
2912
2420
2960
2957


0
0
2960
2948
2801
0
865
2958
2385
2955


2960
1424
0
1291
2957
2959
385
0
2953
28
4
7
2913
2952
2928
0
0
2959
2955
2287
0

2
086
2960
2373
2957
2957
221
0
2859
2963
2
9
60
0
240
2955
2608
2955
2955
2402
0
144


2957
2950
1345
0
2559
2927
2365
2954
2959


0
0
2955
2953
2829
0
781
2957
2331
2953


2955
1302
0
1270
2951
2949
245
0
2954
28
0
7
2785
2959
2919
0
0
2958
2959
2122
0

1
856
2974
2197
2957
2960
87
0
2661
2960
29
5
6
0
87
2957
2431
2954
2954
2350
0
46
2
9
57
2955
1296
0
2385
2910
0
2955
2957
2559


0
824
2957
2208
2950
2955
1059
0
1415

2
957
2954
0
0
2954
2715
2641
2954
2884
0


0
2957
2960
2034
0
1897
2948
2282
2958

2
957
131
0
2921
2955
2960
0
287
2955
2688


2960
2958
2461
0
266
2957
2957
1424
0
2
7
17
2943
2470
2960
2957
0
0
2960
2955
2845


0
922
2955
2495
2959
2953
1563
0
1391

2
960
2951
485
0
2957
2865
2893
2960
2938
0


0
2949
2955
2221
0
1984
2947
2421
2956


2955
302
0
2910
2949
2950
0
238
2953
2617


2956
2954
2469
0
121
2951
2958
1360
0

2
507
2928
2315
2955
2957
0
0
2958
2954
281
7

0
828
2959
2371
2958
2954
1389
0
1291


2958
2951
200
0
2953
2782
2649
2957
2953

1
077
0
2480
2914
2270
2951
2959
0
0
2954


2947
2775
0
816
2958
2405
2962
2946
1519


0
1313
2954
2959
2958
2956
2958
2959
2949


2959
2954
2814
2955
2955
2950
2955
2953

2
955
2947
2958
2955
2954
2959
2955
2959
295
5

2951
2959
2959
2958
2953
2960
2957
2926


0
1956
2949
2960
2482
342
2958
2775
1094


2953
2741
0
0
2138
2954
1787
0
0
2432

1
375
2735
2959
740
0
511
2953
2949
0
0

2
943
2928
2979
2959
2945
0
0
2955
2951
255
9

0
2651
2963
2838
2957
2955
835
0
2958


2948
2949
0
126
2951
2127
2345
2955
2957

0

0
2066
2418
1529
2955
2937
0
0
2953
2
9
53
1967
0
878
2818
1411
2960
2960
0
0
12
3
2
2956
2882
0
0
1600
819
855
2954
1648


0
0
2954
2955
0
0
465
1170
0
2864
2945

0

0
2174
2957
2158
0
0
1738
633
1615
29
6
0
929
0
0
2959
2953
0
0
1331
1648
495
2
9
51
2835
0
0
2960
2949
1396
0
0
1627
21
0

1975
2961
0
0
502
2957
2894
0
0
1210
8
1
7
476
2957
2128
0
0
2957
2954
336
0
63
7

1971
629
2960
2958
0
0
2174
2960
2803
0


0
2559
1825
2311
2957
1978
0
0
2955
29
5
9
589
0
2017
2813
1840
2957
2955
0
0
296
0

2943
2620
0
623
2959
2224
2950
2953
14
8
9
0
1266
2951
2955
336
0
2953
2919
2906

2
951
2947
0
0
2958
2960
2438
0
2623
2972


2913
2959
2960
1065
0
2959
2960
2955
746


1317
2950
2946
2947
2957
2849
0
925
2954


2953
2256
450
2959
2957
2950
2953
2950
28
7
9
230
2381
2960
2951
2957
2953
1808
0
28
3
2
2987
2959
1031
737
2951
2947
2956
2954

2
953
0
107
2957
2959
2374
0
2948
2957
29
0
1
2955
2959
683
0
2959
2955
2954
162
1242


2957
2922
2955
2955
2490
0
1374
2958
29
5
1
1655
112
2958
2960
2949
2958
2960
0
0

2
957
2957
2821
0
2138
2955
2928
2958
2953


1616
0
2638
2949
2957
479
479
2951
2926

2
970
2953
2903
0
144
2955
2953
2019
0
28
7
9
2950
2817
2954
2958
192
0
2955
2953
2
9
55
0
1179
2959
2865
2950
2961
2384
0
1298


2959
2953
1433
2958
2930
0
0
2949
2956

2
187
0
2817
2951
2843
2951
2955
462
0
295
5

2948
2956
0
886
2955
2818
2954
2956
237
2

0
903
2960
2957
1360
0
2949
2946
2826

2
954
2951
0
0
2950
2957
2624
0
1390
2960


2596
2951
2959
1195
0
2099
2949
2958
0
10
0

2951
2797
2950
2955
2820
0
0
2953
2959


1788
0
2499
2945
2559
2954
2957
0
0
2960


2956
2939
0
774
2960
2672
2949
2951
204
5

0
902
2958
2949
886
0
2949
2937
2675
29
5
7
2957
0
0
2959
2947
2490
0
1719
2950
2
4
25
2958
2949
645
0
2382
2957
2955
0
91


2959
2684
2930
2960
2640
0
0
2960
2955

1
301
0
2288
2943
2252
2960
2956
0
0
2958

2
960
2832
0
511
2949
2326
2957
2959
2954


0
183
2954
2691
2959
2949
2559
0
128
2960


2947
1360
0
2608
2948
2469
2956
2955
0


0
2951
2955
2834
0
1006
2956
2583
2960
29
5
8
1670
0
1450
2960
2951
434
0
2954
2888


2778
2959
2944
0
0
2955
2954
2064
0
1828


2958
2363
2955
2958
419
0
2789
2954
295
7

0
178
2954
2614
2958
2960
2503
0
80
295
5

2960
1372
0
2638
2941
2405
2955
2951
0


0
2956
2956
2779
0
727
2960
2365
2962
2
9
56
1458
0
1187
2959
2959
182
0
2934
2807

2
511
2960
2927
0
0
2954
2959
1904
0
1637


2953
2201
2960
2957
154
0
2714
2951
2949


0
54
2959
2528
2926
2953
2491
0
28
2957


2955
1259
0
2495
2937
2310
2958
2953
2128


0
976
2949
2039
2957
2957
455
0
1966
2
9
56
2953
0
0
2955
2537
2786
2957
2639
0


0
2957
2951
1395
0
2352
2944
2319
2957
29
5
4
0
0
2955
2959
2834
0
666
2951
2490
2
9
51
2951
1809
0
1021
2954
2956
511
0
2896


2879
2547
2960
2956
0
0
2958
2955
2335

0

1764
2949
2508
2951
2951
880
0
2452
2957


2954
0
176
2949
2723
2954
2955
2611
0

0

2955
2957
1318
0
2394
2947
2243
2957
295
6

0
0
2953
2954
2788
0
466
2953
2274
29
5
1
2951
1535
0
745
2949
2954
124
0
2658
2
7
97
2289
2949
2947
0
0
2961
2951
2160
0


1402
2954
2196
2955
2960
536
0
2195
2955

2
955
0
0
2955
2637
2879
2959
2640
0
0
2
9
57
2955
1346
0
2215
2929
2195
2959
2958
1
9
19
0
1632
2956
2230
2955
2959
208
0
267
1

2956
2947
0
59
2950
2544
2906
2958
2484


0
0
2954
2960
1171
0
2327
2927
2274
295
5

2949
0
0
2960
2958
2772
0
787
2957
2475


2958
2955
1578
0
1283
2960
2950
368
0

2
955
2881
2802
2955
2950
0
0
2960
2958
215
7

0
2037
2955
2559
2951
2955
548
0
2913

2
957
2958
0
307
2958
2789
2962
2951
2635
0


185
2960
2956
1514
0
2797
2949
2657
295
0

2959
0
0
2960
2955
2798
0
867
2953
2547


2957
2956
1578
0
1362
2957
2959
370
0

2
955
2846
2641
2958
2935
0
0
2960
2955
203
7

0
1778
2953
2370
2955
2960
291
0
2757


2974
2953
0
115
2959
2608
2946
2955
2956

0

0
2943
2706
2704
2960
2849
0
0
2955
2
9
59
1608
0
1823
2944
2185
2957
2954
0
0
2
9
51
2950
2935
0
171
2959
2535
2957
2958

2
274
0
96
2959
2958
860
0
2366
2909
2202


2958
2954
0
0
2953
2951
2544
0
535
2955


2253
2955
2960
1323
0
1089
2960
2958
16


0
2870
2797
2555
2960
2943
0
0
2957
2949


2082
0
1913
2960
2480
2957
2957
352
0
2
9
28
2957
2958
0
289
2960
2751
2956
2955
25
5
9
0
224
2960
2963
1451
0
2726
2951
2688


2959
2959
0
0
2958
2951
2820
0
1067
2954


2679
2953
2959
1794
0
1456
2960
2960
555


0
2960
2914
2915
2956
2954
0
0
2954
2960

2220
0
2047
2957
2666
2957
2949
688
0
2938
2957
2647
2959
2958
2278
0
313
2954
2
9
58
944
0
2604
2927
2448
2946
2955
0
0

2
955
2962
2632
0
905
2954
2437
2955
2950


1462
0
1357
2956
2958
178
0
2944
2825
2670


2960
2929
0
0
2957
2961
1904
0
1648
29
4
8
2286
2960
2960
225
0
2698
2948
2951
0

8
5
2960
2621
2953
2956
2485
0
14
2959
29
5
8
1171
0
2206
2916
2224
2958
2955
0
0
29
5
8
2955
2735
0
656
2958
2411
2958
2957
1
5
06
0
1117
2960
2953
147
0
2879
2807
2605


2951
2932
0
0
2960
2955
2027
0
1817
293
9

2399
2957
2957
322
0
2896
2951
2955
0
1
8
2
2954
2693
2949
2950
2529
0
70
2957
29
5
4
1382
0
2601
2945
2557
2951
2957
0
0

2
951
2959
2845
0
947
2957
0
2801
2959
2947


0
32
2955
2547
2922
2947
2383
0
0
2955


2955
997
0
2171
2917
2244
2955
2960
0
0


2960
2950
2701
0
575
2956
2352
2955
2959


1456
0
1117
2958
2955
82
0
2831
2800
251
2

2946
2930
0
0
2958
2958
1830
0
1485
294
5

2135
2960
2957
125
0
2602
2947
2945
0


57
2959
2602
2938
2957
2474
0
0
2957
2960


1134
0
2178
2927
2293
2960
2955
0
0
29
5
4
2957
2735
0
655
2953
2374
2951
2960
147
0

0
994
2953
2959
0
0
2559
2703
2352
29
5
8
2921
0
0
2955
2954
1898
0
1591
2957
22
7
1
2954
2958
176
0
2764
2960
2951
0
112


2952
2657
2946
2960
2528
0
126
2956
2954

1
422
0
2611
2955
2695
2949
2957
0
0
2957


2954
2799
0
935
2960
2717
2955
2960
2946


0
576
2953
2774
2958
2953
2124
0
899
29
5
9
2956
944
0
2902
2944
2793
2953
2959
0


0
2959
2955
2488
0
1603
2948
2507
2954
2
9
55
778
0
2437
2955
2954
0
105
2955
2771


2957
2959
2705
0
0
2949
2955
1442
0
2159


2943
2459
2957
2955
0
0
2958
2954
2865


0
694
2959
2625
2960
2954
1872
0
1061
296
0

2954
669
0
2909
2927
2742
2956
2949
0


0
2955
2955
2226
0
1574
2958
2494
2959
29
5
4
506
0
2594
2951
2949
0
78
2953
2661

2
955
2955
2464
0
16
2951
2957
1152
0
2236


2935
2303
2960
2954
0
0
2957
2954
2676

0

613
2959
2445
2959
2960
1517
0
1169
2956


2950
194
0
2818
2838
2621
2951
2942
0

0

2953
2954
2610
2949
2948
0
0
2954
2951

2
882
0
506
2950
2739
2959
2958
2129
0
861


2960
2955
970
0
2801
2947
2675
2959
2953


0
0
2950
2955
2411
0
965
2954
2501
2955


2951
1040
0
1935
2961
2959
0
0
2931
2707


2783
2955
2725
0
0
2955
2957
1479
0
18
9
8
2940
2282
2958
2960
0
0
2960
2961
2880


0
315
2949
2512
2955
2958
1870
0
709
29
5
7
2958
566
0
2557
2893
2349
2954
2960
0
0
2953
2951
2253
0
1199
2957
2263
2955
2
9
60
528
0
2161
2958
2949
0
0
2911
2624

2
762
2960
2609
0
0
2960
2951
1296
0
1965

2
939
2235
2950
2960
0
0
2951
2959
2810
0


407
2959
2442
2957
2953
1614
0
949
2959

2
973
96
0
2634
2768
2366
2960
2928
0
0

2
954
2950
1907
0
1446
2945
0
2955
2957
251
2

0
779
2954
2594
2954
2952
1422
0
1650


2959
2958
418
0
2951
2902
2858
2958
2938

0

0
2959
2960
2141
0
1947
2938
2688
2958


2955
386
0
2960
2953
2954
0
254
2958
281
1

2958
2960
2559
0
272
2957
2954
1432
0

2
523
2945
2624
2955
2961
0
0
2958
2957
26
9
4
0
587
2949
2479
2955
2958
1535
0
1201


2958
2959
309
0
2836
2875
2559
2955
2944


0
0
2957
2955
2034
0
1691
2954
2415
2957


2959
176
0
2927
2983
2941
0
49
2959
266
6

2928
2955
2475
0
71
2956
2957
1198
0
21
8
6
2935
2288
2957
2947
0
0
2956
2956
273
3

0
559
2950
2496
2959
2958
1507
0
1247
2
9
53
2957
219
0
2835
2864
2550
2949
2960

9
48
0
2105
2931
2215
2961
2955
0
0
2955
2
9
51
2670
0
585
2955
2507
2955
2959
1569

0

1365
2951
2951
500
0
2947
2922
2809
2953


2955
0
0
2951
2955
2241
0
1913
2959
26
7
4
2954
2954
555
0
2956
2957
2951
0
289


2955
2860
2949
2960
2625
0
209
2955
2959


1494
0
2512
2949
2514
2951
2958
0
0
2958


2954
2788
0
690
2954
2639
2958
2956
1621


0
1420
2959
2957
498
0
2932
2897
2746
29
4
7
2949
0
0
2955
2955
2180
0
1819
2960
2
5
12
2956
2954
229
0
2950
2964
2944
0
90
2
9
60
2735
2944
2958
2528
0
112
2949
2944

1
255
0
2163
2944
2260
2960
2955
0
0
2958

2
960
2711
0
549
2954
2496
2953
2951
2960


0
18
2960
2645
2882
2959
2478
0
38
2955

2
960
1188
0
2112
2941
2208
2959
2954
0
0


2959
2959
2704
0
475
2951
2413
2956
2957


1456
0
1335
2959
2959
288
0
2813
2852
2
5
12
2951
2942
0
0
2951
2955
2062
0
1680
2
9
51
2507
2959
2958
452
0
2968
2960
2951

0

138
2959
2794
2955
2949
2596
0
158
295
3

2954
1474
0
2496
2950
2559
2959
2954
0
0
2960
2951
2829
0
855
2951
2734
2956
2958
1728
0
1637
2951
2957
662
0
2961
2935

2823
2959
2954
0
0
2958
2960
2191
0
1744


2959
2536
2953
2960
406
0
2935
2957
2953


0
50
2947
2686
2924
2957
2528
0
98
2951


2960
1302
0
2229
2950
2311
2951
2957
1808


0
1651
2948
2258
2960
2951
0
0
2959
29
5
4
2934
0
76
2953
2641
2943
2956
2359
0
2
8
5
2959
2955
1091
0
2382
2938
2288
2959

2
960
0
0
2947
2946
2602
0
575
2953
2451
2
9
54
2960
1460
0
1287
2959
2954
221
0
2744


2816
2368
2957
2923
0
0
2947
2958
1941

0

1506
2950
2338
2955
2961
208
0
2905
296
0

2957
0
75
2951
2702
2943
2957
2521
0
15
3

2955
2951
1370
0
2325
2957
2405
2955
2
9
54
0
0
2957
2956
2802
0
816
2953
2667
29
5
7
2957
1693
0
1535
2960
2951
565
0
2960


2922
2766
2954
2950
0
0
2961
2958
2229
0


1927
2952
2707
2948
2959
593
0
2957
295
1

2958
0
187
2957
2811
2954
2955
2599
976


0
2624
2943
2480
2953
2960
0
0
2952
296
0

2544
0
1006
2951
2415
2953
2960
899
0


1989
2951
2950
0
0
2957
2752
2777
2960
27
5
8
0
0
2949
2955
1627
0
1995
2951
2258

2
948
2959
0
0
2960
2958
2884
0
330
2959
2
5
55
2960
2950
1974
0
882
2949
2955
827
0


2726
2915
2371
2955
2955
0
0
2955
2959
2
3
63
0
1347
2949
2410
2960
2952
654
0
250
3

2954
2954
0
0
2954
2690
2767
2958
2630

0

0
2957
2955
1382
0
2069
2947
2283
2955


2950
0
0
2959
2959
2860
0
614
2955
2559


2960
2957
1769
0
1299
2955
2957
448
0
29
4
9
2914
2690
2954
2943
0
0
2957
2957
2182


0
1893
2950
2638
2958
2955
442
0
2947
2
9
47
2955
0
195
2959
2819
2960
2958
2951

5
66
0
2946
2895
2651
2958
2935
0
0
2959
2
9
51
1983
0
1534
2946
2275
2955
2959
208
0


2894
2953
2935
0
54
2957
2691
2916
2955

2
493
0
112
2960
2960
1269
0
2207
2938
22
4
1
2956
2955
0
0
2951
2955
2731
0
591
295
9

2384
2951
2960
1421
0
1376
2950
2958
2
0
8
0
2867
2864
2467
2959
2931
0
0
2955
29
5
1
2011
0
1535
2956
2290
2957
2957
192
0


2901
2955
2957
0
2
2955
2640
2873
2954
2
4
78
0
47
2957
2955
1246
0
2196
2947
2257


2957
2965
0
0
2949
2951
2739
0
511
2960


2385
2955
2957
1364
0
1247
2950
2953
172


0
2844
2864
2451
2960
2933
0
0
2957
295
0

2022
0
1616
2950
2397
2957
2959
272
0


2928
2957
2762
2958
2951
2352
0
556
2947

2
951
1259
0
2716
2981
2528
2958
2953
0
0


2951
2955
2599
0
702
2960
2448
2960
2959


1428
0
1639
2961
2960
255
0
2935
2864
2
5
12
2950
2927
0
0
2960
2953
1904
0
1483
2
9
55
2323
2958
2955
137
0
2928
2960
2947
0


48
2953
2591
2817
2951
2417
0
121
2957

2
959
1201
0
2239
2945
2313
2951
2957
0
0


2958
2955
2701
0
528
2949
2402
2957
2957


1470
0
1362
2960
2951
282
0
2901
2861
2453
2948
2928
0
0
2955
2959
1973
0
1439
29
5
1
2250
2955
2959
192
0
2909
2957
2959

0

0
2951
2597
2773
2954
2437
0
65
2957
295
7

1290
0
2174
2946
2219
2947
2953
0
0
2
9
60
2955
2725
0
492
2957
0
2963
2949
2943


0
144
2951
2736
2954
2947
2512
0
272
29
6
0
2959
1507
0
2640
2954
2546
2951
2958
0


0
2955
2958
2779
0
729
2956
2645
2958
2
9
59
1712
0
1556
2958
2955
617
0
2957
2923


2629
2960
2935
0
0
2954
2959
2141
0
177
3

2953
2559
2957
2960
296
0
2916
2958
2939


0
66
2957
2646
2874
2958
2480
0
141
29
5
7
2954
1281
0
2262
2949
2313
2954
2950
0


0
2954
2962
2758
0
617
2959
2436
2960
2
9
51
1462
0
1411
2950
2953
273
0
2867
2844


2389
2957
2927
0
0
2956
2959
2000
0
158
3

2951
2357
2954
2949
212
0
2867
2959
29
5
0
0
0
2950
2633
2877
2955
2489
0
140
295
4

2958
1344
0
2320
2947
2299
2960
2957
2
3
96
0
852
2951
2337
2949
2959
912
0
2014

2
950
2955
0
0
2948
2832
2704
2958
2871
0


0
2956
2950
1873
0
1931
2951
2349
2951
2
9
54
0
0
2959
2953
2941
0
200
2958
2749

2
960
2953
2389
0
455
2955
2955
1194
0
2559


2955
2485
2960
2950
0
0
2960
2953
2785


0
854
2956
2618
2958
2960
1571
0
1527
295
5

2953
538
0
2949
2917
2707
2955
2944
0

0

2952
2958
2176
0
1647
2957
2438
2959
295
4

336
0
2929
2954
2950
0
112
2959
2737

2
945
2957
2497
0
186
2959
2957
1259
0
2187
2947
2258
2959
2960
0
0
2960
2960
2757
0
587
2958
2423
2957
2960
1383
0
1315
2950
2960
318
0
2942
2896
2539
2960
2955
1595
0
1998
2950
2143
2953
2957
0
0
2960
2957
2847
0
277
2957
2559
2960
2955
1840
0
651
2954
2959
647
0
2618
2927
2249
2959
2951
0
0
2959
2960
2411
0
1379
2960
2403
2953
2959
667
0
2559
2959
2960
0
0
2960
2800
2946
2960
2660
0
92
2957
2955
1638


0
2383
2960
2422
2958
2957
0
0
2959
2958


2870
0
667
2954
2671
2960
2960
1780
0

1
360
2953
2954
475
0
2951
2921
2780
2960
2
9
43
0
0
2957
2959
2337
0
2182
2949
2761


2957
2960
334
0
2960
2954
2957
0
127
2949


2695
2950
2960
2559
0
336
2955
2950
141
1

0
2436
2951
2409
2954
2959
0
0
2951
296
0

2720
0
607
2953
2467
2955
2955
1390
0


1383
2995
2842
2285
2958
2923
0
0
2955
29
6
0
1986
0
1564
2955
2266
2960
2950
126
0


2880
2948
2945
0
50
2961
2710
2939
2953

2
559
0
277
2955
2960
1246
0
1795
2903
199
8

2955
2955
0
0
2958
2951
2748
0
618
296
0

2420
2959
2955
1297
0
1165
2942
2958
257


0
2750
2741
2154
2959
2934
0
0
2957
29
5
8
1991
0
1562
2955
2401
2955
2949
304
0


2939
2963
2949
0
128
2958
2801
2958
2960


2529
0
209
2960
2959
1461
0
2478
2955
2
3
26
2955
2957
0
0
2960
2958
2847
0
830
29
5
8
2647
2950
2957
1728
0
1735
2955
2958

6
47
0
2958
2950
2926
2960
2960
0
0
2959
2
9
57
2380
0
2206
2957
2544
2954
2960
93
0


2949
2958
2626
2938
2958
2352
0
369
2957


2960
1323
0
2447
2945
2257
2955
2947
0

0

2951
2957
2672
0
511
2953
2443
2954
2957


1467
0
1268
2951
2947
272
0
2919
2858

2
422
2959
2927
0
0
2951
2950
2090
0
1613

2
960
2261
2951
2959
215
0
2944
2957
2957


0
111
2951
2800
2955
2953
2506
0
18
2950


2960
1158
0
2225
2938
1977
2957
2960
0

0

2959
2958
2767
0
631
2955
2311
2958
2960


1353
0
1399
2992
2960
0
0
2689
2832
23
8
1
2960
2919
0
0
2957
2949
2032
0
1698
29
5
6
2441
2955
2960
55
0
2923
2951
2956
0

4
8
2957
2683
2939
2950
2489
0
305
2958
29
5
7
1456
0
2370
2954
2406
2958
2959
0
0
2
9
58
2958
2816
0
767
2958
0
2950
2960
2951


0
26
2957
2692
2942
2955
2411
0
225
295
1

2958
1135
0
2333
2950
2355
2960
2953
0

0

2958
2960
2747
0
496
2954
2417
2954
29
5
8
1378
0
1440
2955
2950
359
0
2919
2879

2
607
2958
2939
0
0
2958
2955
2113
0
1695


2957
2377
2960
2957
36
0
2944
2959
2954

0

81
2947
2673
2934
2958
2413
0
239
2957


2957
1265
0
2250
2943
2229
2950
2958
0
0


2958
2960
2771
0
592
2955
2410
2947
295
8

1378
0
1362
2955
2948
319
0
2928
2883
2
5
34
2955
2923
0
0
2959
2955
1990
0
1442


2950
2110
2955
2954
36
0
2833
2953
2955


0
16
2949
2605
2874
2959
2426
0
154
2956


2960
1245
0
2281
2953
2327
2955
2970
208
9

0
1978
2946
2541
2959
2960
103
0
2955
2
9
58
2956
0
260
2954
2766
2957
2959
2349
0


445
2951
2951
1291
0
2453
2950
2412
2948


2950
0
0
2958
2951
2704
0
659
2951
2480


2958
2954
1285
0
1418
2951
2959
242
0
28
3
5
2846
2439
2955
2911
0
0
2951
2958
196
5

0
1506
2951
2199
2957
2956
60
0
2928
29
6
0
2953
0
6
2951
2635
2880
2957
2364
0

1
38
2956
2959
1234
0
2198
2950
2213
2957
2
9
57
0
0
2951
2959
2772
0
559
2955
2395

2
953
2960
1306
0
1405
2962
2952
258
0
2907


2862
2547
2960
2930
0
0
2954
2959
2062


0
1567
2955
2192
2960
2954
0
0
2929
2947


2975
0
33
2957
2640
2896
2960
2418
0
144


2957
2960
2559
2959
2954
0
0
2953
2955


2363
0
1563
2960
2540
2947
2950
609
0
2
7
15
2959
2951
0
71
2958
2836
2955
2960
270
8

0
129
2954
2979
1717
0
2409
2944
2559


2957
2949
0
0
2975
2955
2909
0
689
2959

2
595
2953
2959
1613
0
1311
2957
2958
412


0
2950
2930
2739
2949
2942
0
0
2960
2960


2132
0
1615
2950
2317
2958
2955
80
0
29
2
1
2951
2949
0
42
2957
2684
2940
2957
2487


0
180
2954
2957
1406
0
2336
2957
2309

2
960
2953
0
0
2955
2953
2816
0
667
2953
2
5
22
2951
2954
1422
0
1403
2956
2958
304

0

2928
2861
2491
2955
2932
0
0
2955
2951

2
102
0
1535
2956
2288
2951
2958
111
0
2930


2955
2955
0
7
2957
2704
2928
2954
2959


0
0
2949
2799
2663
2954
2830
0
0
2949
29
6
0
1804
0
1843
2945
2369
2953
2959
0
0

2
955
2957
2952
0
222
2955
2736
2957
2953
2
3
50
0
546
2951
2960
1453
0
2797
2951
268
3

2953
2946
0
0
2955
2950
2800
0
637
2958


2536
2955
2958
1535
0
1510
2960
2955
70
5

0
2959
2906
2655
2957
2937
0
0
2960
2
9
55
2144
0
1675
2960
2288
2960
2950
192
0


2949
2949
2954
0
3
2955
2737
2951
2957

2
435
0
208
2954
2949
1425
0
2351
2949
2208


2949
2951
0
0
2960
2954
2746
0
511
294
9

2398
2954
2959
1339
0
1310
2955
2955
270


0
2813
2789
2270
2960
2915
0
0
2954
29
5
5
1984
0
1678
2960
2256
2958
2957
214
0

2
890
2956
2665
2958
2953
2066
0
304
2960
2955
880
0
2205
2928
2065
2951
2945
0
0
2955
2950
2547
0
482
2958
2149
2956
2955
1107
0
1616
2957
2958
77
0
2945
2870
2608


2959
2899
0
0
2957
2957
2078
0
1672
29
4
9
2256
2949
2957
17
0
2946
2957
2943
0
2
3

2953
2749
2957
2959
2473
0
279
2957
29
6
0
1470
0
2467
2954
2357
2961
2954
0
0
29
5
6
2955
2841
0
815
2959
2698
2952
2945
1
6
87
0
1648
2954
2958
711
0
2959
2937
2839


2955
2949
0
0
2955
2956
2062
0
1671
2961


2539
2953
2960
5
0
2954
2949
2951
0
16

2
960
2635
2908
2951
2438
0
144
2957
2959


1309
0
2288
2955
2377
2951
2957
0
0
2958


2958
2695
0
663
2959
2495
2958
2958
2938


0
379
2950
2593
2958
2951
1869
0
804
295
4

2958
715
0
2611
2929
2395
2960
2957
0


0
2953
2960
2493
0
934
2952
2452
2953
2953
838
0
2133
2957
2949
0
0
2960
2842
2946
2950
2682
0
0
2954
2954
1666
0
1791
2930
1985
2961
2955
0
0
2958
2954
2910
0
397
2960
2642
2960
2960
1870
0
849
2954

2
950
871
0
2863
2954
2523
2955
2947
0
0
2
9
55
2961
2587
0
1469
2960
2559
2955
2958
715
0
2625
2951
2951
0
67
2955
2839
2949
2958
2693
0
77
2959
2947
1747
0
2322
295
8

2489
2958
2955
0
0
2959
2956
2883
0
594


2959
2559
2957
2960
1697
0
1250
2953
29
5
4
818
0
2929
2943
2559
2958
2959
0
0
295
8

2946
2273
0
1313
2959
0
2918
2947
2944


0
0
2954
2592
2819
2960
2313
0
170
2954
2951
1338
0
2382
2944
2224
2949
2954
0
0
2959
2953
2692
0
464
2951
2480
2953
2949
1390
0
1351
2958
2960
304
0
2823
2838
2367
2960
2917
0
0
2960
2957
1978
0
1486
2949
2202
2963
2959
0
0
2825
2957
2953
0
0
2953
2587
2795
2960
2438
0
129
2961
2958
1328
0
2176
2946
2279
2957
2955
0
0
2962
2954
2807
0
574
2954
2490
2955
2950
1465
0
1488
2928
2953
615
0
2955
2923
2736
2953
2921
0
0
2956
2955
2160
0
1573
2956
2605
2957
2951
393
0
2950
2955
2955
0
80
2957
2810
2957
2953
2546
0
278
2976
2951
1641
0
2621
2951
2491
2959
2953
0
0
2958
2951
2815
2953
2951
1520
0
1095
2960
2960
293
0
2853
2856
2528
2957
2928
0
0
2950
2959
2129
0
1595
2960
2347
2954
2960
158
0
2899
2948
2954
0
6
2960
2690
2931
2948
2480
0
150
2959
2959
1408
0
2257
2
944
2355
2954
2955
0
0
2960
2955
2683
0
449
2955
2343
2960
2952
1399
0
1409
2957
2957
285
0
2819
2849
2435
2955
2927
0
0
2957
2958
2077
0
1503
2955
2279
2955
2957


0
0
2787
2955
2957
0
0
2948
2608
2843
29
5
1
2462
0
78
2965
2951
1369
0
2190
2951


2270
2955
2950
0
0
2957
2956
2858
0
549

2
961
2595
2954
2951
1751
0
1279
2951
2958


880
0
2937
2935
2688
2954
2953
0
0
2960


2955
2431
0
1616
2959
2625
2960
2955
295
3

0
255
2960
2607
2957
2960
2096
0
713

2
955
2934
1108
0
2672
2934
2417
2958
2960

0

0
2957
2955
2541
0
881
2953
2368
2951


2957
860
0
2039
2960
2959
0
0
2957
2749

2
723
2957
2722
0
0
2950
2957
1657
0
1917


2958
2268
2951
2960
0
0
2960
2959
2921
0


293
2960
2539
2959
2954
1877
0
891
2957


2951
871
0
2691
2927
2374
2956
2954
0
0


2950
2957
2481
0
1355
2958
2399
2960
295
5

466
0
2487
2958
2954
0
0
2959
2693
2811


2955
2629
0
0
2960
2959
1584
0
2071
29
5
3
2323
2956
2950
0
0
2955
2951
2895
0
49
9

2954
2539
2951
2959
1683
0
1200
2960
2
9
59
689
0
2834
2931
2544
2959
2951
0
0
29
5
3
2960
2400
0
1563
2954
2437
2962
2960

2
914
0
631
2955
2697
2955
2960
1808
0
1410


2959
2954
627
0
2960
2925
2751
2957
2945


0
0
2960
2957
2206
0
1703
2959
2471
2958


2949
106
0
2937
2959
2959
0
16
2958
26
7
9
2928
2954
2463
0
153
2967
2959
1374
0

2
176
2945
2237
2955
2976
0
0
2960
2960
2
8
32
0
580
2960
2474
2960
2955
1380
0
1399


2958
2960
301
0
2885
2863
2438
2959
2933


0
0
2960
2951
2141
0
1477
2955
2294
2960


2959
78
0
2889
2951
2950
0
0
2959
2626


2891
2957
2462
0
147
2932
2955
1410
0
22
5
7
2951
2312
2958
2959
0
0
2957
2959
279
8

0
475
2953
2379
2952
2954
1349
0
1349

2
958
2957
231
0
2832
2832
2409
2960
2958
1
3
60
0
2359
2950
2445
2954
2959
0
0
2951


2959
2832
0
714
2960
2611
2959
2955
1604

0

1518
2958
2949
638
0
2950
2928
2864
29
5
5
2951
0
0
2960
2957
2320
0
1865
2958
25
5
9
2953
2956
372
0
2946
2953
2959
0
75

2
956
2768
2956
2955
2488
0
225
2950
2950
1
5
35
0
2325
2950
2336
2959
2967
0
0
2953


2960
2793
0
530
2953
2446
2955
2958
1373

0

1360
2960
2947
267
0
2859
2857
2418
29
6
0
2933
0
0
2955
2957
2094
0
1477
2953
22
7
9
2957
2958
139
0
2864
2955
2958
0
0
29
6
0
2674
2920
2955
2441
0
131
2955
2958
1
2
87
0
2171
2944
2227
2951
2957
0
0
2959
2
9
52
2338
0
496
2960
2446
2954
2957
2944

0

0
2959
2610
2818
2957
2449
0
87
2957
29
5
8
1360
0
2155
2945
2256
2951
2969
0
0

2
960
2955
2832
0
591
2953
2503
2958
2958
1
4
65
0
1423
2954
2958
475
0
2955
2909
270
4

2957
2934
0
0
2958
2951
2278
0
1757
2
9
54
2585
2954
2960
278
0
2951
2957
2952
0
133
2951
2802
2958
2960
2585
0
304
2959

2953
1610
0
2473
2947
2475
2956
2955
0
0


2960
2956
2832
0
639
2955
2547
2954
2948


1575
0
1468
2949
2949
424
0
2929
2903
26
2
7
2961
2934
0
0
2959
2958
2160
0
1679
29
5
1
2352
2955
2957
66
0
2944
2958
2959
0


0
2960
2666
2906
2958
2410
0
127
2959
295
4

1307
0
2116
2943
2173
2958
2959
0
0
2
9
57
2955
2751
0
443
2954
0
2944
2954
2945


0
0
2947
2625
2895
2957
2402
0
144
2950


2957
1329
0
2183
2946
2222
2959
2954
0
0


2959
2955
2753
0
498
2960
2434
2958
295
7

1478
0
1375
2958
2945
448
0
2939
2893
2
5
97
2955
2945
0
0
2957
2953
2208
0
1621


2968
2485
2954
2960
283
0
2946
2953
2951

0

97
2954
2768
2960
2957
2559
0
239
2950


2955
1637
0
2487
2951
2555
2959
2959
0
0


2955
2957
2899
0
820
2951
2752
2960
295
5

1702
0
1679
2957
2946
726
0
2955
2927


2743
2959
2946
0
0
2955
2953
2224
0
1741
2939
2496
2955
2954
303
0
2938
2956
2951
0
19
2957
2689
2943
2960
2450
0
106
2947

2953
1389
0
2261
2949
2344
2955
2954
23
9
8
0
1202
2957
2307
2956
2951
560
0
2273

2
955
2950
0
0
2957
2710
2845
2957
2592
0


0
2953
2957
1535
0
2117
2948
2306
2957
2
9
60
0
0
2959
2953
2870
0
368
2959
2416

2
959
2955
1501
0
1072
2954
2954
182
0
2734


2823
2378
2957
2928
0
0
2959
2953
2059


0
1475
2952
2251
2951
2955
0
0
2928
2956


2951
0
37
2960
2714
2955
2945
2513
0
247


2955
2958
1493
0
2419
2948
2481
2960
2955


0
0
2955
2959
2870
0
691
2954
2638
296
0

2957
1634
0
1510
2958
2960
663
0
2955
2
9
34
2807
2960
2946
0
0
2951
2960
2284
0
1829
2957
2518
2954
2959
252
0
2953
2955
2951
0
144
2960
2782
2950
2956
2478
0
223
2962
2960
2394
2959
2959
0
0
2957
2959
2321
0
1198
2953
2266
2950
2958
404
0
2378
2962
2955
0
0
2951
2716
2875
2955
2672
0
15
2954
2959
1500
0
2018
2949
2239
2953
2960
0
0
2941
2950
2881
0
462
2960
2
5
41
2959
2955
1585
0
1175
2960
2951
290
0


2820
2833
2387
2960
2921
0
0
2954
2959
2
0
70
0
1393
2954
2368
2951
2950
28
0
2783

2
960
2953
0
0
2960
2653
2913
2955
2501
0


105
2963
2955
1346
0
2181
2937
2275
2959


2954
0
0
2955
2955
2826
0
574
2960
2543


2954
2960
1498
0
1502
2955
2965
498
0
29
4
9
2916
2704
2951
2946
0
0
2958
2949
227
4

0
1840
2951
2624
2955
2958
436
0
2950
2957
2953
0
109
2959
2816
2958
2959
2959
845
0
2734
2918
2346
2953
2957
0
0
2954
2951
2383
0
1303
2955
2383
2957
2951
542
0
2467
2958
2954
0
0
2954
2708
2855
2955
2590
0
0
2953
2949
1475
0
2055
2949
2224


2958
2959
0
0
2950
2954
2855
0
423
2960


2439
2958
2956
1553
0
1189
2951
2957
394


0
2911
2891
2559
2951
2929
0
0
2957
295
4

2061
0
1488
2957
2343
2951
2958
104
0
2
9
09
2957
2951
0
0
2951
2640
2896
2960
24
2
1
0
78
2951
2953
1298
0
2118
2944
2209
2
9
50
2959
0
0
2958
2958
2779
0
470
2954

2
405
2950
2951
1437
0
1309
2959
2960
426
0
2921
2901
2628
2960
2931
0
0
2958
2960


2160
0
1637
2960
2448
2953
2959
286
0
2
9
21
2955
2951
0
95
2955
2750
690
2954
2953


1253
0
2674
2951
2474
2957
2955
0
0
2960


2958
2643
0
811
2951
2559
2956
2951
1231
0
1621
2955
2957
280
0
2930
2880
2642
2
9
56
2915
0
0
2950
2956
2058
0
1626
2955
2318
2956
2954
41
0
2946
2957
2949
0
0
2959
2704
2942
2957
2435
0
95
2951
2953
1
2
59
0
2070
2941
2100
2955
2959
0
0
2959
2
9
57
2765
0
439
2960
2397
2958
2955
1389

0

1207
2955
2957
242
0
2815
2865
2513
2959


2942
0
0
2958
2953
2158
0
1622
2951
23
6
6
2956
2954
91
0
2925
2960
2953
0
2
2951


2694
2937
2955
2499
0
127
2960
2953
125
7

0
2039
2931
2026
2955
2958
0
0
2959
2
9
53
2759
0
429
2949
2477
2955
2957
1535
37


0
2951
2797
2861
2960
2789
0
0
2959
29
5
9
1882
0
2255
2954
2551
2955
2956
0
0
29
5
7
2959
2946
0
479
2952
2731
2957
2955
2
1
34
0
1109
2958
2959
1182
0
2907
2948
2663


2957
2959
0
0
2955
2960
2651
0
1643
29
5
5
2611
2959
2964
624
0
2479
2960
2955
0

0

2957
2743
2848
2957
2625
0
0
2957
2951


1739
0
2288
2957
2389
2955
2951
0
0
2959


2958
2858
0
302
2959
2590
2955
2954
190
4

0
887
2990
2959
910
0
2715
2933
2381
29
5
3
2958
0
0
2953
2959
2436
0
1322
2953

2
415
2953
2960
511
0
2458
2943
2951
0
0
2
9
54
2717
2785
2933
2615
0
0
2957
2958
15
3
5
0
2092
2957
2288
2956
2951
0
0
2960
295
3

2895
0
503
2956
2618
2954
2951
1518
0


0
2960
2768
2822
2958
2780
0
0
2954
2958


1779
0
2061
2955
2397
2956
2955
0
0
295
5

2960
2930
0
406
2957
2694
2958
2951
2022


0
892
2953
2948
986
0
2785
2944
2511
2
9
57
2958
0
0
2960
2960
2555
0
1040
2955
2
5
88
2951
2960
1023
0
2131
2955
2953
83
0


2955
2853
2960
2960
2765
0
0
2953
2950
1
6
16
0
1967
2949
2267
2957
2959
0
0
2954


2955
2926
0
339
2957
2490
2953
2957
1678

0

677
2954
2957
708
0
2623
2933
2406
295
9

2959
0
0
2960
2957
2426
0
1232
2950
22
3
0
2957
2961
378
0
2337
2956
2960
0
0
295
6

2746
2864
2959
2631
0
0
2956
2950
1495


0
1959
2955
2137
2956
2958
0
0
2958
2955


2883
0
406
2954
2491
2958
2955
1620
0

1
091
2954
2867
2359
2951
2926
0
0
2949
295
4

2067
0
1486
2957
2420
2957
2957
233
0


2929
2961
2953
0
64
2959
2737
2939
2959
2
5
13
0
127
2953
2957
1589
0
2393
2942
248
7

2957
2956
0
0
2954
2960
2864
0
702
2957


2608
2960
2960
1619
0
1520
2957
2953
67
1

0
2949
2928
2828
2954
2947
0
0
2958
295
5

2320
0
1842
2950
2681
2959
2956
332
0

2
950
2953
2952
0
131
2958
2806
2950
2959


2509
0
144
2953
2947
1611
0
2352
2959
244
7

2955
2955
0
0
2958
2956
2787
0
529
29
5
4
2473
2959
2953
1440
0
1328
2960
2957
40
3

0
2867
2865
2431
2959
2928
0
0
2960
2
9
58
2159
0
1477
2955
2343
2953
2958
146
0


301
2954
2401
2959
2957
1690
0
836
2956


2956
477
0
2438
2877
2285
2956
2957
0
0


2959
2959
2290
0
869
2955
2060
2954
2958


535
0
2158
2954
2957
0
0
2957
2803
2892


2951
2767
0
0
2956
2958
1554
0
1902
2953


2362
2954
2958
0
0
2958
2957
2938
0
44
7

2957
2698
2953
2958
2025
0
865
2987
2950


959
0
2754
2946
2583
2951
2956
0
0
2956


2960
2559
0
1522
2954
2635
2957
2954
910


0
2753
2957
2955
61
77
2953
2771
2955
29
5
4
2704
0
87
2955
2954
1577
0
2171
2949


2557
2957
2954
0
0
2954
2956
2893
0
443

2
954
2525
2960
2960
1688
0
1015
2960
2955


763
0
2837
2929
2496
2955
2960
0
0
2956


2957
2353
0
1305
2957
2406
2954
2956
293
5

0
0
2954
2626
2950
2959
2320
0
304
2957


2953
1293
0
2243
2931
2219
2958
2957
0


0
2958
2955
2665
0
485
2959
2464
2958
295
7

1495
0
1392
2957
2960
384
0
2800
2866


2432
2954
2925
0
0
2955
2958
2090
0
1500


2955
2335
2959
2957
175
0
2795
2960
2955


0
0
2953
2587
2781
2954
2613
0
67
2955


2943
1592
0
2177
2950
2518
2957
2956
0
0


2949
2957
2857
0
720
2953
2677
2960
295
5

1658
0
1457
2958
2958
588
0
2944
2907
2
7
31
2959
2951
0
0
2959
2959
2384
0
1951


2960
2547
2960
2955
368
0
2955
2958
2955

0

64
2959
2749
2962
2958
2657
0
250
2973


2950
1502
0
2386
2955
2482
2956
2960
1915


0
1594
2957
2275
2957
2957
0
0
2935
29
5
1
2943
0
37
2960
2645
2949
2955
2385
0
1
9
5
2956
2959
1232
0
2225
2939
2176
2951
2
9
55
0
0
2954
2955
2743
0
493
2947
2485
29
5
7
2955
1535
0
1300
2955
2956
304
0
2797


2887
2606
2958
2928
0
0
2956
2960
2062
0


1463
2960
2320
2958
2957
144
0
2812
296
0

2957
0
0
2941
2527
2743
2960
2529
0
29


2954
2957
1377
0
2160
2950
2318
2955
295
9

0
0
2956
2960
2821
0
526
2956
2448
2960


2957
1502
0
1257
2959
2953
496
0
2845

2
892
2599
2960
2955
0
0
2958
2958
2248
0

1
671
2954
2581
2959
2958
355
0
2927
2954


2959
0
129
2960
2802
2951
2960
2659
0
205


2955
2956
2592
2957
2950
0
0
2954
2958


2304
0
1267
2957
2460
2956
2956
610
0
2
3
66
2961
2960
0
0
2954
2715
2779
2960
2660


0
0
2955
2957
1535
0
1927
2950
2246
295
0

2954
0
0
2955
2954
2865
0
363
2953
2459


2960
2957
1706
0
1003
2960
2960
637
0

2
545
2873
2287
2951
2951
0
0
2953
2957
232
6

0
1307
2957
2409
2950
2958
624
0
2415


2949
2955
0
0
2953
2757
2917
2959
2720
0


0
2957
2955
1615
0
1965
2943
2262
2958

2
950
0
0
2954
2957
2887
0
352
2954
2528
2
9
58
2959
1700
0
962
2958
2960
712
0
2615


2884
2314
2954
2957
0
0
2959
2955
2362
0


1357
2955
2542
2951
2954
739
0
2459
295
8

2946
0
26
2959
2783
2941
2971
2770
0
3
8

2959
2959
2779
2955
2957
0
0
2957
2959

2
480
0
1445
2951
2551
2954
2958
784
0
25
9
1
2957
2950
0
0
2959
2783
2887
2955
2692


0
0
2955
2958
1653
0
2034
2947
2335
296
0

2958
0
0
2959
2959
2882
0
406
2957
2485


2954
2959
1681
0
1015
2957
2959
405
0

2
750
2843
2410
2955
2944
0
0
2956
2953
2
0
63
0
1456
2950
2335
2954
2951
179
0
2787


2957
2953
0
0
2952
2659
2886
2962
2558

0

13
2956
2953
1385
0
2063
2947
2250
2955


2955
0
0
2955
2956
2841
0
482
2954
2409


2954
2959
1456
0
1146
2953
2955
371
0
27
0
9
2859
2433
2955
2938
0
0
2957
2957
2033


0
1377
2947
2255
2958
2960
112
0
2847
2
9
60
2958
0
1
2959
2642
2897
2955
2553
1155


0
2677
2946
2551
2957
2955
0
0
2957
29
5
9
2727
0
1039
2957
2614
2956
2960
1179
0


2206
2958
2958
138
0
2957
2866
2967
2960


2835
0
0
2960
2957
1840
0
2127
2957
2537


2956
2959
0
0
2958
2955
2933
0
373
295
5

2547
2958
2957
2067
0
758
2954
2960
857


0
2589
2943
2477
2954
2955
0
0
2960
296
0

2512
0
1225
2958
2352
2958
2956
683
0
2
3
55
2957
2954
0
0
2960
2743
2873
2958
2691
0
0
2955
2960
1574
0
1958
2954
2303
2957
2955
0
0
2953
2957
2896
0
404
2957
2458
2960
2955
1712
0
976
2958
2958
642
0

2
635
2906
2417
2957
2959
0
0
2960
2950
2
3
71
0
1322
2958
2362
2950
2948
563
0
260
6

2960
2957
0
29
2955
2702
2929
2959
2955


96
0
2897
2819
2735
2951
2882
0
0
2955


2959
1989
0
1841
2957
2405
2957
2954
39
0


2954
2955
2959
0
298
2960
2677
2959
295
9

2225
0
652
2958
2959
1266
0
2661
2947
2
5
31
2960
2957
0
0
2958
2959
2694
0
999

2
960
2592
2958
2959
1061
0
2017
2957
2958

8
0
2
2953
2873
2950
2960
2842
0
0
2956

2
955
1813
0
2064
2947
2421
2955
2958
0
0

2
955
2956
2924
0
369
2957
2559
2955
2960


1907
0
784
2964
2957
663
0
2515
2929
2448


2956
2957
0
0
2955
2958
2462
0
1132
295
4

2250
2960
2957
640
0
2281
2959
2959
0
0


2959
2784
2911
2951
2723
0
0
2960
2958


1584
0
1959
2948
2298
2951
2955
0
0
2960


2951
2910
0
402
2958
2559
2957
2959
2953


16
0
2914
2816
2692
2958
2890
0
0
2951

2
958
1950
0
1813
2955
2261
2957
2960
0
0


2951
2953
2931
0
176
2955
2749
2956
2958


2459
0
274
2959
2955
1344
0
2343
2949
2
3
81
2957
2958
0
0
2953
2959
2829
0
805
29
6
0
2687
2957
2953
1779
0
1511
2960
2951

6
63
0
2950
2919
2763
2960
2956
0
0
2958

2
958
2290
0
1741
2955
2559
2959
2960
386
0


2940
2958
2956
0
32
2959
2739
2956
2954


2619
0
62
2958
2958
1584
0
2239
2948
224
6

2951
2953
0
0
2954
2954
2801
0
540
29
5
8
2443
2959
2958
1524
0
1324
2954
2960
38
1

0
2798
2886
2498
2960
2943
0
0
2961
2
9
57
2060
0
1298
2953
2242
2959
2951
205
0


272
2955
2525
2958
2954
1777
0
789
2960


2956
760
0
2544
2913
2415
2954
2956
0
0

2
955
2957
2356
0
1227
2948
2141
2949
2960


560
0
2283
2954
2947
0
0
2959
2789
2929


