2
9
50
1563
0
1767
2957
2960


0
0
2969
2946
2951
2954
2910
0
0
2949
2
9
62
1664
0
2355
2956
2499
2960
2947
0
0


2958
2960
2942
0
367
2945
2743
2955
2959

2
192
0
350
2941
2953
662
0
2847
2951
237
2

2935
2944
0
0
2959
2956
2528
0
1005
295
8

2374
2951
2963
1053
0
1535
2967
2955
0


0
2945
2875
2748
2953
2864
0
0
2959
2957


1513
0
2098
2959
2391
2959
2954
0
0
29
5
5
2956
2960
0
368
2959
2751
2961
2956
228
3

0
433
2957
2958
873
0
2958
2955
2655

2
955
2948
0
0
2954
2959
2730
0
1407
2955


2698
2953
2957
1406
0
1925
2948
2953
5
0


2934
2945
2951
2951
2926
0
0
2948
2959


1732
0
2435
2955
2638
2960
2954
112
0
295
7

2943
2955
0
457
2942
2721
2951
2958
22
3
2
0
446
2957
2957
2599
2960
2900
0
0
295
7

2960
1590
0
1808
2955
2307
2956
2957
0


0
2853
2954
2971
0
224
2942
2593
2955
29
4
7
2122
0
293
2958
2957
541
0
2771
2947

2
346
2957
2962
0
0
2951
2955
2522
0
959

2
958
2312
2951
2957
1008
0
1445
2953
2951


0
0
2959
2817
2543
2947
2816
0
0
2950
29
5
1
1371
0
1902
2950
2189
2958
2953
0
0

2
956
2950
2935
0
231
2951
2559
2954
2957
2
1
66
0
351
2967
2960
720
0
2931
2944
2590


2960
2958
0
0
2960
2959
2636
0
1221
2960


2553
2958
2963
1323
0
1840
2958
2950
0


0
2960
2939
2949
2953
2912
0
0
2947
2957


1739
0
2448
2960
2686
2955
2951
135
0
2
9
55
2955
2960
0
498
2959
2803
2950
2951
23
4
9
0
0
2954
2906
2798
2951
2875
0
0
295
5

2950
1615
0
2038
2958
2320
2951
2960
0


0
2896
2960
2941
0
204
2958
2544
2955
29
5
1
2112
0
253
2950
2954
574
0
2719
2945


2307
2953
2953
0
0
2960
2955
2528
0
950

2
959
2391
2957
2959
1082
0
1495
2943
2953


0
0
2960
2842
2608
2949
2819
0
0
2955
2
9
60
1441
0
1951
2960
2291
2950
2957
0
0

2
951
2955
2939
0
143
2983
2529
2951
2953
2
1
03
0
214
2957
2939
576
0
2655
2944
2246


2958
2953
0
0
2953
2955
2544
0
1103
2964


2416
2960
2954
1052
0
1600
2955
2960
0


0
2958
2896
2832
2960
2881
0
0
2957
2954


1680
0
2303
2961
2542
2960
2955
0
0
295
5

2955
2954
0
475
2939
2833
2959
2955
24
0
7
0
550
2958
2959
2651
2948
2956
0
0
295
9

2957
2265
0
1511
2960
2346
2949
2959
4
8
8
0
2211
2958
2954
0
80
2956
2782
2956
2
9
41
2513
0
31
2963
2963
977
0
2466
2949


2288
2955
2958
0
0
2950
2951
2743
0
725

2
960
2373
2959
2958
1528
0
886
2954
2958

2
0
0
2939
2905
2509
2954
2943
0
0
2957
2
9
57
1760
0
1643
2953
2250
2960
2948
92
0


2545
2960
2954
0
178
2959
2666
2958
2958


2282
0
182
2960
2958
682
0
2559
2941
2128


2960
2954
0
0
2957
2953
2652
0
761
295
0

2295
2951
2960
1146
0
1152
2951
2953
0

0

2957
2874
2413
2955
2915
0
0
2960
2951


1873
0
1773
2960
2359
2951
2959
273
0
26
7
9
2962
2961
0
260
2956
2765
2960
2959
2
4
11
782
0
2961
2955
2658
2959
2960
0
0
29
5
6
2960
2645
0
1253
2951
2559
2957
2960

1
200
0
1798
2948
2955
0
0
2942
2896
2826

2
957
2896
0
0
2957
2953
1580
0
2096
294
8

2386
2953
2960
0
0
2950
2947
2942
0
251


2951
2614
2977
2961
2160
0
292
2953
2960


599
0
2768
2939
2285
2960
2956
0
0
2949


2951
2531
0
999
2959
2347
2958
2948
1072


0
1447
2954
2960
0
0
2961
2843
2642
2959


2847
0
0
2958
2951
1535
0
1997
2951
22
7
5
2955
2959
0
0
2947
2967
2945
0
234
294
9

2608
2948
2951
2168
0
286
2955
2961
65
7

0
2774
2939
2260
2954
2969
0
0
2960
295
9

2498
0
957
2958
2304
2956
2960
987
0

1
482
2955
2955
0
0
2961
2871
2753
2953
285
0

801
0
2953
2960
2753
2956
2954
0
0
29
5
8
2951
2708
0
1423
2949
2707
2949
2957
15
0
8
0
2030
2957
2954
123
4
2934
2943
2950


2954
2931
0
0
2956
2959
1744
0
2406
29
5
5
2720
2959
2960
78
0
2957
2942
2963
0
3
8
2
2960
2714
2959
2947
2231
0
403
2959
2
9
51
724
0
2864
2949
2486
2959
2955
0
0
29
5
8
2955
2597
0
1054
2959
2334
2931
2958

1
055
0
1529
2960
2952
0
0
2953
2887
2761

2
957
2852
0
0
2959
2959
1470
0
2026
2954


2291
2957
2955
0
0
2954
2945
2948
0
287


2960
2624
2953
2947
2157
0
307
2963
2956


619
0
2807
2950
2389
2955
2946
0
0
2959


2960
2557
0
965
2955
2279
2957
2960
951


0
1453
2960
2943
0
0
2954
2783
2466
2955

2
957
804
0
2736
2946
2423
2951
2957
0
0


2960
2960
2752
0
1073
2958
2559
2958
2959


1459
0
1461
2958
2958
0
0
2957
2933
280
1

2945
2948
0
0
2957
2956
1898
0
2282
296
0

2652
2947
2957
229
0
2955
2957
2956
0


417
2956
2768
2951
2957
2303
0
358
2948
2
9
58
922
0
2919
2955
2465
2957
2957
0
0

2
967
2954
2614
0
1121
2955
2427
2959
2955

1
138
0
1520
2959
2953
0
0
2958
2854
2687


2951
2857
0
0
2960
2959
1456
0
1962
2948


2230
2950
2951
0
0
2932
2955
2951
0
21
3

2959
2597
2960
2955
2230
0
235
2953
29
5
7
695
0
2684
2944
2245
2954
2955
0
0
2953


2958
2544
0
1053
2979
2352
2951
2955
10
5
3
0
1475
2960
2466
2944
2954
1941
0
234

2
958
2955
373
0
2706
2931
2221
2955
2956


0
0
2951
2946
2590
0
1057
2949
2438
2960


2955
1241
0
1591
2953
2938
0
0
2957
290
1

2844
2959
2902
0
0
2960
2961
1741
0
233
5

2958
2622
2951
2956
109
0
2955
2960
29
3
8
0
508
2974
2839
2960
2955
2443
0
583
2
9
61
2955
1190
0
2953
2962
2791
2954
2957


0
0
2959
2947
2691
0
1327
2963
2605
2959


2955
1329
0
1855
2954
2958
0
0
2959
291
1

2843
2959
2896
0
0
2951
2958
1676
0
21
6
0
2943
2393
2955
2950
0
0
2955
2951
294
0

0
274
2957
2649
2957
2960
2170
0
334
29
5
3
2927
620
0
2795
2943
2321
2955
2957
0


0
2944
2957
2581
0
970
2957
2340
2189
29
5
9
2957
0
0
2951
2663
2863
2960
2464
0

0

2964
2947
1017
0
2363
2953
2190
2953
296
0

0
0
2951
2969
2759
0
575
2961
2368
29
5
5
2948
1477
0
930
2949
2955
81
0
2957
29
2
3
2532
2957
2945
0
0
2960
2957
1850
0

1
830
2955
2450
2954
2957
400
0
2787
2956
2
9
61
0
277
2959
2782
2960
2959
2481
0
243


2950
2957
1155
0
2913
2951
2655
2958
2959


0
0
2955
2949
2790
0
1232
2957
2716
29
5
5
2951
1626
0
1661
2959
2958
313
0
2959

2
945
2919
2960
2950
0
0
2955
2960
1974
0


1933
2951
2544
2961
2960
406
0
2689
2956


2951
0
192
2960
2705
2950
2952
2320
0
2
0
8
2947
2957
813
0
2771
2946
2431
2954
295
9

1578
0
1815
2947
2146
2961
2960
0
0
2
8
06
2949
2944
0
147
2963
2518
2947
2955
21
3
5
0
169
2970
2980
592
0
2559
2939
2223

2
956
2959
0
0
2967
2954
2497
0
951
2957

2
267
2959
2957
966
0
1390
2959
2955
0
0

2
959
2773
2419
2958
2836
0
0
2981
2953
14
5
6
0
1919
2958
2190
2959
2953
0
0
2941
2
9
61
2945
0
253
2958
2619
2957
2959
2243
0


351
2959
2960
817
0
2917
2953
2559
2954


2955
0
0
2957
2960
2695
0
1200
2963
2559


2956
2958
1360
0
1712
2957
2963
0
0
295
9

2931
2950
2960
2928
0
0
2959
2953
1843

0

2507
2959
2693
2954
2951
240
0
2954
29
4
8
2958
0
464
2955
2770
2959
2960
2330
0

4
47
2953
2956
972
0
2962
2958
2606
2959

2
960
1659
0
1840
2960
2221
2953
2955
0
0

2
763
2959
2948
0
222
2949
2599
2959
2959


2202
0
283
2960
2955
608
0
2742
2945
22
8
8
2958
2945
0
0
2958
2958
2559
0
945
295
5

2354
2960
2957
1037
0
1412
2963
2957
0


0
2958
2855
2673
2954
2853
0
0
2937
2955


1527
0
1976
2958
2269
2955
2949
0
0
29
2
8
2957
2949
0
146
2942
2544
2953
2949
217
9

0
182
2947
2947
628
0
2647
2945
2311
2
9
60
2959
0
0
2943
2954
2610
0
1114
2957

2
457
2960
2954
1225
0
1627
2950
2960
0
0


2958
2896
2811
2955
2875
0
0
2958
2951
1
7
61
0
2250
2957
2586
2960
2959
238
0
2962


2957
2957
0
535
2955
2869
2956
2960
2481


0
560
2959
2951
2681
2955
2950
0
0
2957


2960
1835
0
1699
2960
2296
2947
2960
163
0
2512
2955
2953
0
87
2977
2647
2949
2950
2320
0
80
2960
2955
778
0
2533
2947
2223
2962
2954
0
0
2957
2960
2618
0
810
2
950
2310
2956
2959
1105
0
1254
2957
2954


0
0
2959
2801
2512
2961
2820
0
0
2960
2957
1488
0
1972
2950
2288
2960
2960
0
0
2943
2961
2946
0
159
2963
2506
2951
2959
2
1
08
0
148
2960
2960
529
0
2522
2915
2033


2957
2971
0
0
2960
2960
2448
0
823
2947

2256
2957
2959
961
0
1370
2959
2960
0
0


2959
2842
2669
2957
2874
0
0
2954
2960
15
0
5
0
2097
2955
2334
2955
2958
0
0
2958

2
955
2954
0
396
2960
2777
2953
2957
2355
0


448
2960
2954
1013
0
2950
0
0
2962
295
5

2444
0
1794
2950
2675
2950
2954
820
0

2
299
2960
2955
0
11
2955
2853
2943
2952
2730
0
0
2956
2957
1378
0
2309
2951
2359
2951
2963
0
0
2958
2956
2939
0
396
2958
2
6
05
2960
2959
2032
0
474
2957
2950
592
0


2896
2945
2386
2953
2947
0
0
2961
2960
2
5
98
0
967
2954
2416
2949
2952
1150
0
148
7

2955
2933
0
0
2960
2863
2704
2949
2878

0

0
2947
2954
1600
0
2061
2955
2381
2955


2960
0
0
2949
2944
2945
0
161
2959
260
8

2960
2957
2170
0
243
2955
2955
582
0
25
5
9
2943
2218
2955
2955
0
0
2951
2958
250
6

0
924
2958
2361
2948
2957
1033
0
1490
2959
2959
0
0
2959
2877
2749
2959
2851
0
0
2954
2960
1583
0
2191
2957
2494
2960
2956
2553
0
1491
2958
2587
2952
2960
982
0
2027
2958
2958
0
39
2955
2866
2955
2955
2754
0
0
2959
2959
1518
0
2385
2957
2433
2955
2951
0
0
2957
2957
2941
0
402
2957


2583
2958
2958
1983
0
511
2949
2955
486
0


2901
2942
2434
2954
2959
0
0
2953
2957


2515
0
1001
2960
2384
2957
2959
1012
0

1
563
2960
2956
0
0
2955
2864
2757
2962
288
6

0
0
2942
2955
1532
0
1965
2960
2401
2
9
54
2958
0
0
2950
2951
2944
0
195
2955
26
3
5
2955
2957
2167
0
257
2959
2957
675
0


2768
2947
2402
2953
2962
0
0
2942
2953
25
5
9
0
1022
2972
2397
2951
2954
1012
0
1434


2959
2955
0
0
2959
2851
2638
2952
2833

0

0
2950
2955
1403
0
1857
2958
0
2949
29
5
8
2685
0
1223
2958
2623
2960
2960
1293
0


1673
2957
2941
0
0
2960
2934
2943
2951

2
905
0
0
2947
2960
1808
0
2211
2958
2547

2
953
2951
100
0
2955
2951
2953
0
307
295
8

2731
2957
2955
2327
0
457
2956
2958
905


0
2869
2950
2534
2960
2960
0
0
2961
295
0

2627
0
1126
2966
2537
2960
2960
1143
0

1
535
2948
2958
0
0
2955
2864
2723
2959
2
8
50
0
0
2951
2958
1507
0
2064
2958
2342
2
9
50
2960
0
0
2947
2958
2950
0
195
2959

2
599
2957
2959
2128
0
286
2960
2957
595
0


2761
2947
2383
2957
2954
0
0
2961
2953

2
559
0
961
2958
2430
2955
2957
1126
0
15
2
4
2960
2957
0
0
2959
2833
2669
2957
2811


0
0
2974
2956
1422
0
1879
2949
0
2952
2960
2519
0
1009
2957
2448
2949
2954
1150
0
1628
2960
2960
0
0
2951
2907
2923
2960
2896
0
0
2961
2958
1671
0
2306
2956
2643
2963
2962
48
0
2959
2959
2951
0
450
2962
2846
2958
2961
2404
0
560
2959
2960
1087
0
2957
2958
2753
2960
2950
0
0
2961
2959
2661
0
1248
2959
2662
2960
2961
1233
0
1654
2956
2949
0
0
2957
2887
2809
2960

2858
0
0
2947
2958
1568
0
2079
2960
2383


2959
2960
0
0
2954
2960
2953
0
230
2951


2653
2959
2958
2157
0
304
2955
2958
666


0
2706
2947
2475
2959
2950
0
0
2959
2955


2613
0
1076
2958
2438
2954
2957
1130
0

1
503
2953
2957
0
0
2950
2864
2735
2959
283
2

0
0
2959
2960
2224
2949
2960
0
0
2943


2959
2803
0
359
2934
2385
2958
2954
1628


0
688
2955
2960
186
0
2946
2940
2544
29
6
0
2950
0
0
2953
2953
2297
0
1562
2957
25
0
6
2959
2957
626
0
2326
2951
2954
0
158

2
946
2846
2963
2957
2607
0
112
2959
2960

1
280
0
2787
2955
2640
2956
2961
0
0
2960

2
958
2896
0
979
2958
2750
2960
2956
1801


0
1189
2959
2953
393
0
2963
2953
2819
296
1

2952
0
0
2951
2953
2414
0
1660
2947
2
4
98
2957
2954
585
0
2271
2960
2955
0
89
2
9
53
2787
2954
2950
2501
0
1
2960
2963
10
1
2
0
2383
2950
2304
2956
2958
0
0
2954
29
5
2
2830
0
658
2955
2518
2955
2949
1554
0


967
2948
2961
35
0
2954
2915
2523
2954
2
9
60
1266
0
2101
2953
2233
2958
2953
0
0


2960
2963
2915
0
247
2939
2486
2949
2960

1
904
0
298
2960
2959
272
0
2541
2908
2191
2960
2947
0
0
2960
2960
2492
0
851
2954


2300
2957
2958
1008
0
1456
2955
2967
0


0
2957
2866
2783
2952
2848
0
0
2953
2954


1669
0
2153
2957
2559
2960
2955
15
0
29
6
2
2960
2956
0
433
2961
2833
2957
2960
238
4

0
484
2958
2960
1080
0
2962
2960
2794


2960
2955
0
0
2960
2960
2755
0
1399
2944


2743
2960
2959
1373
0
1840
2960
2951
0

0
2958
2939
2958
2950
2912
0
0
2955
2962

1
714
0
2183
2959
2518
2960
2953
0
0
2946
2959
2949
0
283
2959
2698
2958
2960
2197


0
294
2961
2959
2480
2960
2931
0
0
2963


2958
1810
0
1616
2958
2343
2960
2958
144


0
2507
2957
2960
0
81
2955
2666
2954
29
6
3
2322
0
111
2957
2955
848
0
2535
2946


2303
2961
2959
0
0
2960
2955
2701
0
803

2
958
2416
2960
2968
1284
0
1200
2953
2959


0
0
2960
2898
2622
2960
2902
0
0
2961
2
9
56
1838
0
1648
2960
2389
2960
2963
227
0


2690
2959
2957
0
190
2962
2787
2960
2955


2451
0
237
2960
2957
1074
0
2823
2960
2
6
27
2955
2951
0
0
2957
2954
2807
0
1053

2
974
2682
2958
2960
1530
0
1489
2957
2959


192
0
2958
2941
2943
2958
2953
0
0
2962

2
955
2096
0
2026
2951
2679
2960
2959
395


0
2795
2962
2954
0
240
2944
2830
437
2951


2960
461
0
2833
2943
2392
2957
2972
0

0

2961
2959
2523
0
927
2965
2381
2960
2960


1067
0
1487
2960
2963
0
0
2955
2870
27
7
1
2958
2848
0
0
2959
2959
1481
0
1922
29
5
1
2350
2960
2960
0
0
2945
2954
2950
0

2
23
2961
2661
2958
2960
2129
0
302
2959
29
5
3
572
0
2681
2937
2351
2956
2957
0
0
2
9
56
2957
2523
0
832
2951
2304
2958
2961
96
8

0
1330
2958
2960
0
0
2960
2862
2747
2
9
60
2830
0
0
2957
2954
1520
0
1989
2954
2
3
67
2961
2958
0
0
2955
2960
2953
0
240

2
961
2691
2960
2958
2263
0
343
2960
2959
848
0
2894
2955
2589
2978
2960
0
0
2959
2
9
57
2671
0
1223
2950
2649
2956
2958
1324

0
1756
2960
2960
0
0
2967
2938
2958
2960


2954
1007
0
2653
2958
2463
2950
2961
0
0
2960
2957
2730
0
931
2960
2514
2960
2956


1293
0
1321
2961
2959
0
0
2959
2864
28
1
1
2955
2845
0
0
2955
2958
1444
0
1947
29
5
9
2282
2955
2954
0
0
2954
2959
2945
0

2
27
2960
2646
2951
2956
2127
0
303
2959

2
961
624
0
2726
2939
2378
2960
2956
0
0
2
9
58
2960
2559
0
945
2954
2413
2958
2961

1
023
0
1425
2960
2955
0
0
2956
2826
2622

2
958
2786
0
0
2957
2959
1335
0
1761
2949


2162
2960
2960
0
0
2917
2957
2931
0
167


2947
2516
2954
2961
2163
0
212
2960
2960

7
05
0
2673
2942
2544
2960
2958
0
0
2962


2956
2640
0
1143
2957
2594
2962
2951
1189


0
1669
2951
2959
2955
2953
2618
0
119
2
9
45
2959
1206
0
2631
2957
2559
2955
2957
0


0
2949
2960
2830
0
751
2960
2557
2958

2
961
1535
0
953
2957
2955
0
0
2951
2913
2
5
39
2953
2933
0
0
2960
2960
1807
0
1646


2955
2346
2954
2956
202
0
2559
2961
2954

0

136
2960
2736
2959
2955
2329
0
94
2959


2960
913
0
2623
2954
2461
2963
2954
0
0


2961
2955
2673
0
869
2954
2531
2951
2954


1280
0
1335
2960
2959
0
0
2960
2850
276
3

2960
2874
0
0
2959
2957
1508
0
1950
29
5
9
2321
2965
2958
0
0
2935
2954
2947
0
22
1

2959
2617
2957
2960
2124
0
178
2955
29
6
0
566
0
2528
2934
2331
2957
2960
0
0
295
6

2955
2547
0
1009
2954
2478
2960
2960
1
1
04
0
0
2955
2928
2931
2958
2913
0
0
2955


2958
1791
0
2247
2947
2690
2959
2960
11
0

0
2957
2960
2960
0
371
2951
2768
2955
2
9
51
2295
0
395
2959
2954
915
0
2923
2949


2703
2982
2958
0
0
2958
2953
2635
0
1181


2955
2598
2950
2959
1152
0
1574
2960
29
5
5
0
0
2962
2880
2805
2955
2855
0
0
2950


2960
1512
0
1981
2951
2336
2947
2951
0

0

2949
2951
2954
0
192
2957
2640
2954
2953


2076
0
243
2955
2956
656
0
2742
2951
2
4
56
2956
2958
0
0
2963
2955
2558
0
970
29
6
0
2419
2951
2956
1101
0
1485
2959
2960

0

0
2950
2867
2815
2960
2830
0
0
2951
2
9
60
1453
0
1837
2949
2225
2960
2956
0
0
2
8
69
2954
2943
0
105
2956
2590
2960
2960

2
099
0
0
2960
2907
2885
2953
2893
0
0
295
3

2959
1733
0
2224
2960
2649
2960
2958
7
2

0
2952
2956
2962
0
377
2960
2832
2957
2
9
59
2393
0
445
2954
2957
1067
0
2955
295
6

2832
2958
2957
0
0
2953
2960
2709
0
125
9

2958
2649
2959
2959
1190
0
1711
2953
29
6
0
0
0
2958
2916
2938
2955
2875
0
0
2957


2958
1573
0
2062
2956
2477
2960
2954
0

0

2956
2957
2959
0
288
2958
2721
2950
2945


2234
0
311
2947
2957
644
0
2727
2940
2
4
69
2959
2955
0
0
2960
2953
2592
0
1063
2
9
57
2481
2957
2960
1080
0
1471
2958
2947


0
0
2957
2864
2790
2957
2849
0
0
2950
29
5
5
1524
0
1966
2951
2353
2967
2947
0
0

2
941
2955
2944
0
175
2955
2631
2954
2959
2
9
55
0
0
2944
2896
2432
2958
2942
0
0
29
5
9
2949
2203
0
1339
2960
2410
2960
2954
48
1

0
2279
2955
2956
0
112
2962
2813
2954

2
959
2554
0
65
2959
2958
1180
0
2656
295
9

2694
2931
2947
0
0
2959
2951
2890
0
929


2949
2753
2953
2958
1744
0
1209
2957
29
6
0
334
0
2954
2951
2835
2960
2939
0
0
294
3

2960
1969
0
1867
2959
2546
2955
2949
3
4
8
0
2785
2954
2947
0
116
2954
2750
2949

2
954
2368
0
143
2959
2962
834
0
2590
294
7

2432
2953
2958
0
0
2960
2951
2654
0
895


2960
2474
2954
2951
1199
0
1268
2959
29
4
6
0
0
2958
2855
2731
2951
2827
0
0
2946


2958
1414
0
1904
2947
2358
2959
2962
0

0

2943
2954
2949
0
161
2959
2627
2951
2954


2960
0
0
2954
2801
2608
2960
2811
0
0

2
955
2957
1328
0
1783
2959
2247
2960
2951


0
0
2944
2955
2944
0
181
2960
2663
296
0

2958
2167
0
311
2959
2954
733
0
2874
29
5
1
2559
2955
2959
0
0
2958
2951
2707
0

1
155
2960
2640
2959
2959
1271
0
1716
2955

2
956
0
0
2960
2941
2957
2957
2914
0
0
29
5
8
2957
1794
0
2407
2953
2768
2951
2958
1
2
8
0
2951
2955
2959
0
503
2957
2845
2951


2953
2304
0
402
2960
2959
817
0
2925
2951


2753
2960
2953
0
0
2958
2958
2645
0
11
2
0
2959
2555
2954
2959
1138
0
1582
2957
29
5
1
0
0
2957
2876
2831
2957
2849
0
0
295
3

2947
1483
0
2016
2956
2419
2950
2957
0


0
2942
2959
2955
0
187
2960
2675
582
29
5
1
2957
286
0
2818
2928
2431
2957
2958
0

0

2965
2949
2416
0
985
2954
2369
2960
295
8

784
0
1599
2960
2951
0
0
2960
2786
264
9

2960
2757
0
0
2954
2956
1391
0
1877
29
5
4
2286
2955
2957
0
0
2955
2960
2945
0
2
7
2
2951
2698
2958
2942
2211
0
359
2959
29
5
7
727
0
2815
2960
2631
2960
2981
0
0
2960
2959
2675
0
1168
2959
2653
2960
2960
1290
0
1722
2960
2960
0
0
2958
2943
2954
2958
2907
0
0
2956
2959
1891
0
2355
2958
2754
2955
2951
186
0
2947
2957
2958
0
400

2953
2819
2960
2958
2371
0
423
2960
295
8

1078
0
2927
2951
2681
2957
2959
0
0
2956
2958
2652
0
1119
2951
2590
2957
2960
1
1
16
0
0
2950
2834
2608
2960
2845
0
0
2955


2958
1497
0
1833
2959
2272
2951
2958
0


0
2897
2960
2952
0
133
2947
2672
2955
296
0

2214
0
222
2958
2960
699
0
2626
2944

2
401
2955
2954
0
0
2960
2951
2516
0
854
2
9
59
2291
2960
2958
907
0
1243
2957
2957

0

0
2954
2784
2525
2957
2790
0
0
2958
296
0

1379
0
1791
2955
2179
2960
2962
0
0
2
9
30
2960
2953
0
164
2960
2654
2957
2960
21
9
2
0
355
2959
2954
784
0
2864
2950
2559


2956
2951
0
0
2960
2961
2715
0
1206
296
1

2685
2957
2953
1366
0
1731
2958
2959
0

0

2958
2939
2953
2957
2928
0
0
2955
2959


1872
0
2386
2953
2742
2954
2959
133
0
29
5
5
2957
2960
0
387
2957
2802
2955
2958
2409
0
510
2956
2896
2752
2960
2886
0
0
2954
2959
1578
0
1963
2955
2381
2959
2955
0

0
2947
2950
2950
0
187
2956
2679
2949
2
9
63
2192
0
214
2959
2959
674
0
2603
2937


2338
2955
2951
0
0
2955
2954
2590
0
931

2
958
2423
2956
2959
1066
0
1469
2950
2955


0
0
2957
2836
2667
2957
2833
0
0
2955
2
9
60
1520
0
1889
2955
2269
2954
2957
0
0


2933
2957
2945
0
129
2961
2640
2955
2957
2217
0
257
2958
2955
711
0
2704
2947
243
9

2951
2959
0
0
2963
2957
2630
0
1072
29
5
5
2559
2957
2957
1205
0
1625
2957
2960
0


0
2955
2928
2950
2951
2905
0
0
2946
295
7

1776
0
2242
2950
2672
2960
2954
132
0

2
955
2960
2960
0
467
2961
2863
2959
2962

2
960
160
0
2950
2943
2688
2960
2942
0
0
2
9
54
2959
1882
0
1701
2960
2433
2955
2957


188
0
2624
2954
2959
0
80
2960
2727
2959
2951
2393
0
92
2960
2957
870
0
2470
295
0

2289
2960
2953
0
0
2961
2956
2640
0
815


2957
2407
2956
2957
1168
0
1183
2957
2958
0
0
2953
2841
2643
2960
2834
0
0
2960


2950
1484
0
1807
2958
2254
2958
2949
0
0


2875
2962
2938
0
102
2964
2544
2946
295
9

2079
0
144
2960
2953
457
0
2441
2928
21
6
5
2957
2958
0
0
2955
2960
2512
0
816
2
9
59
2334
2959
2959
962
0
1360
2953
2956
0


0
2960
2869
2800
2950
2859
0
0
2958
295
7

1657
0
2112
2960
2520
2957
2956
0
0
295
8

2959
2950
0
359
2958
2812
2959
2962
23
8
1
0
448
2959
2946
2939
2955
2922
0
0
295
4

2960
1833
0
2243
2947
2549
2955
2957
0


0
2942
2961
2952
0
257
2949
2738
2949
2954
2308
0
327
2961
2958
865
0
2759
2954
2486
2959
2959
0
0
2959
2956
2625
0
965

2
960
2492
2960
2960
1057
0
1424
2958
2955


0
0
2957
2871
2751
2978
2855
0
0
2953
2
9
53
1534
0
1939
2955
2352
2954
2955
0
0


2949
2960
2957
0
217
2960
2642
2961
2956

2
176
0
237
2960
2959
698
0
2699
2946
241
3

2960
2955
0
0
2956
2960
2548
0
879
2955


2423
2954
2955
1018
0
1331
2951
2959
0


0
2955
2782
2511
2950
2789
0
0
2959
2958


1426
0
1787
2957
2240
2958
2954
0
0
292
2

2957
2947
0
217
2961
2719
2954
2957
2240


0
305
2957
2955
2894
2960
2958
0
0
294
7

2957
2477
0
1734
2951
2694
2955
2969
7
9
8
0
2302
2954
2960
0
5
2960
2886
2960
29
5
0
2781
0
0
2954
2959
1487
0
2257
2951
2
4
31
2950
2960
0
0
2949
2959
2931
0
300
2
9
47
2593
2951
2956
2006
0
455
2955
2950
5
1
0
0
2870
2950
2515
2957
2955
0
0
2951
2
9
58
2609
0
1042
2960
2501
2957
2960
1110

0

1510
2960
2960
0
0
2958
2863
2752
2957

2
863
0
0
2958
2954
1521
0
1872
2955
2279


2958
2972
0
0
2922
2948
2946
0
169
2958


2703
2960
2960
2229
0
272
2958
2953
689


0
2679
2955
2396
2954
2960
0
0
2954
2960


2611
0
995
2947
2441
2959
2955
1023
0
1
4
47
2957
2957
0
0
2959
2876
2770
2950
2839


0
0
2958
2960
2627
2958
2957
0
0
2959


2953
2918
0
733
2958
2729
2958
2956
1961

0

997
2960
2956
559
0
2960
2947
2883
294
5

2948
0
0
2960
2960
2432
0
1719
2960
265
8

2949
2958
696
0
2350
2965
2960
0
74
2
9
55
2823
2960
2954
2519
0
0
2951
2962
1106


0
2412
2949
2434
2959
2958
0
0
2955
29
5
4
2839
0
701
2954
2593
2958
2954
1608
0

9
78
2960
2960
11
0
2956
2913
2603
2959
2
9
50
0
0
2955
2960
2255
0
1399
2957
2384
2
9
59
2955
474
0
2141
2953
2960
0
0
2939

2
736
2930
2960
2484
0
0
2953
2957
1009
0


2267
2943
2368
2960
2960
0
0
2948
2951
27
9
5
0
611
2957
2463
2954
2959
1516
0
892


2955
2960
0
0
2937
2915
2513
2955
2943
0


0
2949
2955
2160
0
1207
2960
0
2759
295
8

2955
0
191
2987
2721
2950
2954
2291
0
3
1
4
2961
2956
838
0
2886
2958
2654
2951
2
9
55
0
0
2956
2953
2745
0
1283
2955
2720
2
9
60
2961
1342
0
1751
2957
2950
0
0
2954


2943
2955
2958
2921
0
0
2959
2957
1786
0


2289
2954
2673
2982
2958
45
0
2958
2960


2947
0
410
2960
2773
2961
2959
2256
0
313


2956
2959
724
0
2800
2947
2554
2954
295
3

0
0
2957
2959
2615
0
1008
2954
2480
29
5
9
2960
1139
0
1558
2960
2960
0
0
2959

2
903
2883
2957
2864
0
0
2956
2951
1563
0

1
958
2952
2391
2956
2951
0
0
2933
2955
2
9
54
0
202
2954
2678
2951
2951
2207
0
268

2
958
2959
640
0
2599
2941
2379
2960
2947

0

0
2960
2960
2559
0
939
2958
0
2705
295
7

2947
0
142
2954
2624
2960
2960
2186
0

2
50
2960
2954
738
0
2713
2943
2545
2951
2
9
55
0
0
2959
2958
2639
0
1110
2986
2612

2
943
2956
1187
0
1605
2956
2956
0
0
2960

2
919
2922
2958
2911
0
0
2959
2960
1763
0


2320
2955
2725
2958
2955
138
0
2956
2954


2955
0
473
2966
2864
2957
2960
2406
0
47
4

2957
2949
949
0
2921
2953
2719
2960
29
4
9
0
0
2951
2951
2693
0
1167
2943
2663
2
9
61
2955
1222
0
1579
2956
2960
0
0
2960

2
874
2759
2960
2870
0
0
2955
2960
1569
0


1989
2958
2416
2956
2950
0
0
2942
2957
29
5
3
0
193
2950
2672
2961
2956
2222
0
199


2954
2959
675
0
2657
2953
2438
2960
2947

0

0
2960
2956
2559
2959
2949
0
0
2739
2
9
60
2950
0
49
2958
2534
2955
2957
2112
0

1
25
2956
2959
569
0
2526
2941
2321
2960

2
953
0
0
2960
2960
2508
0
827
2954
2365
2
9
60
2959
976
0
1349
2958
2953
0
0
2957

2
881
2807
2957
2869
0
0
2950
2960
1669
0

2
160
2960
2559
2960
2959
0
0
2960
2957
2
9
55
0
378
2951
2843
2954
2961
2362
0
511

2
958
2955
976
0
2958
2951
2787
2958
2956


0
0
2953
2957
2765
0
1301
2947
2736
2948


2959
1334
0
1639
2955
2955
0
0
2956
293
1

2950
2957
2864
0
0
2960
2940
1610
0
201
5

2958
2482
2953
2960
0
0
2960
2954
2951


0
282
2943
2752
2957
2960
2262
0
318
295
1

2960
740
0
2736
2951
2458
2959
2960
0


0
2952
2960
2559
0
933
2949
2446
2143
2
9
59
2959
0
0
2960
2765
2959
2951
2480
0
0


2960
2960
942
0
2224
2945
2309
2959
295
3

0
0
2947
2953
2775
0
502
2960
2373
2955


2960
1366
0
808
2954
2954
0
0
2915
2896


2509
2957
2945
0
0
2960
2955
1877
0
1751


2960
2459
2959
2957
235
0
2671
2960
296
0

0
160
2957
2821
2958
2956
2500
0
175
29
6
0
2960
1091
0
2735
2952
2642
2958
2955

0

0
2963
2953
2812
0
1155
2954
2726
2962

2
956
1516
0
1573
2959
2959
0
0
2970
2934


2947
2956
2923
0
0
2954
2963
1789
0
2307


2957
2705
2959
2976
0
0
2960
2954
2951


0
384
2969
2755
2960
2953
2260
0
349
2959


2956
800
0
2822
2948
2533
2955
2955
0

0

2960
2957
2592
0
917
2959
2466
2955
29
5
5
2945
0
307
2959
2653
2957
2957
1989
0
3
7
6
2955
2961
384
0
2691
2931
2323
2955
2
9
56
0
0
2955
2951
2592
0
811
2950
2317
29
5
8
2957
961
0
1231
2956
2963
0
0
2960
2
8
24
2667
2958
2840
0
0
2960
2954
1414
0
1
7
75
2960
2173
2960
2955
0
0
2833
2959
29
4
3
0
111
2960
2609
2959
2960
2146
0
221
2
9
60
2951
566
0
2625
2949
2434
2961
2954

0

0
2958
2959
2640
0
1023
2958
2621
2958

2
958
1282
0
1639
2960
2951
0
0
2965
2938


2951
2960
2905
0
0
2958
2959
1863
0
2265


2958
2740
2950
2958
272
0
2947
2951
295
7

0
474
2958
2865
2954
2954
2443
0
463
2
9
59
2960
950
0
2935
2955
2587
2949
2959
0


0
2957
2953
2722
0
1072
2949
0
2750
295
9

2944
0
149
2958
2640
2954
2957
2112
0
1
7
3
2958
2957
524
0
2497
2928
2307
2956
2
9
49
0
0
2958
2960
2608
0
942
2960
2449
29
5
9
2959
1136
0
1315
2959
2954
0
0
2948

2
836
2697
2958
2845
0
0
2955
2947
1526
0

1
879
2956
2341
2958
2954
0
0
2878
2951
2
9
54
0
144
2948
2591
2946
2960
2160
0
184


2959
2960
670
0
2551
2939
2366
2961
2960


0
0
2960
2957
2597
0
1054
2958
2527
295
7

2951
1195
0
1583
2958
2953
0
0
2950
292
1

2909
2959
2882
0
0
2960
2960
1664
0
209
5

2951
2547
2948
2953
0
0
2944
2955
2957


0
333
2967
2813
2957
2960
2352
0
403
295
7

2955
1018
0
2951
2959
2851
2957
2957
0


0
2959
2957
2752
0
1275
2960
0
2799
29
6
3
2949
0
191
2960
2663
2958
2956
2208
0

2
03
2953
2954
684
0
2678
2939
2414
2951

2
953
0
0
2954
2957
2605
0
911
2960
2416
2
9
59
2961
1099
0
1376
2953
2956
0
0
2951

2
846
2691
2959
2836
0
0
2951
2957
1451
0


1865
2950
2295
2958
2941
0
0
2893
2955
2
9
50
0
124
2949
2640
2959
2960
2192
0
212

2
958
2953
641
0
2559
2947
2416
2953
2951


0
0
2959
2951
2526
0
782
2954
2329
2955

2
959
901
0
1327
2958
2960
0
0
2956
2853


2739
2957
2845
0
0
2954
2973
1506
0
1949


2957
2400
2958
2957
0
0
2960
2951
2955

0

297
2956
2790
2954
2951
2153
0
432
2955


2959
992
0
2949
2957
2815
2947
2955
0
0


2954
2949
2765
0
1258
2952
2704
2951
2960


2953
0
464
2955
2706
2954
2963
2112
0

4
87
2954
2947
607
0
2883
2944
2559
2955
29
5
8
0
0
2955
2956
2623
0
975
2941
2430
2
9
53
2960
1067
0
1437
2959
2956
0
0
2959
2
8
64
2704
2959
2857
0
0
2955
2953
1488
0


1872
2957
2320
2953
2955
0
0
2885
2954
29
4
9
0
111
2960
2637
2960
2959
2138
0
230


2957
2963
608
0
2599
2942
2353
2955
2960


0
0
2951
2959
2589
0
829
2965
2413
2958


2958
976
0
1303
2960
2956
0
0
2941
2855


2699
2955
2820
0
0
2958
2956
1374
0
1715


2953
2208
2960
2952
0
0
2858
2954
2954

0

122
2942
2640
2956
2960
2215
0
247
2960


2949
782
0
2768
2949
2518
2951
2960
0
0


2954
2955
2677
0
1099
2959
2636
2952
2959


2951
0
531
2960
2815
2961
2957
2229
0

6
24
2960
2955
770
0
2938
2956
2654
2943
29
5
0
0
0
2960
2958
2629
0
1035
2970
2505

2
960
2955
1126
0
1503
2957
2958
0
0
2956

2
881
2800
2954
2877
0
0
2955
2960
1591
0


1987
2943
2459
2954
2959
0
0
2953
2958

2
951
0
143
2958
2659
2951
2951
2208
0
235


2961
2959
717
0
2680
2947
2434
2950
2954


0
0
2957
2960
2588
0
906
2943
2433
2960


2959
1088
0
1407
2955
2957
0
0
2957
288
6

2789
2957
2867
0
0
2960
2949
1585
0
193
9

2944
2352
2960
2953
0
0
2918
2953
2953


0
130
2956
2654
2953
2954
2161
0
176
296
0

2957
641
0
2552
2947
2361
2960
2959
0


0
2954
2954
2640
0
977
2949
2495
2403
296
0

2950
0
122
2954
2884
2955
2963
2651
0


112
2958
2960
1398
0
2758
2949
2766
2951


2951
0
0
2955
2955
2903
0
927
2957
2774

2
955
2960
1761
0
1200
2953
2946
262
0
29
5
6
2960
2890
2962
2945
0
0
2959
2959
1938


0
1693
2955
2419
2957
2957
251
0
2503
2
9
56
2957
0
80
2958
2749
2951
2961
2405
0

9
9
2959
2959
864
0
2442
2949
2377
2955
2
9
54
0
0
2951
2954
2770
0
749
2958
2477
29
5
7
2957
1317
0
1125
2955
2954
0
0
2957

2
896
2558
2951
2931
0
0
2964
2959
1851
0

1
457
2953
2323
2958
2946
130
0
2394
2956


2955
0
13
2966
2670
2950
2959
2352
0
29

2
949
2951
793
0
2383
2949
2293
2955
2963


0
0
2960
2945
2642
2956
2955
0
0
2864
29
5
5
2950
0
214
2965
2741
2957
2960
2333
0


307
2960
2960
932
0
2864
2954
2641
2960

2
956
0
0
2960
2958
2735
0
1190
2954
2706


2955
2960
1364
0
1754
2958
2955
0
0
2951


2944
2957
2957
2928
0
0
2955
2959
1853


0
2143
2949
2615
2959
2957
181
0
2953
296
0

2951
0
405
2948
2802
2959
2960
2352
0


304
2949
2954
888
0
2746
2956
2540
2957
2
9
60
0
0
2955
2960
2657
0
1008
2954
2525


2955
2928
1158
0
1475
2959
2958
0
0
2954


2902
2815
2951
2875
0
0
2949
2949
1569

0

1918
2959
2352
2955
2956
0
0
2919
2961


2949
0
125
2955
2694
2959
2955
2224
0
24
5

2959
2960
656
0
2640
2943
2362
2958
296
1

1590
0
1635
2950
2223
2956
2959
0
0
275
4

2957
2954
0
87
2957
2599
2949
2949
219
5

0
145
2957
2957
761
0
2646
2944
2512
29
6
0
2955
0
0
2951
2960
2645
0
1008
2950

2
547
2960
2973
1184
0
1531
2955
2959
0
0

2
959
2927
2937
2958
2915
0
0
2953
2949
1
8
45
0
2242
2955
2699
2955
2957
171
0
2949


2956
2961
0
431
2954
2864
2955
2960
2426


0
423
2959
2951
918
0
2849
2959
2583
295
5

2956
0
0
2953
2962
2698
0
1095
2960
2
5
86
2961
2955
1201
0
1507
2959
2957
0
0
2
9
60
2883
2753
2959
2873
0
0
2953
2963
15
8
6
0
1902
2949
2375
2960
2953
0
0
2896
29
6
0
2951
0
133
2958
2656
2960
2958
2221
0


243
2953
2959
738
0
2663
2943
2395
2953

2
956
1776
0
1407
2961
2226
2958
2950
84

0

2358
2959
2960
0
0
2966
2624
2895
2953


2322
0
0
2954
2947
830
0
2354
2944
2309


2955
2959
0
0
2959
2950
2837
0
630
2939


2557
2961
2953
1604
0
893
2957
2957
110

0

2953
2944
2698
2956
2949
0
0
2958
2960


2016
0
1716
2960
2519
2960
2960
336
0
26
6
0
2955
2972
0
228
2977
2857
2960
2949
25
5
9
0
267
2944
2960
1238
0
2851
2959
2741

2
949
2956
0
0
2959
2957
2837
0
1168
2958


2763
2957
2956
1488
0
1489
2955
2960
0


0
2955
2928
2913
2954
2901
0
0
2959
2960


1642
0
1957
2953
2435
2960
2960
0
0
2944


2957
2951
0
182
2945
2720
2951
2958
2294


0
274
2957
2953
2719
2950
2957
0
0
2954


2954
1898
0
1505
2959
2307
2954
2950
218


0
2395
2958
2960
0
80
2957
2722
2958
29
5
3
2377
0
81
2962
2954
842
0
2416
2940
23
2
3
2958
2953
0
0
2954
2959
2690
0
654
2
9
58
2368
2962
2951
1289
0
1023
2951
2966
0


0
2948
2896
2535
2975
2931
0
0
2954
29
5
7
1929
0
1659
2960
2413
2960
2946
292
0


2538
2955
2965
0
111
2962
2806
2954
2960

2
479
0
180
2951
2956
1139
0
2783
2947
26
6
9
2960
2960
0
0
2949
2958
2781
0
1061
29
5
3
2717
2955
2958
1582
0
1579
2959
2957

4
5
0
2951
2941
2958
2958
2927
0
0
2954
29
4
4
1774
0
2188
2957
2656
2953
2960
50
0


2928
2960
2958
0
337
2947
2791
2951
2943

2
956
125
0
2827
2925
2320
2955
2947
0
0


2955
2959
2229
0
1210
2957
2321
2957
2958


485
0
2033
2957
2955
0
0
2960
2752
2929


2953
2528
0
0
2955
2957
1113
0
2223
2951


2301
2945
2954
0
0
2956
2949
2801
0
53
9

2955
2469
2954
2954
1485
0
802
2960
2949


0
0
2831
2900
2384
2958
2938
0
0
2949


2956
1792
0
1392
2957
2202
2951
2955
62
0


2373
2959
2950
0
0
2953
2690
2923
2960


2416
0
55
2960
2957
1007
0
2491
2947
2454


2960
2955
0
0
2959
2960
2763
0
897
295
0

2622
2955
2953
1494
0
1407
2959
2956
0

0

2957
2928
2945
2955
2914
0
0
2959
2967


1781
0
2194
2960
2626
2959
2957
90
0
295
7

2953
2947
0
425
2958
2846
2960
2954
24
0
5
0
423
2960
2925
2821
2959
2907
0
0
295
7

2960
1677
0
1968
2947
2478
2960
2956
0


0
2955
2961
2953
0
158
2955
2682
2951

2
960
2301
0
305
2949
2960
799
0
2736
2950


2462
2954
2949
0
0
2959
2960
2677
0
935


2961
2539
2949
2967
1235
0
1447
2958
2959


0
0
2967
2909
2800
2957
2876
0
0
2951

2
953
1553
0
1840
2953
2321
2961
2953
0
0

2
937
2960
2949
0
98
2953
2599
2959
2954

2
147
0
131
2960
2949
613
0
2493
2938
2244


2951
2960
0
0
2953
2957
2597
0
871
2953


2455
2945
2946
1171
0
1449
2957
2951
0
0


2960
2905
2842
2954
2897
0
0
2958
2954


1810
0
2019
2959
2513
2959
2952
52
0
2953


2960
2952
0
309
2954
2832
2959
2958
240
6

0
369
2954
2957
2783
2955
2956
0
0
2955


2953
2379
0
1380
2958
2479
2960
2957
59
2

0
2035
2934
2958
0
0
2945
2831
2892
295
9

2704
0
0
2958
2959
1344
0
2000
2957
2
3
01
2958
2955
0
0
2954
2960
2931
0
240
2
9
59
2559
2959
2955
2023
0
433
2960
2958
5
1
1
0
2781
2941
2416
2951
2959
0
0
2951
2
9
51
2521
0
865
2946
2401
2950
2945
1023
0


1395
2959
2959
0
0
2949
2844
2640
2958

2
854
0
0
2955
2931
1471
0
1782
2956
2263

2
959
2958
0
0
2899
2959
2947
0
61
2950

2
559
2947
2955
2054
0
107
2955
2953
456
0


2397
2935
2219
2956
2953
0
0
2955
2956

2
605
0
823
2954
2465
2951
2955
1159
0
1462


2953
2958
0
0
2955
2917
2857
2948
2914


0
0
2958
2952
1808
0
2153
2960
0
2958
2
9
53
2770
0
1175
2955
2708
2960
2957
1360
0


1683
2951
2960
0
0
2958
2943
2915
2956


2911
0
0
2953
2955
1749
0
2027
2955
2544


2941
2958
0
0
2958
2956
2957
0
175
2957


2713
2960
2957
2270
0
230
2954
2958
829

0

2666
2954
2433
2963
2958
0
0
2960
2947


2624
0
934
2944
2463
2949
2961
1101
0
14
1
4
2954
2954
0
0
2956
2868
2719
2957
287
7

0
0
2957
2960
1581
0
1839
2964
2297
295
7

2953
0
0
2917
2951
2944
0
187
2953
26
9
0
2959
2949
2223
0
188
2958
2956
678
0

2
550
2943
2378
2953
2957
0
0
2959
2959
259
8

0
831
2951
2432
2955
2976
1112
0
1406


2957
2958
0
0
2945
2880
2717
2960
2880
0


0
2957
2951
1648
0
1982
2958
2426
2957

2
950
2896
0
769
2960
2743
2957
2960
1892
0


1229
2947
2960
432
0
2954
2941
2862
295
7

2950
0
0
2959
2960
2085
0
1863
2950
255
9

2958
2955
511
0
2759
2954
2947
0
123

2
951
2805
2960
2959
2459
0
91
2958
2956
97
6

0
2551
2947
2480
2932
2959
0
0
2956
2
9
45
2748
0
859
2960
2528
2954
2958
1332
0


1245
2957
2953
0
0
2960
2874
2727
2955

2
876
0
0
2951
2961
1584
0
1830
2943
2357

2
951
2947
0
0
2858
2954
2950
0
66
2960

2
650
2953
2930
2200
0
154
2961
2950
717
0


2541
2945
2326
2960
2957
0
0
2957
2956

2
559
0
783
2960
2395
2953
2955
1001
0
1311


2955
2960
0
0
2956
2812
2495
2955
2819


0
0
2954
2957
1441
0
1634
0
0
2961
2957


2944
0
329
2955
2746
2961
2959
2156
0
5
2
7
2953
2959
720
0
2945
2946
2759
2953
29
5
7
0
0
2956
2948
2753
0
1245
2955
2704
2
9
51
2950
1427
0
1758
2955
2959
0
0
2959

2
939
2951
2955
2914
0
0
2955
2954
1763
0


2181
2955
2646
2955
2949
0
0
2953
2951
2
9
55
0
210
2949
2770
2954
2958
2302
0
287

2
960
2959
768
0
2625
2953
2438
2955
2956


0
0
2960
2954
2648
0
883
2955
2464
2959

2
953
1106
0
1359
2955
2954
0
0
2966
2893


2766
2960
2875
0
0
2955
2941
1584
0
1845


2938
2352
2960
2959
0
0
2880
2960
2947


0
144
2951
2730
2949
2945
2288
0
204
2960


2960
776
0
2507
2946
2363
2960
2955
0

0

2959
2957
2639
0
880
2955
2441
2960
2955


2930
0
268
2958
2695
2960
2959
2152
0

4
67
2960
2960
614
0
2881
2948
2621
2958
29
5
3
0
0
2957
2953
2724
0
1171
2951
2673

2
954
2949
1360
0
1759
2955
2961
0
0
2955

2
939
2944
2958
2929
0
0
2957
2970
1916
0


2349
2955
2746
2960
2953
87
0
2944
2951


2960
0
336
2965
2817
2947
2960
2416
0
433


2950
2957
1055
0
2851
2953
2590
2954
29
5
1
0
0
2959
2981
2679
0
906
2958
2490
295
8

2959
1211
0
1365
2954
2952
0
0
2953
2
8
81
2704
2959
2866
0
0
2959
2955
1573
0
1
8
30
2958
2313
2958
2950
0
0
2864
2953
29
4
7
0
137
2949
2704
2959
2950
2266
0
214
2
9
59
2960
692
0
2606
2951
2375
2960
2953

0

0
2959
2957
2610
0
798
2960
0
2511
2960


2951
0
27
2950
2653
2960
2960
2218
0
1
8
0
2959
2950
641
0
2475
2944
2299
2953
295
9

0
0
2948
2951
2642
0
918
2954
2497
295
5

2956
1188
0
1426
2959
2961
0
0
2954
2
9
28
2934
2951
2925
0
0
2950
2947
1746
0
2
0
02
2955
2502
2954
2957
38
0
2954
2953
2
9
59
0
465
2960
2884
2954
2954
2511
0
403

2
955
2959
1103
0
2912
2960
2781
2955
2957


0
0
2957
2955
2719
0
1071
2957
2603
2955


2957
1424
0
1717
2955
2955
0
0
2954
29
2
8
2893
2955
2885
0
0
2949
2951
1588
0
17
6
9
2955
2355
2956
2960
0
0
2910
2959
294
7

0
169
2950
2691
2951
2960
2250
0
155
29
5
5
2960
702
0
2421
2944
2335
2946
2955
0


0
2956
2970
2607
0
795
2957
2398
1839
2
9
58
2959
0
0
2972
2817
2837
2960
2724
0
0


2955
2960
1277
0
1829
2941
2143
2945
29
5
7
0
0
2960
2950
2933
0
169
2978
2606
295
6

2957
2106
0
394
2957
2949
548
0
2640

2
941
2400
2959
2951
0
0
2955
2930
2740
0

1
248
2950
2739
2953
2949
1410
0
1631
2953


2960
0
0
2957
2938
2948
2955
2926
0
0
2
9
60
2960
1862
0
2223
2954
2746
2960
2958


373
0
2955
2959
2959
0
509
2960
2896
2957


2960
2507
0
467
2951
2958
1145
0
2943

2
958
2752
2956
2959
0
0
2944
2948
2777
0

1
215
2970
2739
2957
2955
1345
0
1535
2954


2958
0
0
2961
2922
2835
2955
2896
0
0
2
9
54
2947
1650
0
1930
2957
2482
2955
2949


27
0
2947
2963
2610
2949
2954
2077
0
137


2960
2951
545
0
2559
2944
2303
2960
2955


0
0
2958
2960
2590
0
758
2960
2414
2951


2950
1162
0
1291
2960
2957
0
0
2955
278
5

2421
2958
2827
0
0
2949
2960
1490
0
169
3

2960
2269
2955
2951
0
0
2833
2945
2942


0
75
2973
2634
2946
2959
2205
0
160
2960


2950
686
0
2586
2944
2367
2953
2953
0

0

2956
2949
2702
0
1072
2954
2685
2955
295
5

1264
0
1483
2960
2950
0
0
2955
2913
2
8
58
2955
2935
0
0
2959
2954
1899
0
2208

2
958
2737
2959
2958
128
0
2950
2955
2954
0


443
2953
2864
2960
2953
2464
0
454
2957


2950
1039
0
2913
2954
2704
2957
2953
0
0


2958
2957
2816
0
1200
2957
2673
2149
29
5
7
2955
0
0
2946
2746
2899
2957
2538
0
0


2958
2958
1122
0
2255
2951
2303
2949
295
6

0
0
2955
2959
2859
0
501
2950
2480
2955


2947
1584
0
825
2949
2954
28
0
2927
29
1
8
2497
2958
2958
0
0
2961
2958
1910
0
15
0
7
2957
2352
2955
2958
242
0
2449
2961
2
9
60
0
0
2953
2608
2910
2955
2304
0
0
2953


2961
754
0
2290
2951
2306
2951
2955
0

0

2949
2955
2739
0
720
2960
2496
2956
2960


1337
0
1202
2960
2957
0
0
2965
2911
28
5
5
2944
2919
0
0
2956
2957
1842
0
2103
2
9
65
2608
2957
2958
168
0
2953
2953
2950
0


323
2954
2828
2957
2960
2426
0
349
2958


2953
1036
0
2891
2954
2742
2958
2958
0
0


2958
2985
2802
0
1280
2960
2723
2957
295
9

2943
0
256
2958
2637
2955
2959
2064
0
3
1
3
2958
2956
563
0
2720
2946
2419
2946
2
9
60
0
0
2954
2954
2672
0
929
2959
2420
29
4
5
2958
1090
0
1297
2954
2957
0
0
2960

2
857
2610
2949
2887
0
0
2951
2955
1678
0

1
947
2960
2451
2959
2960
0
0
2891
2955
2
9
55
0
64
2954
2624
2953
2953
2241
0
157
2
9
50
2954
645
0
2431
2942
2272
2955
2954
0


0
2953
2950
2647
0
854
2956
2366
2957

2
953
1008
0
1215
2957
2958
0
0
2956
2837

2
512
2954
2848
0
0
2958
2959
1625
0
1856


2957
2466
2956
2960
0
0
2928
2961
2957
0


190
2951
2697
2959
2960
2340
0
245
2961


2957
961
0
2821
2951
2668
2955
2960
0
0


2957
2958
2754
0
1187
2949
2723
2950
295
3

2955
0
375
2951
2756
2953
2951
2129
0
3
7
0
2959
2950
586
0
2817
2939
2435
2960
2
9
49
0
0
2959
2950
2638
0
944
2954
2494
29
5
3
2954
1189
0
1431
2956
2957
0
0
2960

2
879
2673
2957
2871
0
0
2956
2954
1526
0


1795
2955
2345
2957
2955
0
0
2957
2955
29
5
5
0
219
2931
2697
2949
2959
2224
0
125


2951
2957
645
0
2531
2948
2322
2950
2958

0

0
2958
2949
2635
0
798
2960
2480
2951


2954
1209
0
1378
2961
2960
0
0
2959
2863


2559
2960
2883
0
0
2955
2951
1511
0
163
1

2954
2221
2960
2950
0
0
2844
2959
2946

0

116
2956
2704
2959
2958
2338
0
193
297
6

2953
796
0
2495
2943
2275
2951
2961
0
0


2959
2954
2701
0
1046
2987
2626
2395
29
4
9
2951
0
159
2947
2901
2951
2960
2742
0

1
18
2954
2959
1433
0
2611
2960
2608
2958


2953
0
0
2955
2953
2885
0
634
2960
2590

2
958
2956
1682
0
935
2957
2956
143
0
294
6

2926
2482
2955
2953
0
0
2958
2953
1898

0

1535
2951
2416
2955
2953
256
0
2410
29
5
8
2960
0
0
2955
2715
2944
2959
2483
0
49


2957
2953
1071
0
2463
2950
2359
2960
29
5
4
0
0
2949
2960
2752
0
609
2955
2448
296
0

2960
1361
0
1008
2958
2948
0
0
2953
2
8
97
2495
2959
2935
0
0
2950
2957
1868
0

1
459
2956
2283
2959
2951
253
0
2353
2960
2
9
53
0
0
2953
2626
2896
2945
2327
0
0
29
6
0
2954
848
0
2374
2951
2299
2958
2954
0

0

2947
2954
2750
0
624
2958
2457
2362
29
5
8
2953
0
61
2954
2867
2963
2953
2717
0
5
1

2955
2954
1450
0
2672
2950
2719
2955
2
9
59
0
0
2953
2958
2923
0
907
2956
2736
29
5
3
2954
1888
0
1062
2960
2957
352
0
2947


2948
2795
2955
2957
0
0
2959
2954
2096
0


1663
2957
2486
2949
2955
420
0
2559
295
6

2954
0
139
2960
2825
2959
2956
2544
0
7
1

2946
2960
956
0
2384
2951
2319
2959
29
5
7
0
0
2960
2953
2752
0
797
2951
2559
295
4

2950
1395
0
1199
2953
2953
0
0
2950
2
8
86
2639
2949
2896
0
0
2945
2960
1616
0
1
7
70
2951
2326
2955
2960
0
0
2843
2951
29
4
6
0
102
2960
2688
2955
2953
2322
0
240
2
9
51
2959
763
0
2503
2939
2257
2955
2962
0


0
2957
2954
2608
0
767
2959
0
2704
295
5

2959
0
128
2960
2725
2959
2960
2383
0
2
8
6
2958
2959
925
0
2806
2955
2558
2960
2
9
56
0
0
2958
2957
2736
0
1061
2958
2682
2
9
60
2953
1488
0
1655
2957
2957
80
0
2962


2944
2957
2959
2939
0
0
2961
2960
1904
0


2112
2954
2684
2957
2947
176
0
2959
295
7

2948
0
256
2954
2806
2950
2958
2375
0
2
1
5
2955
2951
878
0
2649
2957
2496
2950
2
9
56
0
0
2955
2950
2671
0
886
2982
2486
29
6
0
2960
1328
0
1441
2957
2957
0
0
2949

2
903
2770
2960
2903
0
0
2948
2950
1589
0

1
769
2959
2288
2955
2958
0
0
2896
2949
29
5
1
0
131
2958
2672
2950
2960
2304
0
144


2962
2958
688
0
2496
2943
2259
2954
2947

0

0
2955
2952
2617
2958
2960
0
0
2623
2
9
55
2962
0
46
2954
2642
2945
2960
2333
0

1
33
2955
2964
824
0
2559
2955
2297
2943

2
954
0
0
2948
2954
2697
0
1005
2954
2672

2
950
2953
1394
0
1521
2955
2961
0
0
2944


2914
2832
2960
2928
0
0
2956
2959
1863
0


2187
2954
2717
2957
2953
240
0
2958
295
1

2949
0
375
2951
2863
2960
2960
2505
0
4
1
7
2955
2957
1088
0
2855
2950
2645
2958

2
960
0
0
2960
2957
2774
0
1042
2945
2612


2949
2959
1393
0
1511
2955
2955
0
0
2960


2911
2707
2955
2907
0
0
2960
2960
1648

0

1855
2955
2448
2960
2956
0
0
2943
2959

2
951
0
121
2960
2662
2950
2960
2314
0
14
3

2960
2958
784
0
2611
2950
2389
2957
2959


1648
0
1535
2954
2247
2950
2957
0
0
27
3
6
2956
2935
0
80
2956
2654
2943
2958
2256


0
53
2959
2950
650
0
2306
2944
2190
29
5
4
2954
0
0
2958
2960
2624
0
833
2942
244
5

2960
2953
1296
0
1375
2949
2959
0
0
2
9
50
2907
2774
2959
2928
0
0
2955
2950
182
0

0
2032
2953
2559
2955
2949
0
0
2939
296
0

2945
0
277
2946
2833
2960
2955
2512
0

3
89
2955
2955
1088
0
2876
2950
2697
2957


2957
0
0
2949
2960
2793
0
1183
2949
2753


2960
2954
1461
0
1535
2951
2957
0
0
294
9

2917
2835
2955
2930
0
0
2950
2955
1713

0

1863
2959
2338
2957
2952
0
0
2812
2944


2945
0
32
2949
2633
2938
2951
2288
0
10
7

2930
2958
705
0
2374
2938
2181
2957
2961


1764
0
1680
2954
2421
2951
2955
11
0
2
7
97
2955
2960
0
79
2955
2693
2954
2954
238
4

0
162
2950
2949
899
0
2550
2954
2361

2
957
2953
0
0
2958
2959
2645
0
789
2957
2
4
48
2955
2960
1215
0
1346
2949
2955
0
0


2944
2896
2729
2962
2924
0
0
2957
2953
17
3
5
0
1875
2957
2514
2959
2959
128
0
2954


2957
2958
0
276
2960
2816
2959
2960
2520


0
327
2955
2954
1169
0
2853
2957
2806
2
9
57
2953
0
0
2957
2955
2770
0
1163
2960
2
6
91
2951
2955
1531
0
1687
2953
2949
178

0

2957
2944
2953
2957
2947
0
0
2947
2959

1
968
0
2192
2958
2728
2951
2958
259
0
29
4
7
2954
2960
0
358
2951
2835
2959
2956
244
9

0
254
2960
2893
2559
2957
2911
0
0
29
7
1
2953
1616
0
1666
2951
2209
2962
2945
0


0
2727
2958
2957
0
34
2960
2677
2944
29
5
4
2300
0
103
2951
2955
680
0
2405
2943
2
2
58
2957
2935
0
0
2957
2950
2634
0
831
2
9
54
2511
2959
2954
1246
0
1225
2954
2951


0
0
2951
2847
2482
2947
2871
0
0
2960
29
5
9
1506
0
1687
2961
2188
2960
2954
0
0

2
767
2960
2946
0
38
2953
2658
2940
2951
22
9
8
0
131
2977
2953
793
0
2544
2950
2418


2960
2953
0
0
2962
2960
2694
0
928
2958

2
608
2953
2956
1462
0
1534
2944
2950
35

0

2954
2939
2907
2961
2942
0
0
2958
2957

1
844
0
2176
2960
2688
2960
2953
272
0
29
5
5
2958
2956
0
411
2955
2866
2958
2955
254
3

0
391
2938
2917
2655
2958
2914
0
0
29
4
5
2961
1556
0
1712
2954
2324
2961
2951
0


0
2809
2955
2954
0
59
2958
2672
2949
295
8

2352
0
135
2961
2951
849
0
2511
2946

2
343
2954
2951
0
0
2959
2960
2627
0
769
2
9
50
2409
2954
2954
1218
0
1295
2967
2960


0
0
2948
2870
2543
2955
2891
0
0
2960
29
6
0
1535
0
1663
2957
2245
2954
2951
0
0

2
768
2959
2945
0
23
2959
2647
2943
2960
23
2
6
0
70
2944
2960
626
0
2307
2938
2214

2
955
2953
0
0
2961
2958
2607
0
752
2960
2
4
18
2956
2956
1264
0
1321
2960
2954
0
0


2949
2896
2731
2957
2901
0
0
2959
2954
17
5
9
0
1955
2959
2487
2959
2958
41
0
2946


2955
2954
0
279
2960
2829
2950
2961
2531


0
381
2960
2960
1134
2955
2891
0
0
2957

2
955
1723
0
1975
2955
2448
2954
2957
0
0


2960
2955
2951
0
173
2960
2763
2953
2960


2359
0
269
2960
2954
878
0
2669
2957
24
7
9
2951
2951
0
0
2955
2957
2666
0
763
295
3

2498
2959
2959
1310
0
1283
2931
2960
0


0
2958
2869
2559
2957
2901
0
0
2947
2951


1600
0
1747
2957
2416
2959
2965
0
0
291
0

2958
2956
0
54
2954
2688
2943
2954
232
0

0
112
2955
2956
858
0
2445
2945
2338
29
5
4
2947
0
0
2960
2960
2559
0
635
2960
2
3
89
2957
2957
1136
0
1222
2947
2954
0
0
2
9
51
2835
2494
2958
2883
0
0
2955
2954
159
4

0
1791
2958
2382
2957
2960
0
0
2941
29
6
0
2950
0
205
2934
2800
2958
2960
2465
0


283
2956
2959
1007
0
2695
2959
0
2957
29
5
4
1924
0
2157
2957
2678
2960
2960
233
0


2954
2957
2950
0
336
2960
2854
2955
2971


2374
0
255
2939
2955
831
0
2559
2950
24
1
9
2947
2955
0
0
2952
2954
2647
0
826
295
7

2510
2958
2955
1329
0
1373
2956
2957
0


0
2966
2908
2754
2954
2933
0
0
2954
2960


1744
0
1856
2951
2467
2959
2960
11
0
2
8
59
2958
2930
0
55
2970
2720
2960
2951
235
4

0
113
2951
2942
801
0
2366
2946
2335

2
960
2960
0
0
2965
2951
2598
0
699
2959
2
4
25
2953
2951
1178
0
1217
2955
2957
0
0


2943
2839
2486
2963
2867
0
0
2959
2955
15
1
0
0
1506
2956
2176
2950
2957
0
0
2681

2
958
2949
0
48
2951
2661
2945
2948
2350
0


112
2954
2960
912
0
2557
2949
2478
2953


2960
2155
0
1799
2953
2733
2957
2930
630

0

2790
2956
2958
0
194
2955
2902
2955
29
5
8
2675
0
119
2959
2957
1328
0
2638
2957

2
649
2961
2959
0
0
2959
2960
2854
0
752


2951
2649
2958
2958
1535
0
1151
2954
2961


131
0
2951
2930
2634
2957
2949
0
0
2957


2941
1872
0
1436
2975
2413
2957
2954
332


0
2385
2960
2954
0
0
2947
2726
2932
2959


2513
0
0
2957
2955
1034
0
2288
2949
23
0
5
2957
2959
0
0
2951
2960
2726
0
564
295
4

2482
2958
2960
1417
0
999
2960
2951
0


0
2946
2919
2493
2960
2943
0
0
2951
2960


1799
0
1299
2956
2353
2959
2960
196
0
2
3
04
2959
2955
0
0
2958
2753
2946
2955
2490


0
0
2958
2955
1033
2957
2959
0
0
2957


2960
2689
0
1017
2956
2682
2959
2954
1392


0
1607
2942
2960
29
0
2955
2938
2957
29
5
6
2944
0
0
2959
2960
1862
0
2225
2960
27
3
8
2960
2958
262
0
2954
2951
2960
0
347


2958
2878
2950
2955
2491
0
329
2954
2956


1057
0
2777
2954
2691
2957
2964
0
0
2960


2958
2715
0
927
2957
2678
2960
2958
1389


0
1362
2959
2951
0
0
2931
2906
2768
2960


2918
0
0
2953
2959
1661
0
1786
2957
24
0
2
2955
2954
0
0
2899
2953
2953
0
65
2951


2704
2960
2955
2363
0
110
2958
2953
848


0
2378
2947
2379
2960
2957
0
0
2965
2959


2603
0
709
2971
2400
2960
2959
1178
0

1
229
2960
2955
0
0
2951
2865
2595
2958
290
5

468
0
2405
2927
2294
2948
2955
0
0
29
5
8
2958
2619
0
775
2949
2559
2957
2953
127
4

0
1396
2967
2954
0
0
2951
2898
2672
2
9
57
2939
0
0
2950
2954
1868
0
1813
2958

2
663
2961
2956
49
0
2957
2957
2945
0
235

2
949
2842
2956
2960
2468
0
240
2965
2960


1104
0
2819
2953
2781
2950
2981
0
0
2950


2948
2768
0
1109
2957
2743
2957
2954
146
3

0
1584
2957
2957
0
0
2961
2949
2912
294
8

2925
0
0
2958
2956
1667
0
1882
2957
25
4
1
2960
2950
44
0
2937
2955
2954
0
118
2
9
51
2741
2962
2960
2386
0
203
2958
2965
9
2
4
0
2496
2950
2454
2955
2958
0
0
2954

2
959
2621
0
787
2950
2529
2960
2951
1296
0


1309
2951
2957
0
0
2961
2895
2693
2959


2958
835
0
2237
2949
2320
2949
2959
0
0

2
957
2955
2689
0
528
2951
2357
2959
2953

1
377
0
969
2958
2948
0
0
2928
2928
2586

2
958
2944
0
0
2960
2958
1952
0
1417
2957


2522
2959
2960
457
0
2464
2957
2960
0
11
0

2958
2810
2957
2960
2533
0
166
2955
29
5
6
1220
0
2670
2954
2706
2959
2953
0
0
29
6
0
2953
2846
0
867
2958
2777
2961
2958
1
7
73
0
1329
2957
2958
315
0
2960
2946
2908


2960
2953
0
0
2960
2958
2148
0
1626
295
3

2656
2954
2955
544
0
2595
2948
2949
0
1
0
0
2977
2854
2949
2955
2557
0
16
2957
29
5
4
1053
0
2301
2949
2511
2954
2959
0
0
29
5
8
2960
2773
0
693
2957
2591
2962
2959
1
5
11
0
0
2935
2850
2524
2956
2897
0
0
2959


2960
1627
0
1589
2954
2315
2957
2957
0


0
2723
2955
2951
0
73
2954
2747
2953
2958


2361
0
57
2961
2953
698
0
2182
2943
22
5
5
2953
2958
0
0
2986
2957
2525
0
567
295
9

2337
2955
2949
1109
0
1178
2965
2953
0


0
2950
2891
2704
2954
2918
0
0
2956
2950


1617
0
1844
2956
2607
2960
2960
94
0
2
9
56
2955
2951
0
192
2958
2851
2955
2959
25
1
2
0
289
2959
2973
1175
0
2769
2960
2797


2958
2957
0
0
2957
2960
2797
0
1166
2950


2835
2954
2950
1652
0
1751
2941
2960
13
4

0
2951
2949
2955
2955
2943
0
0
2960
296
0

1909
0
2005
2951
2725
2960
2959
244
0

2
948
2958
2949
0
211
2953
2814
2932
2954


2960
457
0
2783
2934
2459
2959
2954
0
0

2
965
2949
2239
0
1018
2959
2429
2959
2960


694
0
1895
2957
2959
0
0
2945
2800
2908


2955
2608
0
0
2960
2959
1122
0
2073
295
3

2384
2960
2957
0
0
2959
2949
2822
0
382


2960
2558
2951
2960
1694
0
688
2961
295
0

112
0
2695
2918
2419
2956
2947
0
0
2960


2960
1842
0
1191
2954
2415
2957
2958
27
2

0
2257
2958
2950
0
0
2960
2806
2953
295
7

2590
0
0
2958
2958
1152
0
2337
2957
2
6
22
2959
2959
0
0
2955
2960
2887
0
699
2
9
58
2754
2954
2960
1872
0
1003
2955
2958
4
8
7
0
2955
2959
2906
2957
2954
0
0
2960

2
959
2158
0
1734
2957
2782
2959
2953
799
0


2739
2955
2957
0
182
2958
2894
455
2955


2952
577
0
2687
2950
2589
2957
2957
0
0


2955
2944
2527
0
881
2960
2559
2957
2961


1136
0
1490
2960
2959
0
0
2939
2895
2736


2959
2901
0
0
2954
2953
1558
0
1566
29
4
7
2394
2957
2958
0
0
2789
2951
2945
0
48


2958
2760
2957
2955
2447
0
95
2960
2946


881
0
2395
2956
2495
2953
2954
0
0
2961


2960
2559
0
656
2955
2515
2950
2959
1248


0
1168
2960
2961
0
0
2859
2843
2497
294
7

2895
0
0
2946
2960
1456
0
1535
2951
241
1

2960
2960
0
0
2754
2953
2945
0
11
296
3

2719
2953
2951
2373
0
54
2959
2959
918

0

2325
2947
2607
2954
2959
0
0
2960
2954


2672
0
897
2968
2713
2960
2956
1582
0
14
1
8
2958
2959
16
0
2950
2945
2929
2961
292
8

909
0
2640
2944
2624
2958
2947
0
0
296
0

2956
2614
0
782
2959
2658
2951
2955
142
4

0
1325
2950
2953
0
0
2954
2917
2789
29
5
8
2927
0
0
2956
2955
1648
0
1759
2957
2
6
01
2960
2960
95
0
2914
2954
2957
0
140


2941
2811
2959
2960
2443
0
133
2950
2957

8
79
0
2448
2955
2643
2959
2957
0
0
2960

2
951
2643
0
720
2955
2608
2955
2960
1464

0

1246
2960
2958
0
0
2955
2914
2801
2950


2929
0
0
2985
2960
1577
0
1647
2959
2480


2959
2951
0
0
2741
2952
2947
0
35
2956


2752
2958
2954
2413
0
52
2960
2945
847
0


2320
2949
2532
2960
2959
0
0
2960
2956


2640
0
789
2959
2703
2960
2957
1501
0
136
9

2960
2963
0
0
2955
2931
2915
2950
2946


0
0
2949
2957
1826
2955
2957
0
0
2947
2
9
60
2642
0
923
2957
2711
2959
2957
1523

0

1377
2949
2969
0
0
2943
2927
2827
2960

2
929
0
0
2955
2957
1590
0
1606
2957
2518


2960
2958
0
0
2779
2959
2944
0
42
2950

2
764
2957
2944
2416
0
55
2954
2944
765
0


2331
2949
2522
2965
2959
0
0
2954
2954
2
6
08
0
677
2941
2598
2961
2955
1360
0
112
7

2959
2933
0
0
2870
2885
2685
2954
2907

0

0
2960
2955
1485
0
1569
2947
2493
2957


2958
0
0
2832
2955
2941
0
91
2951
2775

2
955
2950
2438
0
13
2960
2950
756
0
2193


2949
2416
2958
2949
0
0
2947
2954
2559
0


675
2935
2532
2962
2951
1344
0
1157
296
1

2955
0
0
2926
2914
2816
2960
2932
0
0

2
950
2956
1685
0
1762
2947
2714
2957
2959


2859
0
893
2950
2857
2961
2962
1941
0
12
0
6
2957
2958
370
0
2954
2950
2928
2954
29
5
4
0
0
2955
2955
2031
0
1605
2957
2758

2
958
2956
589
0
2285
2958
2950
0
69
2959

2
837
2960
2960
2601
0
0
2948
2956
935
0


2207
2955
2610
2958
2951
0
0
2960
2956
27
3
6
0
624
2976
2663
2957
2957
1674
0
896


2949
2954
0
0
2842
2933
2736
2961
2956
0


0
2955
2950
1940
0
1357
2958
2645
2960

2
958
549
0
2183
2958
2952
0
16
2957
2820

2
958
2956
2544
0
0
2949
2957
915
0
2144


2949
2596
2955
2958
0
0
2956
2960
2671
0


511
2959
2559
2959
2955
1643
0
777
2959


2947
0
0
2690
2911
2629
2957
2950
0
0
29
5
8
2954
1778
0
1190
2959
2528
2953
2958
5
0
3
0
2158
2955
2895
2960
2955
2539
0
171


2958
2933
909
0
2640
2945
2862
2951
2953


0
0
2955
2957
2749
0
1091
2942
2848
295
8

2954
1648
0
1293
2960
2955
0
0
2939
294
2

2953
2959
2935
0
0
2955
2957
1777
0
1
7
53
2963
2753
2953
2960
270
0
2707
2951
29
5
0
0
171
2958
2844
2951
2957
2523
0
0
2
9
59
2951
757
0
2290
2944
2627
2953
2955
0


0
2948
2959
2558
0
753
2953
2624
2960
2
9
60
1381
0
979
2957
2950
0
0
2877
2898
28
6
3
2959
2918
0
0
2955
2960
1424
0
1606

2
957
2538
2960
2953
13
0
2529
2951
2935
0


89
2953
2718
2960
2955
2385
0
0
2954
298
8

511
0
2113
2926
2458
2957
2950
0
0
29
4
9
2953
2451
0
586
2978
2480
2960
2959
123
7

0
790
2953
2954
2955
2955
2753
0
0
29
6
0
2954
1237
0
2032
2959
2765
2959
2961
0


0
2958
2961
2896
0
585
2960
2832
2960
29
5
1
2160
0
455
2954
2953
451
0
2901
2945

2
942
2959
2948
0
0
2957
2951
2430
0
1535


2965
2858
2957
2951
1197
0
1949
2958
2950


0
138
2957
2933
2951
2957
2816
0
0
2955


2947
1200
0
2245
2951
2798
2955
2951
0


0
2958
2951
2829
0
655
2949
2766
2949
295
7

1941
0
531
2959
2954
132
0
2831
2939
2
8
99
2932
2951
0
0
2966
2956
1856
0
1490

2
988
2672
2943
2951
560
0
2027
2958
2947

0

30
2951
2793
2959
2957
2542
0
0
2960
2
9
57
733
0
2107
2950
2640
2955
2955
0
0
29
4
7
2956
2651
0
528
2960
2548
2946
2954
1
4
74
0
0
2915
2914
2959
2960
2917
0
0
29
6
0
2960
1535
0
1773
2957
2783
2947
2959
24
0

0
2783
2958
2955
0
413
2954
2915
2956


2954
2617
0
98
2953
2961
1072
0
2878
2957


2956
2959
2955
0
0
2953
2957
2832
0
14
4
5
2950
2941
2959
2959
1971
0
1494
2960
29
5
1
448
138
2951
2959
2960
2953
2955
0
0


2959
2957
2031
0
2443
2951
2955
2959
2960


759
0
2957
2955
2957
0
777
2957
2961
29
5
9
2960
2674
0
191
2951
2973
1124
0
2848

2
959
2950
2961
2955
0
0
2950
2945
2755
0


1187
2957
2876
2957
2960
1682
0
1179
2950


2957
0
0
2960
2942
2959
2955
2931
0
0


2960
2955
1582
0
1718
2953
2757
2958
2950


2711
0
543
2942
2672
2955
2960
1450
0
5
4
2
2955
2962
0
0
2591
2893
2768
2959
2942


0
0
2957
2960
1669
0
1125
2947
2446
295
4

2947
306
0
1719
2950
2953
0
0
2954
2701


2957
2958
2368
0
0
2954
2958
658
0
214
1

2946
2757
2959
2958
0
0
2955
2958
2682

0

767
2960
2789
2960
2957
1535
0
902
2957


2939
0
0
2960
2934
2955
2946
2928
0
0


2951
2960
1712
0
1949
2959
2873
2960
2955


400
0
2839
2960
2955
0
431
2957
2900
29
8
8
2946
2537
0
74
2960
2954
810
0
2671
29
5
7
2918
2959
2954
0
0
2960
2959
2654
0

8
57
2950
2768
2959
2956
1352
0
958
2966
29
6
1
0
0
2928
2928
2953
2953
2907
0
0
295
1

2960
1478
0
1565
2948
2651
2960
2960
80


0
2480
2959
2946
0
172
2954
0
560
2953


2957
0
0
2638
2913
2879
2960
2944
0
0
29
5
8
2954
1721
0
1251
2953
2559
2957
2958

3
88
0
1989
2955
2944
0
43
2946
2836
2955


2951
2492
0
0
2955
2955
722
0
1961
2944

2
709
2951
2954
0
0
2960
2955
2711
0
726


2954
2736
2950
2953
1662
0
761
2960
2960

0

0
2935
2948
2959
2954
2948
0
0
2960
2
9
57
1967
0
1632
2960
2855
2954
2960
655
0


2195
2960
2959
0
208
2946
2913
2961
2954


2583
0
0
2960
2954
1058
0
2448
2955
2933


2956
2947
0
0
2960
2960
2831
0
963
296
5

2866
2957
2951
1781
0
898
2944
2954
0
0


2934
2951
2949
2959
2945
0
0
2958
2957


1851
0
1392
2955
2781
2948
2945
496
0
209
1

2957
2949
0
87
2959
2851
2961
2960
251
5

0
0
2959
2962
833
2959
2959
0
0
2955

2
960
2507
0
783
2960
2721
2949
2957
1201
0


1023
2947
2960
0
0
2827
2897
2913
2960


2866
0
0
2960
2957
1333
0
1453
2958
2607


2948
2953
0
0
2543
2960
2944
0
113
2948


2750
2957
2958
2338
0
0
2950
2957
443
0


2149
2947
2662
2957
2953
0
0
2957
2954

2
527
0
839
2960
2690
2958
2959
1344
0
1023


2954
2971
0
0
2961
2944
2958
2959
2927

0

0
2955
2957
1606
0
1765
2967
2848
2957


2959
206
0
2845
2951
2957
0
354
2955
291
3

2960
2942
2540
0
89
2951
2951
979
0
27
4
3
2948
2953
2955
2952
0
0
2956
2953
2758


0
1222
2967
2883
2953
2951
1648
0
1300

2
959
2956
0
0
2949
2949
2954
2954
2933
0


0
2954
2958
1590
0
1863
2957
2866
2958
2
9
50
2873
0
611
2960
2801
2949
2956
1929
0


627
2960
2947
282
0
2935
2947
2923
2957


2953
0
0
2968
2951
2189
0
1165
2960
2734


2949
2957
710
0
1826
2960
2958
0
0
2954


2882
2953
2953
2592
0
0
2973
2954
954
0


1950
2946
2752
2957
2953
0
0
2960
2955
2
7
59
0
325
2948
2650
2959
2954
1600
0
445


2960
2967
0
0
2545
2924
2800
2949
2950


0
0
2958
2957
1773
0
1253
2960
2688
2955


2958
546
0
2183
2959
2951
0
133
2955
28
8
0
2954
2958
2617
0
0
2961
2955
980
0
247
9

2951
2906
2958
2958
0
0
2959
2955
2783


0
981
2961
2905
2949
2960
1853
0
1277
29
5
6
2948
32
0
2955
2954
2956
2959
2939
0


0
2966
2949
1685
0
2018
2963
2909
2960
29
5
4
2793
0
707
2967
2781
2958
2960
1729
0


930
2954
2957
32
0
2916
2943
2907
2955
2
9
45
0
0
2963
2961
1926
0
1360
2949
2722


2959
2958
468
0
2155
2960
2954
0
18
2962


2832
2959
2955
2555
0
0
2954
2962
992
0


2163
2955
2691
2954
2969
0
0
2953
2960
2
7
19
0
729
2959
2718
2957
2949
1458
0
977


2957
2948
0
0
2911
2928
2903
2955
2850
0


0
2959
2960
1341
0
1326
2953
2551
2957

2
951
0
0
2627
2958
2957
0
77
2959
2800

2
948
2955
2342
0
0
2957
2959
626
0
2205
2
9
60
2773
2958
2957
0
0
2960
2957
2621
0


766
2960
2769
2960
2949
1353
0
1304
2955

2
949
0
0
2950
2948
2949
2955
2933
0
0
2
9
55
2949
1744
0
1722
2960
2828
2957
2960
2
3
8
0
2933
2952
2672
2960
2958
1049
0
136
3

2960
2960
0
0
2951
2860
2935
2951
2783

0

0
2950
2958
1385
0
1585
2954
2607
2958


2954
0
0
2933
2959
2931
0
80
2967
2755

2
950
2954
2022
0
175
2959
2953
301
0
212
6

2944
2603
2955
2950
0
0
2955
2954
2559

0

525
2957
2602
2959
2957
1209
0
1099
295
8

2954
0
0
2831
2885
2769
2954
2857
0
0


2951
2953
1490
0
1424
2949
2559
2957
2960


0
0
2695
2958
2951
0
3
2947
2749
2951


2955
2361
0
47
2960
2962
791
0
2204
2949


2686
2943
2955
0
0
2957
2947
2669
0
697


2955
2761
2954
2958
1328
0
1327
2961
2961


0
0
2957
2954
2950
2954
2929
0
0
2953


2960
1913
0
1874
2960
2864
2955
2959
279

0

2947
2956
2957
0
368
2960
2909
2128
29
5
4
2972
0
98
2951
2918
2959
2960
2656
0
0


2947
2955
1104
0
2141
2955
2500
2960
29
5
4
0
0
2956
2951
2896
0
453
2960
2765
29
6
0
2951
1589
0
699
2954
2965
0
0
2601
294
9

2842
2977
2951
0
0
2956
2959
1900
0
1
1
39
2955
2498
2951
2954
146
0
2149
2957
29
5
4
0
0
2955
2801
2945
2955
2410
0
0
295
0

2945
911
0
1897
2938
2418
2955
2950
0
0


2954
2959
2746
0
529
2946
2509
2960
296
0

1296
0
833
2955
2957
0
0
2701
2896
2640


2945
2931
0
0
2957
2953
1746
0
1079
295
4

2342
2954
2959
32
0
2224
2953
2951
0
0


2950
2784
2960
2951
2320
0
0
2951
2951

8
71
0
2106
2949
2756
2959
2955
0
0
2957

2
956
2802
0
630
2944
2745
2953
2960
1481

0

1138
2950
2963
9
0
2958
2931
2954
2956


2956
1250
0
2334
2955
2867
2960
2957
0

0

2955
2946
2850
0
583
2954
2743
2955
2950


1394
0
1087
2955
2957
22
0
2944
2944
2
9
50
2954
2941
0
0
2951
2939
1876
0
1507
2
9
59
2646
2949
2951
175
0
2638
2959
2953
0


94
2960
2730
2955
2955
2375
0
67
2955
2
9
60
884
0
2485
2954
2688
2955
2946
0
0
2
9
58
2954
2704
0
797
2950
2659
2958
2948
1
2
10
0
1267
2953
2954
0
0
2953
2927
2950

2
948
2891
0
0
2955
2960
1710
0
1615
2955

2
593
2951
2955
0
0
2827
2949
2952
0
145


2960
2776
2959
2957
2336
0
65
2953
2954
8
0
4
0
2369
2962
2529
2951
2959
0
0
2960

2
957
2657
0
745
2966
2559
2960
2957
1149


0
1258
2960
2955
0
0
2951
2935
2953
2954


2955
1387
0
2643
2953
2919
2954
2954
0

0

2954
2955
2896
0
910
2948
2892
2958
2959


1639
0
1279
2960
2957
252
0
2959
2950

2
960
2960
2945
0
0
2950
2949
1883
0
1614

2
958
2711
2961
2943
154
0
2736
2958
2954


0
95
2960
2795
2960
2960
2285
0
80
2960

2
960
821
0
2270
2952
2755
2951
2959
0
0


2951
2959
2768
0
473
2949
2607
2960
2960

1
289
0
945
2950
2951
0
0
2832
2917
2765


2954
2929
0
0
2959
2955
1850
0
1246
2937


2527
2955
2959
211
0
2314
2950
2953
0
0


2960
2807
2950
2952
2385
0
0
2951
2955
8
3
7
0
2081
2949
2559
2958
2960
0
0
2957
2
9
58
2722
0
451
2951
2413
2960
2956
1216
0


895
2954
2960
0
0
2706
2901
2749
2958
2
9
54
1509
0
1850
2958
2675
2954
2959
0
0
2
9
55
2951
2948
0
291
2954
2802
2954
2950

2
273
0
347
2955
2954
927
0
2769
2955
2928


2956
2957
0
0
2962
2960
2804
0
981
2953


2800
2956
2958
1456
0
1393
2957
2960
58


0
2956
2947
2960
2954
2928
0
0
2951
2954


1791
0
1867
2959
2750
2951
2954
31
0
2
9
44
2955
2958
0
211
2960
2841
2958
2953
23
5
3
0
207
2948
2961
869
0
2539
2951
2861

2
954
2959
0
0
2950
2958
2705
0
753
2959
2
6
71
2955
2960
1261
0
1303
2955
2959
0
0


2955
2919
2943
2954
2891
0
0
2960
2950
16
6
3
0
1671
2959
2586
2955
2961
0
0
2854

2
958
2960
0
99
2955
2778
2961
2956
2320
0


107
2956
2954
765
0
2329
2947
0
2963
29
5
1
1626
0
1651
2959
2631
2960
2961
0
0

2
930
2957
2950
0
204
2953
2848
2958
2951
2
3
86
0
218
2953
2953
1015
0
2699
2959
291
5

2960
2957
0
0
2952
2951
2809
0
1009
294
7

2809
2955
2959
1520
0
1520
2953
2963
1
4
7
0
2954
2954
2957
2958
2929
0
0
2959
2
9
60
1971
0
1893
2957
2825
2954
2961
125
0


2943
2951
2951
0
142
2943
2850
2958
2957


2417
0
66
2954
2956
917
0
2320
2951
2673


2955
2960
0
0
2955
2955
2799
0
592
295
6

2661
2957
2955
1424
0
1023
2960
2957
0

0

2885
2935
2843
2960
2941
0
0
2953
2960


1968
0
1244
2960
2515
2954
2959
284
0
22
6
3
2958
2957
0
0
2956
2795
2957
2955
243
3

0
0
2951
2951
944
2955
2959
0
0
2959
2
9
57
2604
0
614
2967
2465
2957
2951
1070

0

1190
2957
2953
0
0
2913
2880
2839
2956

2
887
0
0
2960
2957
1694
0
1711
2947
2624


2955
2960
14
0
2948
2954
2951
0
201
2956


2864
2960
2951
2442
0
208
2958
2960
110
3

0
2706
2950
2895
2954
2960
0
0
2960
295
8

2832
0
991
2949
2819
2957
2955
1535
0


1495
2958
2955
49
0
2959
2942
2954
2953
2
9
28
0
0
2960
2954
1850
0
1813
2953
2736


2957
2959
66
0
2914
2953
2953
0
66
2957

2
785
2960
2955
2344
0
64
2960
2954
791
0


2286
2949
2602
2958
2961
0
0
2959
2960
2
7
04
0
700
2959
2592
2949
2959
1209
0
116
7

2950
2957
0
0
2943
2901
2883
2955
2896

0

0
2955
2950
1723
0
1599
2947
0
2957
2
9
50
2681
0
576
2954
2472
2955
2959
1191
0


1113
2958
2960
0
0
2875
2858
2800
2954

2
858
0
0
2960
2955
1680
0
1488
2957
2455
2
9
92
2943
0
0
2692
2958
2945
0
28
2959
2
7
97
2956
2964
2401
0
112
2960
2951
1054
0


2437
2951
2800
2947
2947
0
0
2953
2960

2
791
0
961
2967
2800
2957
2949
1483
0
15
5
7
2955
2956
112
0
2955
2944
2957
2954
294
3

0
0
2957
2959
2034
0
2047
2957
2877
2
9
60
2953
295
0
2955
2957
2954
0
306
2960

2
909
2954
2954
2473
0
247
2958
2953
1174


0
2770
2954
2847
2957
2963
0
0
2960
2957


2787
0
796
2959
2694
2955
2957
1338
0
1
2
51
2955
2955
0
0
2960
2926
2935
2961
2905


0
0
2948
2947
2559
2959
2951
0
0
2957


2954
2919
0
226
2949
2624
2960
2958
1830

0

431
2955
2960
336
0
2530
2939
2657
295
5

2955
0
0
2955
2951
2320
0
896
2955
2415


2958
2953
535
0
1755
2955
2960
0
0
295
6

2716
2919
2960
2480
0
0
2960
2964
1097

0

1909
2955
2423
2960
2967
0
0
2953
2959


2864
0
411
2961
2646
2957
2960
1729
0
78
6

2955
2959
292
0
2912
2941
2859
2950
29
4
6
0
0
2960
2958
2134
0
1463
2959
2672
29
5
0
2958
507
0
2453
2954
2959
0
38
2960

2
885
2954
2953
2615
0
35
2960
2957
1372
0


2529
2957
2827
2954
2959
0
0
2957
2954
2
8
91
0
790
2957
2746
2951
2955
1530
0
123
2

2955
2953
16
0
2954
2942
2957
2954
2913


0
0
2952
2955
1781
2971
2960
0
0
2958

2
954
2671
0
735
2981
2592
2955
2961
1191
0


1209
2957
2960
0
0
2941
2907
2884
2959


2896
0
0
2951
2960
1650
0
1503
2954
2446


2944
2960
0
0
2747
2955
2959
0
3
2958

2
736
2951
2949
2311
0
33
2960
2958
847
0

2
179
2953
2517
2954
2949
0
0
2959
2960
26
7
4
0
607
2948
2541
2958
2957
1137
0
1099


2955
2958
0
0
2943
2914
2903
2956
2907
0


0
2959
2959
1726
0
1634
2960
2614
2945
2
9
54
1
0
2864
2959
2955
0
179
2959
2851


2960
2959
2448
0
206
2960
2951
1119
0
261
8

2957
2883
2953
2953
0
0
2953
2951
2799


0
1058
2958
2841
2954
2949
1554
0
1657
2
9
57
2948
189
0
2955
2951
2959
2951
2928

0

0
2954
2958
1916
0
1851
2957
0
2948
296
0

2720
0
685
2971
2594
2957
2955
1168
0


1078
2960
2953
0
0
2934
2867
2825
2951
28
9
6
0
0
2953
2955
1616
0
1499
2973
2459

2
952
2957
0
0
2709
2950
2960
0
31
2950
27
4
5
2957
2959
2258
0
0
2959
2957
799
0
2
1
38
2947
2515
2955
2956
0
0
2957
2957
2687


0
627
2951
2555
2956
2953
1168
0
1105

2
959
2958
0
0
2945
2867
2816
2958
2877
0

0

2957
2959
1598
0
1511
2958
2512
2960
2
9
59
0
0
2768
2957
2951
0
78
2959
2783
295
0

2959
2321
0
64
2953
2957
941
0
2374
2
9
47
2697
2959
2954
0
0
2949
2960
2781
0
8
8
1
2960
2753
2958
2956
1405
0
1395
2955

2
957
0
0
2954
2945
2957
2943
2930
0
0
295
7

2958
1968
0
1978
2954
2795
2956
2956
2
0
8
0
2957
2953
2955
2960
2957
1627
0
645

2
960
2956
232
0
2849
2938
2815
2956
2950


0
0
2959
2959
2030
0
1243
2960
2489
2964


2960
300
0
2192
2950
2957
0
0
2954
2799


2959
2951
2328
0
0
2959
2951
931
0
2192


2957
2537
2951
2949
0
0
2957
2960
2801

0

443
2959
2559
2954
2958
1418
0
899
2954


2960
0
0
2911
2928
2813
2961
2943
0
0

2
945
2954
1983
0
1185
2956
2503
2955
2960

3
50
0
2170
2955
2957
0
0
2957
2739
2957

2
960
2371
0
0
2960
2961
867
0
2153
2954

2
527
2959
2957
0
0
2957
2946
2832
0
560

2
954
2707
2961
2955
1508
0
1040
2960
2961


201
0
2957
2954
2937
2951
2945
0
0
2955


2955
2160
0
1498
2954
2714
2950
2959
662

0

2545
2960
2960
0
193
2954
0
1075
2960


2955
454
0
2960
2944
2905
2959
2951
0
0

2
951
2960
2075
0
1323
2960
2602
2955
2955


357
0
2231
2960
2949
0
40
2959
2774
29
3
5
2947
2452
0
0
2953
2955
1008
0
2217
29
5
5
2598
2954
2960
0
0
2955
2987
2794
0

5
33
2951
2608
2959
2950
1385
0
905
2960
29
5
7
0
0
2869
2923
2810
2949
2943
0
0
295
4

2959
1989
0
1258
2940
2509
2955
2962
290


0
2235
2949
2959
0
0
2960
2752
2962
29
5
0
2464
0
0
2954
2950
899
0
2030
2941
244
5

2957
2959
0
0
2957
2958
2741
0
449
29
5
0
2523
2949
2962
1356
0
928
2960
2951
0

0

2790
2895
2755
2951
2940
0
0
2960
2958


1880
0
1629
2956
2673
2955
2957
202
0
27
1
5
2957
2953
0
159
2959
2837
2954
2959
24
4
8
138
0
2960
2946
2946
2949
2929
0
0
2
9
57
2959
1857
0
1775
2960
2788
2957
2945
7
7

0
2922
2951
2958
0
165
2950
2812
2959


2951
2352
0
113
2945
2955
883
0
2352
2955


2688
2959
2957
0
0
2949
2954
2739
0
65
7

2979
2539
2957
2954
1219
0
1168
2959
296
0

0
0
2928
2871
2815
2954
2883
0
0
2955


2971
1685
0
1563
2953
2478
2953
2963
0
0


2704
2955
2958
0
25
2958
2704
2946
2963


2269
0
47
2958
2960
819
0
2278
2955
2645


2957
2961
0
0
2953
2955
2677
0
625
295
5

2474
2959
2955
1179
0
1123
2945
2958
0

0

2910
2865
2782
2950
2861
0
0
2958
2951

1
635
0
1487
2954
2463
2951
2955
0
0
2747


2955
2950
0
98
2961
2747
2953
2948
2384


0
67
2962
2947
1073
2961
2922
0
0
2949

2
958
1872
0
2014
2954
2815
2954
2953
127


0
2949
2954
2957
0
304
2959
2859
2957
295
3

2352
0
271
2946
2955
1004
0
2769
2951


2813
2959
2946
0
0
2953
2955
2733
0
736

2
938
2672
2961
2955
1346
0
1245
2959
2958


0
0
2960
2917
2909
2957
2897
0
0
2959
2
9
51
1726
0
1627
2955
2533
2958
2963
0
0


2754
2951
2958
0
3
2958
2762
2956
2956
23
4
2
0
25
2949
2960
922
0
2283
2954
2615

2
951
2953
0
0
2956
2960
2674
0
651
2953
2
5
21
2960
2954
1231
0
1207
2949
2953
0
0


2931
2891
2831
2958
2870
0
0
2950
2959
1595
0
1456
2952
2448
2960
2937
0
0
2615

2
957
2951
0
0
2956
2670
2983
2951
2279
0
0
2959
2953
902
0
2198
2942
2514
2960
29
5
3
2700
0
1129
2960
2737
2959
2958
1222
0


1695
2956
2954
0
0
2951
2928
2958
2959

2
852
0
0
2949
2956
1789
0
2191
2953
2798

2
959
2957
0
0
2960
2955
2957
0
368
2959


2850
2962
2959
2301
0
350
2959
2955
960
0


2635
2946
2745
2957
2960
0
0
2959
2954


2720
0
733
2960
2559
2960
2958
1305
0
115
9

2953
2960
0
0
2954
2907
2919
2959
2900


0
0
2950
2960
1691
0
1567
2959
2527
2956


2960
0
0
2691
2956
2958
0
29
2957
2734


2954
2958
2312
0
22
2953
2953
803
0
2205


2938
2519
2955
2957
0
0
2958
2955
2724

0

686
2962
2606
2954
2958
1235
0
1129
295
6

2957
0
0
2941
2879
2813
2928
2882
0
0


2949
2947
1625
0
1431
2944
2317
2952
2953


2896
0
535
2956
2640
2958
2950
1755
0
7
4
7
2950
2959
400
0
2943
2945
2907
2959
295
5

0
0
2951
2960
2213
0
1616
2959
2759
2
9
51
2949
542
0
2499
2957
2982
0
199
2960

2
915
2959
2950
2687
0
81
2951
2961
1403

0

2559
2953
2881
2960
2951
0
0
2956
2954


2887
0
897
2959
2814
2959
2934
1712
0
11
9
7
2960
2960
0
0
2949
2933
2949
2954
292
8

0
0
2951
2956
1843
0
1779
2959
2624
295
9

2950
0
0
2799
2953
2947
0
81
2959
276
6

2959
2960
2318
0
93
2960
2961
880
0
235
2

2946
2616
2955
2959
0
0
2959
2954
2734


0
747
2957
2559
2955
2958
1200
0
1099
29
6
0
2956
0
0
2951
2898
2901
2950
2899
0

0

2959
2960
1641
0
1535
2956
2455
2951
295
7

2510
0
688
2960
2384
2958
2960
845
0

1
302
2956
2955
0
0
2951
2853
2923
2960
285
9

0
0
2949
2960
1766
0
1682
2955
2634
29
5
3
2958
0
0
2851
2960
2960
0
174
2957
2
8
17
2955
2958
2423
0
109
2957
2951
1116
0


2499
2954
2832
2959
2951
0
0
2957
2956

2
789
0
911
2959
2742
2951
2959
1474
0
1446


2951
2954
122
0
2959
2943
2958
2957
291
5

0
0
2954
2955
1877
0
1904
2967
2718
295
3

2960
95
0
2806
2950
2959
0
80
2949
27
3
4
2957
2951
2352
0
63
2957
2959
949
0
24
4
5
2957
2672
2955
2963
0
0
2956
2954
2711


0
695
2950
2516
2960
2954
1173
0
1072
2
9
56
2955
0
0
2940
2863
2821
2942
2871
0

0

2951
2966
1713
0
1489
2957
2420
2954
296
0

2815
0
421
2956
2496
2958
2954
1374
0

8
74
2960
2949
0
0
2757
2879
2645
2958
29
2
5
0
0
2947
2958
2000
0
1261
2959
2486

2
958
2955
320
0
2151
2947
2944
0
19
2957

2
790
2947
2945
2457
0
0
2953
2958
1168
0


2450
2951
2763
2957
2950
0
0
2953
2958
2
8
90
0
899
2960
2799
2951
2953
1767
0
120
6

2960
2960
486
0
2953
2957
2956
2955
2958


0
0
2960
2959
2286
0
1865
2946
2879
29
5
7
2957
772
0
2646
2946
2959
0
190
2957
2
8
79
2958
2959
2590
0
54
2961
2957
1353
0
2477
2958
2785
2959
2959
0
0
2951
2958
2845
0
713
2951
2624
2958
2951
1535
0
1023
2961
2951
81
0
2959
2931
2880
2958
2928
0
0
2954
2958
1886
2947
2956
0
0
2953

2
950
2695
0
723
2960
2547
2960
2945
1179
0


1219
2960
2964
0
0
2950
2873
2819
2953


2877
0
0
2950
2960
1680
0
1535
2951
2391


2953
2951
0
0
2512
2951
2957
0
0
2951

2
590
2953
2957
2249
0
0
2960
2954
815
0
2
2
42
2942
2504
2951
2955
0
0
2960
2954
27
2
9
0
763
2959
2559
2957
2947
1339
0
1229

2
960
2957
0
0
2960
2914
2949
2953
2926
0


0
2948
2938
1932
0
1909
2958
2767
2955
2
9
55
240
0
2907
2958
2957
0
219
2960
2883


2960
2958
2506
0
229
2960
2960
1154
0
27
0
0
2955
2815
2959
2957
0
0
2959
2955
277
8

0
938
2958
2710
2963
2955
1458
0
1254
29
5
4
2957
0
0
2950
2894
2917
2951
2903
0

0

2958
2958
1794
0
1633
2951
2487
2952
295
5

2815
0
560
2958
2546
2955
2955
1458
0


858
2957
2955
0
0
2834
2899
2718
2959
2940
0
0
2964
2951
2015
0
1328
2952
2490
2
9
35
2950
389
0
2165
2953
2955
0
0
2953

2
737
2960
2959
2388
0
0
2960
2960
1008
0

2
099
2938
2369
2955
2959
0
0
2953
2954
2
7
72
0
487
2960
2480
2960
2955
1449
0
879

2
965
2955
0
0
2890
2901
2768
2960
2943
0


0
2953
2951
2110
0
1452
2943
2624
2959
2
9
60
545
0
2417
2957
2958
0
109
2967
2861
2949
2959
2608
0
16
2955
2953
1362
0
2512
2957
2819
2957
2949
0
0
2953
2951
2894
0
1008
2955
2825
2960
2947
1758
0
1313
2958
2955
164
0
2954
2938
2954
2958
2925
0
0
2960
2978
1960
0
1915
2955
0
2958
295
8

2780
0
767
2954
2559
2951
2959
1317
0

1
083
2959
2960
0
0
2947
2877
2845
2958
28
8
4
0
0
2955
2954
1686
0
1525
2946
2410
2
9
55
2951
0
0
2615
2960
2957
0
0
2958
2638


2958
2946
2316
0
0
2954
2950
934
0
218
3

2939
2434
2958
2957
0
0
2960
2961
2681

0

675
2957
2458
2954
2951
1191
0
1069
29
5
9
2955
0
0
2907
2853
2717
2960
2885
0

0

2951
2953
1702
0
1530
2953
2409
2948
297
1

0
0
2688
2954
2955
0
95
2944
2747
2954


2960
2384
0
25
2954
2959
1081
0
2462
29
5
4
2672
2958
2955
0
0
2953
2959
2815
0
9
8
6
2951
2736
2955
2960
1535
0
1410
2958
29
6
0
128
0
2960
2943
2957
2960
2933
0
0
2
9
57
2958
2064
0
2047
2955
2833
2959
2956
4
3
5
0
195
2960
2734
2960
2957
2270
0
163


2958
2959
828
0
2448
2944
2559
2955
2951

0

0
2958
2955
2735
0
629
2954
2413
2959


2959
1265
0
1101
2958
2955
0
0
2941
2874


2765
2950
2891
0
0
2959
2950
1756
0
16
1
3
2969
2458
2959
2953
0
0
2706
2958
2947


0
80
2955
2703
2953
2951
2318
0
26
2960

2955
924
0
2341
2949
2512
2955
2959
0
0
2959
2957
2704
0
624
2951
2470
2958
2959


1194
0
1051
2953
2953
0
0
2898
2832
2704


2953
2896
0
0
2960
2937
1763
0
1617
29
5
1
2448
2946
2951
0
0
2623
2959
2959
0
13
7

2961
2802
2960
2956
2470
0
96
2951
295
4

1200
0
2515
2951
2761
2959
2957
0
0
296
0

2958
2805
0
959
2955
2715
2963
2960
14
9
4
0
1439
2955
2844
2951
2949
2470
0
223

2
962
2960
1050
0
2589
2946
2672
2955
2958


0
0
2961
2953
2759
0
705
2941
2524
2958


2960
1328
0
1143
2954
2954
0
0
2947
289
7

2879
2955
2914
0
0
2956
2946
1787
0
171
2

2960
2463
2953
2986
0
0
2723
2954
2951


0
62
2950
2726
2960
2951
2373
0
25
2958


2961
1009
0
2358
2945
2531
2960
2956
0

0

2955
2957
2738
0
754
2955
2532
2956
2960


1340
0
1137
2958
2955
0
0
2954
2871
27
9
1
2959
2907
0
0
2953
2952
1766
0
1558
29
5
5
2314
2947
2953
0
0
2559
2960
2953
0

0

2934
2613
2954
2956
2317
0
16
2958
2955


850
0
2240
2946
2394
2959
2960
0
0
2958


2951
2729
0
739
2951
2473
2960
2943
1323


0
1215
2958
2955
2960
2960
2791
0
0
2951


2960
1635
0
2451
2960
2733
2957
2959
0
0


2957
2955
2927
0
617
2955
2654
2960
295
9

1832
0
670
2961
2962
400
0
2851
2928
26
6
9
2961
2950
0
0
2951
2960
2091
0
1360

2
954
2451
2958
2957
434
0
2115
2954
2960
0


0
2960
2734
2951
2957
2480
0
0
2971
29
4
7
1126
0
2224
2976
2476
2951
2954
0
0

2
953
2960
2834
0
573
2949
2495
2953
2955
1
5
18
0
786
2966
2960
54
0
2846
2898
2625


2959
2944
0
0
2939
2949
1998
0
1226
2959


2318
2960
2958
289
0
2058
2963
2953
0
0


2953
2675
2954
2953
2515
0
0
2960
2967
1
0
11
0
1962
2934
2365
2959
2957
0
0
2951


2960
2816
0
491
2955
2495
2959
2954
1520

0

917
2955
2950
176
0
2941
2935
0
2955

2
961
2039
0
2087
2960
2758
2954
2958
367
0


2957
2960
2954
0
413
2957
2892
2951
2949


2555
0
301
2962
2958
1247
0
2781
2957
2
8
20
2959
2958
0
0
2959
2960
2842
0
882
2
9
48
2650
2955
2955
1522
0
1218
2954
2960
3
8

0
2953
2913
2863
2957
2926
0
0
2954
2
9
63
1808
0
1730
2949
2468
2958
2959
27
0

2
709
2962
2954
0
64
2960
2701
2962
2957

2
370
0
41
2958
2962
914
0
2301
2941
2402

2
957
2953
0
0
2960
2954
2738
0
683
2951


2502
2955
2953
1376
0
1121
2957
2954
0
0


2948
2864
2751
2960
2912
0
0
2957
2974

1
765
0
1561
2942
2310
2941
2959
0
0
2559


2951
2957
0
0
2953
2619
2951
2955
2292
0


0
2955
2955
878
0
2096
2935
2288
2945
2
9
50
2057
0
1652
2954
2596
2963
2957
384
0


2628
2958
2956
0
210
2954
2863
2960
2953


2532
0
161
2954
2947
1362
0
2603
2949
26
9
5
2951
2953
0
0
2957
2950
2829
0
935
2
9
53
2679
2953
2953
1535
0
1299
2954
2957
8
9

0
2960
2926
2925
2960
2939
0
0
2951
2
9
54
1828
0
1729
2958
2461
2960
2942
20
0

2
757
2955
2958
0
63
2960
2715
2959
2963


2384
0
31
2959
2960
1021
0
2406
2945
2403


2955
2952
0
0
2959
2954
2734
0
673
295
3

2429
2953
2962
1360
0
1036
2949
2960
0

0

2957
2877
2715
2955
2907
0
0
2960
2960


1814
0
1502
2955
2384
2960
2955
0
0
2613


2953
2949
0
0
2957
2675
2959
2956
2423


0
0
2959
2958
978
0
2226
2945
2381
2954

2
959
2078
0
1360
2956
2395
2961
2960
509


0
2192
2960
2957
0
16
2951
2830
2957
2957


2658
0
0
2960
2968
1401
0
2430
2959
26
9
5
2957
2960
0
0
2957
2960
2903
0
904
295
5

2757
2954
2960
1808
0
1252
2960
2958
2
8
8
0
2955
2951
2957
2960
2957
0
0
2951
29
5
8
2153
0
2028
2951
2716
2948
2957
402
0


2923
2955
2954
0
239
2947
2867
2954
2951


2552
0
108
2959
2951
1283
0
2512
2955
2
6
40
2960
2955
0
0
2957
2952
2802
0
823
29
5
5
2594
2955
2957
1472
0
1183
2956
2959

0

0
2946
2896
2736
2954
2934
0
0
2951
295
4

1856
0
1582
2952
2386
2960
2960
62
0
2
6
41
2957
2951
0
58
2970
2688
2960
2959
23
8
3
0
0
2891
2878
2592
2958
2918
0
0
2958


2954
1769
0
1360
2954
2266
2957
2951
31


0
2405
2948
2958
0
0
2963
2633
2956
2957


2404
0
0
2958
2950
1083
0
2291
2954
2466


2960
2960
0
0
2960
2960
2778
0
820
296
0

2613
2958
2956
1556
0
1311
2955
2957
146


0
2959
2930
2924
2960
2939
0
0
2959
29
5
4
2016
0
1906
2955
2693
2943
2960
445
0


2939
2964
2959
0
288
2941
2883
2954
2954


2622
0
145
2954
2955
1250
0
2543
2955
2
6
36
2950
2957
0
0
2955
2958
2795
0
784
29
3
0
2596
2950
2950
1456
0
1200
2960
2959

0

0
2947
2897
2701
2953
2930
0
0
2950
295
7

1804
0
1573
2958
2414
2948
2955
48
0

2
688
2959
2960
0
65
2957
2709
2960
2953
24
1
6
0
0
2933
2885
2641
2960
2933
0
0
295
3

2963
1894
0
1478
2950
2399
2954
2955
96


0
2483
2961
2954
0
7
2956
2689
2945
295
3

2401
0
0
2960
2951
973
0
2168
2946
2415


2952
2954
0
0
2960
2950
2736
0
707
2958


2529
2956
2957
1465
0
1197
2950
2960
55


0
2955
2927
2899
2959
2943
0
0
2950
2957


1994
0
1793
2951
2648
2959
2959
386
0
28
3
5
2955
2960
0
210
2951
2870
2960
2953
2
5
59
0
147
2958
2958
1317
0
2695
2956
2766


2959
2954
0
0
2958
2955
2832
0
975
2958


2738
2953
2953
1584
0
1327
2951
2963
144


0
2960
2929
2910
2960
2949
0
0
2953
295
6

1936
0
1649
2952
2499
2959
2960
202
0
2
6
83
2954
2960
0
32
2960
2741
2957
2955
2
9
51
383
0
2667
2914
2511
2954
2951
0
0
2
9
57
2960
2023
0
1203
2960
2322
2951
2955
4
2
6
0
2089
2959
2957
0
0
2955
2701
2929

2
957
2587
0
0
2957
2960
1123
0
2030
2951

2
316
2957
2960
0
0
2949
2950
2759
0
477


2960
2349
2960
2958
1470
0
735
2958
2950

0

0
2765
2883
2459
2961
2949
0
0
2957
2
9
55
2053
0
1245
2947
2449
2960
2959
585
0


2221
2955
2955
0
77
2959
2841
2959
2960


2615
0
24
2960
2960
1335
0
2559
2955
27
2
1
2955
2967
0
0
2959
2954
2896
0
813
295
4

2767
2954
2959
1881
0
1122
2951
2956
5
9
2
0
2949
2951
2935
2958
2950
0
0
2958
2
9
59
2134
0
1871
2964
2672
2951
2951
511
0


2723
2962
2954
0
251
2957
2861
2951
2960


2954
0
0
2950
2898
2731
2959
2935
0
0
2
9
59
2962
1780
0
1612
2955
2419
2959
2960


76
0
2736
2973
2947
0
8
2960
2673
2953
2
9
47
2422
0
0
2961
2957
1049
0
2246
2946


2386
2958
2954
0
0
2958
2935
2705
0
634

2
962
2447
2947
2957
1338
0
1011
2955
2953


0
0
2923
2849
2589
2957
2918
0
0
2960
2
9
53
1699
0
1437
2953
2291
2958
2953
16
0


2555
2960
2955
0
15
2959
2682
2953
2960
2
4
16
0
0
2961
2963
1047
0
2225
2949
2465


2955
2958
0
0
2960
2957
2753
0
784
2943


2559
2959
2955
1504
0
1255
2958
2960
70

0

2951
2932
2886
2958
2943
0
0
2960
2959


1936
0
1842
2958
2672
2955
2955
349
0
29
2
8
2937
2953
0
279
2954
2864
2958
2957
263
3

68
0
2957
2919
2861
2955
2938
0
0
295
1

2953
1853
0
1603
2954
2477
2986
2959
180


0
2615
2960
2955
0
34
2960
2722
2957
2
9
55
2415
0
0
2957
2960
1075
0
2339
2947
2
4
71
2955
2958
0
0
2963
2953
2711
0
705

2
960
2559
2957
2958
1405
0
1157
2959
2959

0

0
2955
2902
2761
2959
2926
0
0
2961
2
9
60
1782
0
1590
2957
2367
2953
2942
0
0
2
6
03
2960
2958
0
63
2956
2720
2960
2956
2
3
87
0
0
2960
2957
881
0
2105
2945
2353

2
950
2961
0
0
2959
2959
2675
0
629
2959
2
4
32
2954
2957
1414
0
1089
2955
2953
0
0


2954
2897
2766
2953
2937
0
0
2958
2957
19
0
2
0
1841
2935
2620
2955
2957
345
0
2864


2955
2954
0
237
2953
2881
2958
2960
2614


0
176
2956
2958
2828
2953
2960
0
0
2958


2949
2073
0
1357
2960
2419
2958
2951
501


0
2106
2960
2946
0
0
2954
2737
2950
296
0

2523
0
0
2933
2930
1141
0
2131
2955
239
5

2960
2947
0
0
2960
2959
2791
0
452
29
6
1
2448
2961
2951
1566
0
752
2961
2958
13


0
2743
2892
2496
2955
2951
0
0
2949
2959


1997
0
1247
2958
2342
2955
2960
467
0
20
6
9
2955
2941
0
0
2955
2730
2934
2952
255
9

0
0
2951
2960
1103
0
2067
2955
2330
296
0

2960
0
0
2960
2951
2791
0
417
2960
23
8
7
2957
2955
1440
0
738
2955
2956
16
0

2
725
2874
2474
2959
2951
0
0
2955
2959
207
8

0
1294
2954
2451
2957
2960
592
0
2153


2963
2950
0
42
2960
2862
2956
2959
2675
0


0
2959
2969
1423
0
2416
2949
0
2959
29
6
0
2559
0
935
2957
2720
2958
2951
1713
0

1
263
2957
2960
191
0
2960
2951
2940
2953


2939
0
0
2955
2954
1890
0
1671
2960
2497

2
957
2954
157
0
2699
2960
2950
0
101
295
4

2757
2958
2960
2487
0
16
2960
2962
101
8

0
2361
2947
2549
2953
2953
0
0
2957
296
2

2757
0
760
2953
2543
2958
2955
1534
0


1049
2959
2957
0
0
2950
2909
2779
2956
29
3
5
0
0
2955
2953
1836
0
1715
2960
2515

2
946
2973
238
0
2718
2961
2959
0
90
2960

2
775
2956
2957
2459
0
11
2959
2959
1055

0

2347
2949
2496
2958
2960
0
0
2960
2954

2
737
0
683
2964
2519
2958
2950
1446
0
99
0

2951
2958
0
0
2923
2865
2640
2954
2926

0

0
2946
2960
1776
0
1605
2957
0
2960
2
9
75
2834
0
830
2958
2730
2954
2960
1668
0


1361
2957
2959
185
0
2955
2943
2925
2957


2943
0
0
2951
2960
1920
0
1680
2947
2586


2950
2955
304
0
2766
2977
2948
0
144
296
3

2802
2947
2955
2528
0
0
2956
2955
1072


0
2267
2944
2418
2949
2947
0
0
2955
2975


2701
0
655
2955
2485
2946
2958
1379
0

1
071
2960
2950
0
0
2943
2869
2695
2958
293
1

0
0
2956
2959
1850
0
1515
2959
2385
2
9
55
2953
219
0
2507
2969
2951
0
38
2961
2
7
02
2950
2957
2464
0
0
2955
2949
1001
0


2242
2941
2339
2957
2959
0
0
2960
2959
26
7
2
0
589
2960
2356
2952
2960
1198
0
881


2958
2959
0
0
2773
2838
2551
2953
2905
0


0
2951
2961
1697
0
1428
2959
0
2960
294
7

2673
0
749
2969
2607
2955
2960
1579
0
1
1
06
2954
2951
94
0
2957
2923
2851
2955
2
9
43
0
0
2950
2957
1958
0
1916
2944
2672
2
9
55
2957
474
0
2931
2959
2959
0
291
2937


2866
2957
2950
2559
0
94
2960
2960
1149

0

2519
2959
2701
2955
2958
0
0
2949
2951


2800
0
813
2953
2653
2954
2955
1606
0

1
214
2955
2957
97
0
2950
2918
2831
2951
29
4
2
0
0
2959
2957
1906
0
1747
2954
2500

2
960
2953
214
0
2754
2950
2954
0
95
2945

2
780
2954
2955
2558
0
3
2948
2954
1117
0


2310
2945
2433
2950
2958
0
0
2959
2950
2
7
48
0
664
2934
2513
2949
2960
1511
0
110
8

2950
2958
16
0
2951
2912
2805
2962
2943


0
0
2956
2958
1783
2957
2955
0
0
2957
2
9
59
2672
0
642
2960
2470
2951
2960
1404
0


1153
2955
2960
0
0
2950
2923
2851
2955

2
949
0
0
2949
2960
1991
0
1873
2949
2678

2
960
2958
363
0
2926
2959
2954
0
259
294
6

2853
2954
2958
2590
0
144
2958
2960
1314


0
2765
2953
2809
2958
2957
0
0
2954
29
3
5
2807
0
923
2953
2686
2957
2960
1598
0

1
247
2955
2956
182
0
2949
2929
2885
2960


2934
0
0
2960
2949
1934
0
1603
2950
2425


2959
2963
226
0
2546
2951
2949
0
41
295
5

2717
2960
2960
2491
0
0
2961
2958
965


0
2177
2944
2295
2955
2961
0
0
2954
2960


2713
0
592
2951
2415
2958
2961
1392
0
9
7
5
2958
2950
0
0
2928
2862
2624
2960
2928


0
0
2958
2955
1696
2954
2951
0
0
2959

2
950
2631
0
601
2960
2321
2955
2957
1293
0


983
2957
2955
0
0
2934
2864
2617
2956

2
927
0
0
2954
2947
1792
0
1616
2960
2405

2
960
2955
203
0
2765
2958
2953
0
144
2954
2781
2954
2960
2512
0
69
2962
2961
1219


0
2615
2951
2672
2955
2958
0
0
2949
296
1

2803
0
947
2953
2726
2951
2960
1750
0

1
363
2958
2951
336
0
2956
2944
2949
2954
2
945
0
0
2960
2954
2005
0
1839
2960
2585
2960
2958
352
0
2883
2958
2947
0
141
2955
2793
2955
2955
2559
0
35
2955
2957
1137
0
2462
2950
2544
2951
2958
0
0
2958
2960
2768
0
730
2954
2493
2950
2950
1502
0

1
056
2960
2955
0
0
2944
2885
2623
2951
292
8

887
0
2448
2942
2406
2958
2957
0
0
29
5
9
2966
2736
0
721
2947
2470
2954
2958
137
5

0
1051
2960
2957
0
0
2939
2855
2512
29
6
