2
5
59
2896
2512
2231
2361


2913
2814
2442
2775
2835
2363
2458
2867

2
375
1941
1773
2336
2707
2213
2177
2624
2270
1969
2495
2458
1904
1607
1839
2497
2242


1921
2352
2374
1833
2115
2390
1782
1346
1
2
64
1934
2123
1598
1761
2112
1566
1426
19
7
7
1655
1169
997
1489
2153
1727
1570
2057

1
872
1383
1831
1932
1337
976
1069
1827
17
9
3
1323
1761
1950
1423
1535
2064
1591
1158


1012
1654
2071
1567
1581
2059
1690
1383

1
900
2015
1563
1373
1862
1697
1229
1694
186
9

1275
942
1062
1826
1813
1334
1735
1948


1419
1533
2022
1507
1037
939
1535
1974
152
5

1571
2086
1721
1430
1958
1830
1253
951


1295
2039
1814
1520
2001
2053
1504
1854

2
219
1655
1308
1369
2150
2431
2017
2246
263
0

2144
2041
2608
2285
1799
1648
2114
2704


2301
2193
2668
2469
2064
2512
2656
2112
1
7
70
1890
2630
2559
2179
2559
2766
2303
24
3
9
2168
2523
2062
2144
2611
2159
1872
2359


2159
1615
1353
1748
2384
2032
1779
2192
2
0
91
1527
1897
2106
1488
1082
1119
1872
194
7

1453
1805
2130
1622
1625
2139
1676
1195


1008
1574
2081
1606
1535
2047
1757
1361
18
9
7
1872
1296
953
1233
1979
1801
1451
1911


1994
1423
1701
2075
1518
1108
1059
1761
2
0
32
1503
1647
2059
1567
1378
1934
1665
11
5
3
921
1392
1995
1589
1382
1913
1755
944
1
1
18
1808
1618
1233
1675
1777
1182
1431
18
4
7
1334
944
907
1647
1987
1511
1635
2102
1
6
81
1488
2064
1847
1315
1089
1516
2197
18
3
8
1680
2209
2129
1651
2097
2320
1783
1451


1622
2384
2411
1987
2335
2545
2014
2127

2
586
2113
1694
1594
2193
2642
2235
2314
280
9

2506
2260
2757
2623
2136
1871
2186
2822


2536
2269
2713
2679
2196
2558
2819
2321
1
9
89
2011
2704
2811
2448
2689
2896
2533
11
8
8
1723
2224
1753
1773
2261
1914
1535
2039


1978
1433
1095
1363
2064
1840
1471
1925
1
9
83
1402
1690
2068
1523
1103
1039
1739
20
0
5
1490
1639
2029
1535
1334
1886
1633
1109


850
1328
1971
1601
1429
1922
1786
1358
1
8
27
1983
1424
1088
1213
1949
1950
1492
1839


2032
1494
1582
2081
1579
1123
1006
1650


2109
1623
1634
2118
1727
1397
1924
1830
13
1
2
1008
1306
1999
1764
1434
1901
1270
891


944
1739
1875
1416
1743
2082
1589
1584
21
5
1
1763
1325
1201
1808
2378
1937
1892
241
3

2108
1760
2279
2276
1751
1472
1761
2481

2
336
1990
2412
2483
1991
2304
2657
2098
1
7
26
1696
2403
2682
2252
2438
2809
2385
2256


2799
2539
2116
1937
2385
2906
2593
2471

2
880
2725
2329
2755
2802
2336
2027
2150
2
8
15
2739
2342
2684
2801
2322
2420
2830
23
3
3
1857
1733
2274
2672
2160
2043
1762
1220


937
1349
2001
1615
1365
1835
1727
1222
1
6
80
1873
1275
880
975
1758
1840
1383
1730

2
030
1527
1584
2103
1632
1150
977
1569
2001
1510
1471
1983
1639
1318
1869
1809
1266


962
1266
1970
1769
1423
1895
1936
1373
16
7
5
2011
1442
1023
987
1728
1975
1531
1715


2151
1675
1510
2074
1746
1231
973
1394
20
3
2
1615
1424
1908
1743
1250
1666
1834
1279


981
1128
1923
1948
1465
1838
2001
1475
1
2
26
1909
2270
1840
2018
2479
2054
1851
241
4

2242
1759
1566
2002
2637
2309
2144
2624


2500
2063
2480
2643
2097
1758
1853
2594
2
6
08
2194
2596
2798
2325
2443
2869
2458
20
6
4
1872
2594
2891
2533
2602
2930
2673
2448


2891
2749
2294
2000
2250
2846
2559
2270

2
704
2657
2119
2391
2679
2116
1693
1609
229
2

2519
2097
2293
2682
2202
2096
2605
2246


1719
1471
1895
2473
2026
1834
1719
1127
8
1
8
1199
1922
1617
1359
1851
1782
1234
1647


1914
1344
964
976
1735
1874
1372
1671
20
4
3
1561
1514
2076
1664
1185
1008
1533
2128


1706
1605
2081
1793
1347
1840
1892
1318
9
7
6
1234
1981
1840
1456
1863
1943
1375
161
6

1994
1424
1003
903
1655
1990
1486
1616
2
0
43
1587
1360
1920
1728
1231
960
1386
201
6

1621
1390
1900
1788
1289
1741
1904
1297

9
45
1057
1841
1845
1406
1771
1997
1472
17
0
3
2331
2559
2113
2267
2670
2257
2145
2692


2439
1982
1802
2247
2838
2479
2345
2793

2
624
2210
2659
2757
2262
1955
2087
2800
274
7

2384
2756
2863
2394
2497
2867
2431
1981


1836
2355
2718
2242
2244
2668
2286
1989
2
4
61
2365
1863
1603
1942
2640
2374
2015
24
3
5
2421
1856
2160
2455
1877
1488
1405
2119


2299
1772
1908
2256
1751
1591
2111
1763

1
221
1008
1495
2128
1715
1570
2074
1170
782


1033
1773
1627
1287
1754
1855
1311
1600


1967
1413
1021
974
1701
1998
1494
1631
2
0
67
1616
1450
1989
1754
1249
1019
1419
2087


1721
1488
2010
1853
1314
1729
1919
1294


934
1090
1842
1856
1411
1838
2091
1567
161
6

2084
1571
1088
957
1587
2018
1521
1487

1
983
1610
1297
1837
1773
1226
966
1306
205
4

1840
1520
1986
2019
1462
1808
2133
1584


1198
1199
1943
2183
1723
1949
2348
1960
18
0
9
2416
2797
2371
2421
2834
2512
2253
276
3

2642
2134
1883
2224
2855
2601
2313
2732

2
688
2165
2479
2731
2176
1763
1719
2358
2
4
95
2000
2224
2559
2128
2073
2659
2317
1849


1646
2055
2603
2133
1934
2367
2129
1639


2041
2123
1503
1146
1325
2077
1983
1559
19
4
9
2087
1533
1715
2129
1589
1152
1041
170
5

2102
1620
1674
2131
1717
1447
1995
1815


1293
1003
1390
2038
1683
1429
1893
1268
8
6
0
983
1751
1779
1335
1723
1946
1409
1485


1980
1482
1047
949
1535
1999
1485
1499
20
0
1
1607
1275
1847
1744
1231
973
1333
2064


1849
1501
1949
1950
1343
1662
1968
1355
9
2
2
911
1648
1855
1390
1623
2047
1580
1445


2010
1699
1203
1011
1527
2180
1794
1679
2
1
86
2011
1605
2063
2193
1648
1325
1456
224
5

2244
1846
2239
2462
1950
2061
2543
2087


1675
1573
2223
2652
2203
2258
2742
2139
18
5
9
2271
2815
2409
2237
2685
2510
2042
247
7

2559
1985
1634
1732
2470
2452
2035
2431

2
615
2078
2174
2606
2080
1614
1431
1987
2
3
99
1922
1909
2353
1945
1582
2057
1963
1412


1075
1322
2000
1775
1435
1877
1909
1344


1648
1979
1427
1041
1040
1763
2038
1533
16
7
5
2079
1591
1408
1998
1681
1159
911
1371


2005
1609
1402
1875
1727
1229
1718
1877
1
2
97
948
1109
1870
1870
1400
1952
1328
896


823
1557
1835
1360
1519
1968
1488
1328
19
2
3
1644
1120
851
1309
1953
1535
1398
189
0

1755
1264
1680
1834
1254
912
1035
1808
1
8
45
1391
1781
2039
1532
1637
2157
1680
125
5

1134
1754
2226
1779
1803
2311
1970
1678


2214
2144
1628
1366
1706
2423
2228
1957
2
4
22
2467
1943
2275
2605
2087
1716
1704
2416
2622
2176
2375
2736
2295
2223
2742
2439
2007
1823
2334
2875
2531
2416
2326
1773
1504
1899
2559
2226
1971
2433
2326
1798
214
3

2355
1763
1378
1367
2055
2141
1607
1823

2
111
1584
1522
2068
1665
1189
1007
1583
2
1
10
1657
1622
2125
1811
1423
1920
1874
1312


968
1218
1968
1794
1420
1873
1950
1359

1
647
1995
1473
1071
1008
1696
1978
1487
161
6

2032
1580
1367
1941
1690
1179
954
1392


2065
1682
1504
2003
1859
1379
1838
2001
14
2
4
1083
1203
1958
1930
1453
1954
1343
896


842
1581
1851
1364
1529
1949
1496
1335
19
0
4
1630
1138
909
1413
2081
1745
1585
2096


1948
1486
1934
2096
1535
1215
1362
2113
2
1
28
1715
2110
2343
1857
1997
2499
2091
16
6
9
1532
2192
2666
2228
2257
2726
2352
2059


2553
2463
1954
1685
1987
2724
2506
2223

2
681
2698
2240
2589
2837
2350
1968
1938
263
5

2769
2384
2624
2890
2507
2438
2886
2614


2191
2000
2427
2898
2551
2133
2113
1494
1
1
36
1298
2028
1877
1488
1933
2033
1480
17
0
9
2117
1565
1150
1066
1743
2064
1573
167
1

2099
1651
1410
1960
1746
1200
931
1345
2
0
32
1634
1421
1904
1791
1303
1776
1983
137
4

1021
1095
1840
1840
1373
1722
1974
1456


1526
2037
1535
1090
962
1584
2054
1569
15
8
1
2086
1701
1383
1915
1827
1247
925
1246


1968
1734
1407
1892
1939
1369
1709
2032
1
4
47
1009
978
1695
1916
1455
1974
1465
985

8
59
1473
2001
1565
1590
2117
1829
1522
20
7
5
2062
1535
1297
1600
2339
2175
1872
2369


2438
1930
2269
2607
2046
1680
1675
2373

2
640
2176
2395
2763
2309
2207
2756
2432
198
1

1787
2256
2832
2444
2304
2753
2590
2182


2630
2703
2190
1893
2042
2763
2736
2393


2779
2865
2441
2559
2909
2515
2128
1998
25
3
3
2851
2403
2397
2810
2416
2097
2559
243
4

1889
1571
1859
2544
2349
1766
1997
1390

1
038
1057
1808
1993
1487
1728
2080
1589
1
5
15
2042
1663
1111
926
1441
2005
1573
1426


1930
1664
1229
1737
1807
1219
910
1149
18
8
1
1758
1360
1818
1905
1319
1555
1980
1443


1041
962
1678
2000
1511
1630
2070
1623
1
4
29
1938
1728
1247
981
1424
2096
1710
1491


1967
1822
1345
1780
1977
1391
1019
1104

1
854
1810
1362
1741
1978
1427
1535
2063
15
8
2
1115
973
1573
2000
1534
2208
1955
1430

1
232
1697
2373
2038
1859
2386
2320
1872
2
2
74
2512
1975
1662
1790
2542
2534
2131
2506


2707
2243
2364
2823
2367
1960
1903
2477


2830
2384
2433
2891
2597
2359
2855
2733
22
5
6
2007
2336
2930
2721
2487
2867
2811
235
9

2660
2832
2314
1904
1855
2537
2667
2186
2349
2687
2193
2046
2545
2234
1787
1618
2141
2759
2300
2102
2513
2319
1825
2236
2288


1661
1299
1389
2138
1387
1535
1959
1420


990
881
1575
1971
1494
1535
1968
1559
1319


1890
1730
1186
893
1280
1968
1669
1408

1
902
1831
1280
1680
1922
1350
966
1038
179
9

1904
1421
1760
2043
1511
1456
2000
1535


1072
907
1487
1995
1535
1493
2000
1697
133
0

1822
1830
1264
921
1170
1906
1776
1417
1888
1989
1423
1680
2057
1487
1040
974
1651
1929
1458
1607
2012
1523
1314
1906
1687
1210
1003
1497
2160
1773
2467
2464
1915
1
5
97
1830
2553
2478
2131
2589
2700
2194
24
4
4
2795
2290
1936
1872
2544
2800
2374
2513


2890
2559
2382
2855
2645
2213
1970
2365

2
875
2495
2261
2693
2527
2046
2419
2559
198
1

1607
1718
2430
2385
1911
2288
2539
2079


2224
2736
2287
1866
1692
2196
2585
2074
2
0
43
2480
2090
1776
2283
2153
1606
1295
15
8
0
2239
1963
1601
2065
2085
1509
1791
2105


1523
1113
1078
1840
1525
1414
1947
1584

1
078
896
1424
2015
1603
1493
1997
1744
1309


1826
1872
1291
961
1209
1939
1787
1387

1
825
1904
1329
1558
1967
1425
1010
914
1598
1946
1473
1599
2041
1599
1387
1933
1727
1199
944
1399
2093
1725
1484
1938
1804
126
4
1669
1847
1286
931
1036
1803
1799
1337


1733
1978
1471
1580
2085
1600
1132
1040
17
0
0
2163
1722
1790
2288
1973
1694
2211
213
5

1591
1319
1651
2368
2125
2521
2701
2158

1
874
1983
2697
2721
2303
2655
2850
2415
2
4
80
2877
2471
2043
1888
2443
2791
2311
2303


2736
2349
2013
2473
2372
1840
1511
1815
2543
2387
2109
2594
2617
2043
2304
2608
2014
1584
1510
2154
2351
1851
1994
2352
1847
1677
2196
1872
1381
1143
1567
2169
1776
1584
2041
1894
1405
1878
2024
1453
1097
12
1
5
1940
1932
1423
1810
2061
1501
1564
202
9

1535
1078
1499
1959
1597
1278
1818
1772

1
232
936
1231
1947
1737
1392
1837
1874
12
9
9
1616
1981
1413
991
957
1674
1935
1446
1
6
09
1981
1487
1369
1968
1696
1178
946
138
7

1994
1600
1428
1889
1731
1255
1715
1857

1
283
905
1036
1831
1856
1392
1766
2010
15
2
5
1623
2146
1680
1243
1168
1825
2287
187
2

1868
2387
2043
1737
2256
2202
1680
1425

1
718
2450
2256
1931
2367
2416
1864
2205
25
5
8
2013
1647
2559
2820
2352
2230
2770
2384


1871
1662
2113
2672
2219
2039
2496
2289

1
820
2289
2443
1923
1648
1860
2601
2467
20
17
2384
2514
1965
2101
2481
1947
1488
1365
1967
2304
1825
1898
2352
1931
1643
2129
1941
1435
1162
1516
2165
1810
1508
1970
1862
1296
1691
1936
1372
958
999
1767
1853
1354
1706
2032
1517
1516
2083
1649
1188
985
1533
2096
1604
1535
2018
1725
1331
1842
1840
1290
1378
1744
1813
1243
1488
1887
1317
912
831
1534
1904
1449
1622
2143
1675
1419
1933
1680
1105
821
1205
1910
1535
1345
1830
1684
1168
1627
1857
1282
966
1136
1923
1959
1522
1921
2186
1670
1734
2233
1776
1361
1264
1887
2355
1939
1988
2485
2141
1842
2384
2302
1776
1499
1811
2513
2309
1995
2469
2514
2017
2367
2713
2197
1878
1857
2597
2765
2338
2538
2855
2429
2331
2847
2522
2059
2125
2559
2250
1950
2449
2406
1863
1534
1799
2462
2214
1872
2304
2300
1713
1970
2276
1675
1233
1152
1834
2044
1535
1749
2115
1654
1516
2083
1753
1237
1062
1535
2176
1743
1558
2027
1852
1359
1798
1930
1353
991
1105

1840
1856
1403
1791
2003
1494
1598
2079
1535
1102
957
1591
2039
1581
1562
2082
1727
1402
1933
1821
1268
962
1257
1963
1715
1382
1829
1856
1277
1626
1958
1381
1361
1602
1887
1327
1318
1849
1415
951
816
1371
1936
1490
1456
1947
1663
1282
1781
1788
1258
961
1254
1975
1850
1520
2000
2159
1648
1946
2353
1819
1451
1406
2128
2443
1982
2118
2517
2093
1907
2446
2257
1785
1555
2003
2614
2238
2083
2608
2460
2055
2512
2667
2128
1773
1884
2607
2625
2223
2607
2794
2333
2458
2877
2480
2128
2010
2610
2895
2543
2595
2922
2637
2405
2871
2734
2069
1679
2077
2071
1509
1834
2145
1572
1195
1176
1872
2068
1575
1741
2131
1637
1505
2047
1699
1195
965
1391
1987
1535
1339
1841
1712
1238
1719
1855
1276
942
1130
1903
1871
1415
1761
1967
1435
1519
2015
1531
1090
944
1591
2017
1535
1596
2070
1669
1346
1857
1762
1218
934
1249
1963
1715
1393
1841
1871
1315
1646
1950
1
3
85
985
978
1729
1954
1478
1632
2018
1562
1443
2015
1680
1177
1520
1936
1562
1242
1822
1766
1243
977
1330
2128
1968
1670
2106
2145
1623
1968
2352
1808
1446
1467
2224
2496
2054
2233
2662
2210
2065
2605
2309
1827
1610
2084
2732
2384
2222
2703
2528
2101
2550
2687
2150
1840
2000
2748
2711
2337
2718
2858
2439
2527
2891
2509
2119
1558
2619
2895
2553
2599
2924
2603
2320
2758
2623
2106
1822
2112
2751
2469
2126
2534
2515
1977
2302
2624
1984
1478
1779
1989
1450
1507
2003
1488
993
855
1431
1904
1427
1445
1939
1611
1275
1819
1745
1200
919
1235
1943
1773
1389
1855
1895
1333
1659
2037
1503
1106
1064
1716
1917
1422
1610
1983
1515
1373
1946
1653
1146
910
1419
2065
1682
1504
2000
1857
1358
1810
1933
1353
961
1088
1823
1802
1313
1695
1906
1358
1437
1958
1483
1023
927
1535
2028
1566
1629
2173
1808
1463
1947
1817
1237
1839
2261
2096
1620
2069
2290
1762
1423


1574
2363
2416
2004
2383
2642
2146
2224
2717
2283
1851
1777
2382
2806
2361
2374
2834
2531
2293
2779
2651
2187
1934
2247
2861
2665
2403
2843
2811
2385
2736
2895
2459
2139
2095
2736
2832
2464
2635
2866
2416
2273
2778
2433
1933
1699
2078
2640
2187
1979
2448
2320
1876
2340
2512
1971
1584
1686
2388
2347
1878
2199
2414
1881
1967
1600
1947
1451
1481
1938
1522
1255
1829
1671
1117
816
1191
1894
1616
1359
1858
1823
1302
1722
2015
1456
1085
1117
1833
1951
1446
1678
1984
1476
1411
1974
1568
1072
893
1409
1917
1453
1374
1862
1575
1187
1707
1735
1177
862
1149
1889
1723
1373
1796
1873
1295
1574
1982
1428
1017
978
1727
2067
1535
1645
2023
1535
1327
1846
1614
1099
845
1327
2017
1682
1509
2010
1887
1409
1889
2064
2496
2013
2375
2559
2091
2174
2651
2195
1769
1661
2276
2769
2384
2422
2850
2510
2219
2736
2647
2166
1921
2245
2880
2675
2435
2857
2800
2372
264
0

2838
2331
1962
1915
2533
2701
2243
2415
2747
2275
2126
2629
2277
1776
1535
2023
2657
2295
2192
2695
2559
2097
2535
2618
1999
1584
1643
2325
2220
1740
2073
2226
1663
1723
2195
1675
1152
1059
1687
2127
1664
1719
2191
1811
877
1264
1959
1649
1407
1891
1787
1223
1648
1921
1308
902
935
1681
1808
1339
1699
2086
1610
1616
2157
1742
1223
1047
1584
2108
1616
1507
2027
1711
1309
1789
1766
1193
898
1168
1873
1714
1350
1802
1872
1302
1584
1974
1435
1013
943
1643
1899
1371
1501
1963
1477
1310
1893
1653
1138
912
1394
2079
1699
1515
2032
1890
1401
1856
2003
1435
1114
1264
2043
2083
1660
2043
2285
1795
1941
2533
2815
2416
2499
2883
2518
2297
2785
2611
2125
1922
2277
2867
2551
2342
2797
2717
2242
2613
2771
2195
1805
1804
2495
2591
2096
2354
2618
2074
2017
2591
2218
1783
1662
2287
2779
2343
2299
2752
2358
1911
2334
2238
1623
1295
1518
2203
2001
1598
201
3

2092
1488
1760
2160
1570
1133
1072
1772
2063
1533
1670
2102
1614
1456
2019
1773
1291
1069
1518
2163
1774
1600
2063
1137
767
1072
1838
1651
1317
1798
1904
1317
1615
1937
1360
914
875
1610
1891
1412
1586
2028
1554
1382
1931
1616
1088
861
1347
1981
1591
1419
1936
1847
1370
1840
1984
1392
1005
1102
1810
1795
1291
1638
1920
1392
1515
2043
1584
1127
977
1606
2127
1644
1659
2158
1809
1515
2073
2032
1527
1281
1643
2339
2155
1836
2300
2352
1814
2129
2462
1927
1585
1598
2322
2559
2149
2374
2735
2269
1918
2388
2831
2432
2370
2803
2486
2127
2559
2522
1955
1615
1808
2473
2307
1952
2409
2529
2028
2335
2702
2177
1732
1652
2264
2482
1979
2095
2448
1951
1745
2271
2013
1520
1274
1699
2322
1904
1727
2191
2000
1453
1858
1977
1351
974
1079
1840
1861
1395
1735
1973
1412
1499
2000
1510
1023
852
1454
1937
1501
1520
2027
1709
1420
1947
1879
1322
1023
1329
2002


1770
1436
1904
1200
798
853
1643
1742
1247
1533
1854
1343
1323
1892
1535
1086
967
1565
2138
1687
1621
2096
1770
1360
1817
1789
1167
834
1098
1844
1714
1346
1790
1904
1360
1632
2029
1489
1092
1060
1766
2096
1614
1769
2197
1781
1650
2209
1989
1527
1380
1868
2502
2134
1985
2469
2311
1868
2323
2464
1897
1579
1737
2458
2475
2069
2453
2695
2225
2359
2812
2370
1940
1820
2437
2814
2407
2421
2864
1710
1391
1806
2445
2121
2005
2507
2426
1955
2386
2486
1891
1510
1584
2256
2196
1726
2010
2192
1658
1692
2192
1699
1262
997
1793
2243
1775
1799
2239
1844
1463
1941
1842
1239
926
1245
1963
1733
1392
1838
1903
1359
1680
1993
1389
959
891
1617
1903
1456
1655
2046
1565
1423
2021
1754
1245
1007
1424
2057
1648
1441
1910
1774
1270
1697
1859
1251
927
1121
1909
1887
1433
1826
2054
1534
1007
1627
1930
1407
1459
1867
1434
1239
1808
1613
1085
846
1275
1978
1664
14
8
3
1987
1871
1389
1851
2045
1478
1139
1280
2035
2058
1648
2043
2330
1817
1905
2431
1981
1582
1473
2078
2497
2094
2115
2622
2290
2015
2545
2463
1962
1758
2096
2769
2531
2226
2646
2682
2188
2490
2753
2227
1883
1897
2624
2787
2381
2582
2863
2460
2403
2884
2559
2132
1929
2417
2907
2600
2459
2877
1614
1213
1407
2112
1935
1616
2038
2142
1593
1838
2218
1616
1159
1072
1712
1945
1414
1558
2000
1574
1385
1936
1687
1210
976
1508
2210
1810
1600
2047
1855
1350
1755
1873
1272
899
1005
1762
1766
1284
1651
1887
1361
1472
1992
1491
1023
889
1504
2000
1532
1535
2019
1655
1340
1874
1802
1243
931
1253
1980
1811
1518
1971
1993
1435
1723
2024
1403
963
885
1599
1823
1312
1520
1968
1522
953
1517
2091
1673
1654
2162
1886
1529
2061
2085
1522
1231
1495
2251
2112
1767
2245
2330
1802
2078
2473
1938
1557
1531
2233
2526
2073
2265
2683
2242
2047
2608
2364
1933
1755
225
7

2837
2512
2385
2837
2675
2278
2695
2768
2240
1919
2046
2751
2686
2297
2669
2835
2417
2546
2906
2543
2172
1942
2608
2882
2487
2511
2863
2471
2139
2590
2437
1906
1613
1895
2539
2304
1991
2465
1308
893
925
1679
1857
1360
1644
1984
1487
1439
2001
1611
1136
948
1501
2029
1589
1535
2028
1732
1345
1843
1841
1251
897
1139
1879
1727
1367
1831
1936
1378
1646
2019
1438
976
909
1615
1931
1440
1585
2017
1580
1385
1917
1668
1157
930
1399
2031
1631
1470
1980
1808
1327
1774
1890
1263
909
1017
1783
1776
1302
1677
1936
1437
1531
2059
1590
1147
1041
1707
2210
1707
1632
2064
1665
1303
1851
2445
2033
1900
2400
2222
1772
2274
2415
1873
1568
1745
2464
2390
2011
2468
2655
2188
2407
2817
2362
1991
1904
2551
2833
2413
2495
2876
2546
2329
2843
2668
2213
1964
2347
2908
2634
2469
2879
2767
2340
2715
2832
2319
1961
2005
2685
2704
2234
2495
2736
2198
2150
2645
2211


1744
1570
2113
2651
2238
2219
2734
2416
2047
2482
2416
1824
1467
1686
2354
2179
1770
2205
2253
1022
931
1649
1873
1392
1569
1946
1439
1307
1905
1600
1076
865
1312
1970
1615
1451
1940
1808
1333
1785
1945
1354
1022
1138
1879
1834
1375
1745
1982
1435
1519
1979
1481
1023
894
1518
1926
1456
1471
1962
1605
1269
1779
1681
1136
847
1145
1901
1697
1357
1874
1934
1392
1745
2118
1581
1147
1057
1750
1923
1399
1517
1922
1413
1293
1872
1535
1070
889
1393
2078
1687
1535
2064
1903
1711
1879
2545
2462
2085
2530
2646
2148
2384
2747
2213
1837
1775
2469
2751
2320
2466
2859
2499
2346
2845
2647
2218
1971
2389
2923
2653
2469
2849
2704
2256
2675
2786
2226
1859
1934
2588
2506
2054
2374
2537
1994
2096
2589
2144
1744
1675
2316
2762
2323
2295
2725
2357
2000
2470
2314
1749
1396
1643
2266
2004
1628
2080
2094
1505
1776
2111
1531
1117
1072
1813
2054
1535
1979
1466
986


857
1475
1977
1514
1535
2027
1685
1328
1857
1810
1273
977
1275
1973
1759
1392
1833
1851
1280
1569
1926
1342
927
907
1648
1920
1444
1625
2031
1562
1421
1978
1682
1185
923
1343
1995
1615
1403
1947
1859
1407
1819
1938
1334
961
1108
1854
1890
1429
1786
2007
1431
1502
2000
1535
1082
983
1622
2110
1664
1679
2150
1808
1483
2035
1993
1454
1199
1513
2231
2062
1774
2243
2315
1804
1984
2658
2654
2273
2706
2858
2481
2623
2931
2609
2220
2110
2623
2874
2445
2442
2833
2496
2187
2673
2531
1982
1693
1954
2559
2325
2011
2449
2460
1937
2292
2653
2096
1673
1601
2258
2450
1938
2105
2438
1955
1842
2351
1996
1465
1205
1638
2235
1778
1532
2022
1837
1351
1823
1965
1360
1011
1139
1893
1899
1455
1839
2079
1535
1617
2093
1574
1107
971
1585
2007
1518
1511
2009
1120
835
1270
1927
1535
1343
1837
1681
1173
1616
1763
1163
804
918
1694
1727
1291
1659
1935
1424
1535
2087


1613
1143
1013
1637
2064
1533
1469
1919
1535
1213
1725
1669
1119
852
1186
1920
1728
1392
1851
1936
1376
1701
2079
1509
1113
1087
1824
2106
1638
1850
2317
1897
1821
2384
2101
1622
1393
1833
2459
2095
1965
2465
2315
1850
2314
2477
1949
1662
1807
2559
2559
2146
2481
2422
1974
1841
2449
2738
2272
2297
2729
2320
2080
2583
2353
1839
1572
1980
2640
2321
2101
2634
2559
2023
2354
2544
1925
1535
1535
2235
2281
1777
2016
2298
1755
1722
2211
1737
1198
1023
1557
2096
1634
1570
2067
1780
1382
1911
1955
1388
1056
1264
2013
1834
1443
1879
1936
1361
1648
2036
1440
995
944
1636
1903
1407
1565
1997
1524
1319
1850
1623
1094
891
1356
2027
1651
1471
1970
1228
819
1023
1750
1606
1226
1684
1801
1231
1520
1969
1437
1035
932
1591
1904
1395
1534
19
5
4
1530
1347
1905
1664
1132
896
1359
2006

1
670
1498
2018
1887
1423
1862
2032
1465
1
1
39
1299
2047
2064
1641
2057
2319
1847
2006
2517
2071


1643
1535
2140

2
614
2187
2229
2730
2367
2095
2613
2519
1989
17
6
5
2095
2757
2523
221
8

2631
2618
2079
2389
2695
212
8

1761
1790
2512
2730
2334
2595
2187
1687

1
531
2089
2693
2281
2189
2605
2334
1879
2
3
39
2290
1712
1328
1507
2192
2021
1594
198
1

2064
1483
1665
2096
1555
1151
1041
1747

2
089
1620
1715
2143
1689
1443
1978
1713
1
1
75
876
1259
1942
1557
1361
1872
1761
1249


1691
1917
1337
943
1078
1825
1833
1372
1
7
50
2000
1457
1509
2003
1509
1068
944
1535


2046
1574
1583
2054
1678
1328
1831
1738

1
200
901
1191
1891
1712
1392
1867
1218
752


738
1486
1624
1135
1456
1831
1368
1344
1
9
15
1535
1086
935
1520
2064
1661
1620
2105


1777
1381
1933
1966
1445
1169
1484
2250

2
128
1845
2323
2435
1909
2204
2559
2037
164
3

1581
2262
2533
2090
2256
2678
2259
2144


2729
2480
2016
1827
2254
2855
2512
2384

2
805
2653
2227
2662
2768
2261
1983
2098
279
5

2743
2389
2777
2888
2519
2640
2926
2535


2135
2021
2551
2837
2423
2466
1891
1296
1
0
70
1577
2122
1660
1563
2047
1822
1399
19
0
4
1969
1393
1059
1254
1963
1796
1395
1791


1891
1323
1509
1942
1397
955
903
1616
19
9
6
1535
1649
2115
1681
1438
1968
1770
1231


950
1387
2032
1668
1445
1915
1813
1323
1
7
76
1989
1407
1033
1159
1902
1915
1466
1829


2063
1520
1535
2038
1535
1057
912
1510

2
003
1555
1525
1987
1643
1309
1822
1762
121
5

890
1196
1861
1613
1276
1752
1812
1102


1255
1961
1842
1478
1922
2077
1535
1833
22
7
9
1754
1379
1343
2070
2412
1973
2086
253
1

2115
1921
2467
2310
1840
1613
2047
2694

2
374
2210
2700
2608
2147
2559
2704
2133
1
7
86
1935
2679
2688
2295
2642
2823
2382
2492


2910
2549
2192
2128
2672
2906
2559
2599


2926
2657
2382
2845
2694
2197
1898
2160
27
8
9
2551
2211
2611
2618
2057
2331
2637
205
9

1665
1675
2415
2643
2205
2402
1747
1138

8
89
1366
1932
1499
1367
1868
1639
1201
16
6
4
1741
1151
851
1117
1882
1765
1321
1725

1
808
1215
1429
1871
1313
896
838
1555
192
5

1459
1586
2053
1623
1434
1984
1759
1212

9
80
1418
2064
1685
1490
1984
1855
1315
17
2
9
1914
1331
954
1136
1905
1947
1462
1776

1
970
1410
1467
1964
1433
945
810
1365
182
5

1392
1415
1982
1696
1411
1998
1904
1341

1
001
1277
1967
1745
1395
1836
1863
1265
16
3
2
2361
2367
1920
2255
2500
2000
2085
263
3

2224
1824
1755
2355
2752
2330
2321
2800

2
480
2235
2714
2603
2066
1777
2058
2785
2
6
11
2370
2831
2800
2367
2707
2896
2509
2219


2240
2893
2899
2559
2754
2906
2482
2427


2897
2625
2212
1939
2289
2803
2377
2201
26
5
2
2435
1942
2352
2441
1890
1600
1730
243
1

2419
1933
2288
2418
1827
1894
2367
1843

1
407
1248
1826
2209
1719
1659
2150
1154
9
4
9
1421
2067
1648
1371
1798
1621
1107
1589


1788
1245
907
1011
1750
1750
1251
1661
1
9
38
1408
1497
2007
1499
1050
949
1570
2055


1596
1607
2096
1722
1399
1951
1929
1456

1
211
1511
2187
1889
1427
1862
1856
1315
164
6

2011
1456
1008
930
1648
1933
1481
1692


2082
1568
1328
1778
1382
851
666
1165
1914


1601
1436
1920
1728
1200
1671
1878
1343


1051
1216
1937
1928
1440
1790
2058
1555
18
0
5
2394
2634
2193
2320
2768
2416
2256
277
4

2523
2006
1758
2160
2800
2490
2381
2851


2727
2293
2711
2795
2336
2075
2221
2893
28
1
6
2477
2787
2857
2399
2518
2905
2513
209
7

1893
2315
2641
2096
2128
2633
2362
2130

2
559
2400
1808
1446
1680
2384
2182
1871
2
3
06
2297
1707
1988
2287
1673
1247
1189
1872


2064
1506
1639
2003
1482
1347
1939
1639


1147
923
1386
2063
1689
1507
1992
1068
656


870
1627
1523
1219
1723
1887
1357
1627

2
033
1488
1125
1089
1839
2159
1655
1764
215
9

1686
1455
2007
1772
1261
1000
1392
2037


1622
1426
1946
1840
1381
1767
1871
1223
8
2
2
954
1728
1771
1321
1680
1891
1335
1391


1936
1468
1003
868
1468
1906
1409
1440
1
9
32
1646
1321
1922
1874
1370
1071
1382
2103


1890
1535
2046
2095
1578
1910
2256
1712


1354
1419
2220
2512
2104
2317
2691
2008
18
7
2
2455
2871
2527
2559
2922
2672
2466
290
1

2778
2330
2046
2287
2839
2559
2247
2695

2
674
2160
2480
2722
2157
1744
1746
2497
2
7
30
2301
2428
2640
2023
1791
2321
1973
1495


1333
1764
2319
1873
1649
2141
1989
1535


1968
2083
1427
1021
1133
1843
1850
1454
18
3
1
2077
1525
1622
2097
1535
1098
1021
166
4

2123
1628
1601
2060
1648
1359
1863
1789

1
271
1013
1359
2058
1792
1470
1872
1290
8
7
5
995
1783
1890
1488
1904
2165
1616
1631

2
085
1509
1013
864
1457
1953
1504
1501
20
0
3
1654
1360
1903
1840
1296
956
1123
1733

1
455
1056
1534
1609
1107
1463
1852
1296
9
2
0
912
1711
2053
1638
1839
2254
1757
1567

2
083
1776
1290
1129
1589
2290
1906
1712
2
1
82
2031
1595
2126
2363
1840
1522
1638
2366


2369
1957
2358
2640
2195
2319
2801
2357


1927
1843
2447
2835
2450
2448
2818
2117
18
5
4
2224
2790
2340
2093
2434
2225
1708
218
1

2400
1943
1691
1839
2521
2490
2006
2359

2
586
2032
2101
2473
1872
1334
1103
1650
2
1
25
1680
1729
2226
1863
1515
1997
1905
1370


1083
1383
2062
1783
1371
1803
1827
1279


1664
2015
1439
1054
1008
1730
2023
1612
1
8
87
2275
1773
1597
2063
1678
1106
859
1351


2031
1674
1519
2000
1862
1360
1846
2001

1
399
1041
1132
1759
1696
1154
2025
1440
990


893
1567
1845
1357
1506
1958
1557
1356

1
926
1689
1124
863
1289
1997
1651
1434
1968


1767
1168
1519
1679
1085
751
914
1787
1
8
49
1373
1757
2015
1520
1664
2203
1765
1345


1222
1807
2279
1875
1919
2474
2167
1903


2479
2377
1847
1603
1906
2615
2416
2096
25
1
8
2509
1967
2291
2640
2155
1818
1823
252
9

2731
2288
2521
2880
2537
2477
2930
2690

2
251
2007
2379
2869
2512
2369
2432
1797
1
4
24
1751
2402
2128
1883
2330
2261
1677
1969


2210
1623
1231
1249
1988
2163
1585
1756


2029
1414
1391
1983
1619
1199
1036
1584
21
1
2
1656
1615
2141
1869
1488
1975
1938
128
5

902
1088
1767
1603
1232
1690
1795
1217
1
4
79
1898
1354
982
986
1738
2030
1520
1616


2064
1643
1456
2055
1833
1330
1067
1488
2
1
05
1726
1567
2076
1941
1450
1840
1905
12
3
8
837
912
1712
1764
1365
1781
2014
704
67
4

1434
1712
1251
1519
1943
1473
1414
2046


1744
1309
1154
1680
2240
1775
1600
2045
1
9
10
1519
2017
2208
1706
1383
1588
2321
227
1

1931
2354
2529
2026
2137
2529
1995
1572


1485
2206
2640
2227
2345
2748
2372
2204
2
7
45
2628
2198
1951
2339
2895
2559
2374
28
2
2
2702
2267
2683
2819
2345
2032
2106
2818


2839
2508
2847
2918
2588
2559
2909
2493

2
007
1859
2349
2836
2448
2369
2779
1328
104
0

1473
2118
1719
1520
2005
1863
1404
1841


2030
1456
1113
1167
1810
1744
1179
1519
1
7
45
1205
1311
1865
1412
945
862
1505
2035


1625
1699
2221
1853
1460
1961
1855
1285
1
0
04
1357
2080
1899
1523
1929
1911
1331
15
8
9
1941
1403
999
967
1671
1882
1385
1557
1
9
67
1526
1435
2015
1733
1205
989
1474
2176


1835
1711
2197
1974
1345
1730
1794
1173


830
934
1741
1783
1296
1662
1921
1409
1490


1744
2088
1615
1698
2186
1847
1664
2266

2
242
1778
1482
1798
2450
2145
1903
2405
2
4
17
1999
2451
2668
2128
1746
1795
2544
2672


2226
2523
2800
2285
2257
2783
2399
1987


1866
2416
2879
2512
2461
2896
2623
2303
28
4
9
2800
2390
2151
2361
2928
2753
2500
289
5

2855
2432
2694
2872
2375
1957
1910
2554

2
753
2281
2369
2666
2107
1866
2355
2149
1
7
13
1511
1971
2559
2143
1913
2375
1267
901


1150
1885
1693
1343
1779
1862
1293
1649

2
017
1450
974
861
1535
1753
1249
1446
1905


1471
1347
1919
1639
1149
934
1446
2135
17
4
8
1582
2057
1870
1371
1813
1968
1411
104
9

1141
1875
1871
1392
1744
2032
1479
1598

2
126
1676
1215
1084
1664
2099
1614
1616
21
0
5
1744
1413
1925
1841
1232
912
1246
1991


1814
1513
1894
1829
1186
1409
1713
1129
7
1
4
752
1535
1782
1307
1509
1935
1487
1383


2256
2559
2083
2160
2640
2273
2062
2639
2
5
22
1970
1626
1983
2620
2307
2127
2653
26
5
7
2229
2610
2791
2293
1966
2064
2783
2823


2475
2797
2901
2523
2559
2915
2559
2210

2
062
2583
2912
2537
2487
2864
2521
2160
268
3

2630
2097
1743
1920
2558
2358
1986
2448


2557
2043
2302
2656
2061
1641
1535
2219
2
4
91
1987
2080
2410
1904
1645
2118
1856
13
2
4
1088
1589
2207
1775
1586
2046
1906
976

1
113
1817
1694
1273
1707
1841
1298
1535
2
0
00
1453
995
880
1583
1894
1422
1535
2014

1
607
1387
1951
1744
1232
979
1442
2147
18
0
5
1620
2123
1968
1463
1865
2000
1392
1012


1104
1811
1783
1269
1617
1866
1334
1454

2
000
1535
1130
1040
1652
2096
1607
1580
206
4

1669
1320
1815
1725
1161
850
1167
1892


1694
1397
1835
1857
1235
1570
1909
1332
94
4

955
1705
1955
1488
1711
2139
1709
1627


2235
2765
2317
2297
2799
2512
2253
2761
27
2
3
2256
1973
2230
2864
2653
2347
2785
2768


2299
2595
2827
2303
1959
1943
2630
2800

2
385
2545
2861
2385
2245
2750
2405
1890
16
3
2
2037
2655
2291
2096
2526
2342
1877
229
0

2423
1841
1465
1566
2269
2243
1754
2118

2
303
1738
1768
2225
1713
1214
1035
1627
2
1
27
1639
1602
2115
1725
1347
1871
1801
1255


965
1249
1959
1716
1355
1805
1868
1330

1
019
1738
1741
1293
1685
1946
1454
1582
210
8

1634
1169
1040
1616
2078
1595
1584
2087


1696
1342
1858
1775
1211
912
1163
1843
16
3
3
1285
1759
1815
1269
1622
1968
1382
947


908
1625
1845
1360
1510
1946
1483
1343
19
1
4
1622
1104
883
1327
1999
1623
1440
1958


1822
1345
1801
1968
1399
1079
1247
2054
2
1
15
1698
2113
2315
1801
1958
2471
2006
16
1
6
1520
2141
2601
2146
2189
2687
2329
2021


2330
2878
2559
2345
2779
2672
2192
2559
2
7
50
2205
1835
1850
2544
2598
2103
2375
262
6

2111
2096
2640
2249
1822
1701
2217
2672


2163
2057
2510
2193
1802
2247
2214
1629
1
2
78
1486
2166
1966
1589
2007
2089
1488
172
2

2085
1511
1104
1040
1734
2053
1584
1731
2160
1693
1456
2032
1755
1251
999
1455
21
1
8
1728
1517
1981
1831
1323
1762
1885
1285


929
1008
1765
1766
1292
1699
1946
948
8
5
3
1593
1823
1330
1535
1946
1489
1407
1988


1634
1115
944
1456
2097
1695
1505
1984
1
7
49
1255
1679
1788
1168
825
966
1689
1625

1
168
1601
1794
1264
1437
1914
1411
1000
9
2
5
1649
2099
1669
1761
2244
1867
1627
2175


2069
1535
1297
1697
2391
2076
1869
2348

2
288
1776
2189
2430
1876
1563
1650
2399
249
7

2038
2348
2656
2177
2190
2736
2354
1923


1793
2348
2827
2461
2465
2905
2657
2317
1
9
37
2545
2288
2006
2486
2523
2001
2365
26
2
6
2033
1605
1533
2197
2368
1838
1968
2303


1777
1645
2201
1849
1361
1136
1620
2223
1
7
93
1639
2101
1915
1434
1922
2035
1442
108
2

1232
1949
1861
1420
1839
1988
1425
1557


2002
1435
982
854
1491
1872
1378
1430
192
0

1522
1282
1867
1744
1211
992
1379
2092


1792
1517
1995
1948
1414
1757
1990
1357
94
7

998
1750
1918
1423
1693
2029
1533
1487


2015
1907
1395
1331
1827
1501
1127
1664
16
8
3
1135
822
1122
1861
1670
1323
1811
1881


1338
1647
2034
1479
1101
1055
1796
2075
1
5
97
1775
2207
1760
1643
2207
1955
1497
13
1
5
1797
2457
2155
2010
2502
2405
1955
2430


2594
2073
1769
1886
2619
2613
2179
2538

2
753
2240
2342
2795
2338
1904
1817
2401
280
5

2384
2404
2863
2559
2298
2804
2686
2247


2018
2320
2899
2718
2479
2871
2816
2375
1
4
53
2134
2133
1680
2057
2265
1728
1775
22
4
9
1742
1243
1070
1678
2112
1650
1639
2081


1658
1299
1843
1743
1152
854
1167
1929
1
7
13
1403
1881
1947
1388
1711
2070
1493
1088


1072
1783
2032
1535
1734
2106
1566
1405


1970
1651
1137
909
1376
2030
1657
1456
191
4

1751
1248
1717
1856
1306
938
1082
1858


1895
1439
1802
2065
1535
1637
2159
1703
12
1
6
1090
1658
2111
1625
1633
2083
1673
855


1200
1882
1592
1347
1837
1783
1281
1709
1
9
59
1387
1008
1134
1914
2087
1648
1977
23
1
0
1850
1859
2445
2080
1667
1583
2134
2672


2250
2255
2723
2449
2096
2618
2608
2085
1
7
77
2001
2683
2494
2164
2559
2618
2109
23
5
4
2722
2219
1861
1812
2503
2758
2334
2522


2881
2527
2455
2906
2723
2313
2119
2544

2
964
2687
2591
2907
2734
2311
2695
2735
214
8

1756
1831
2498
2466
1983
2320
1424
919


795
1484
1906
1414
1449
1936
1565
1296
187
1

1759
1246
987
1367
2069
1771
1524
2063


2032
1499
1889
2130
1499
1067
1047
1744
18
8
9
1390
1616
1953
1430
1367
1926
1529
102
3

847
1411
2023
1634
1520
2005
1757
1325
1
8
17
1893
1323
960
1177
1898
1798
1386
1833


1974
1418
1672
2064
1502
1066
976
1631
2
0
16
1535
1637
2085
1631
1375
1915
1719
117
1

903
1313
1989
1675
1404
1859
1772
1224

1
406
2135
2045
1702
2153
2294
1796
2062
24
8
0
1994
1606
1566
2272
2629
2183
2302
274
7

2301
2119
2640
2457
1973
1749
2131
2768

2
423
2240
2752
2627
2189
2640
2773
2240
1
8
87
2015
2722
2693
2301
2688
2838
2427
2542


2913
2522
2149
2063
2634
2896
2559
2606


2922
2602
2287
2750
2611
2045
1702
1936
25
1
9
2239
1922
2395
2489
1990
2361
2653
207
6

1648
1583
2301
2467
1963
2096
1499
975

7
52
1265
1873
1427
1318
1867
1638
1199
1716


1821
1256
939
1186
1936
1808
1415
1868

2
020
1446
1692
2075
1498
1051
945
1626
1935


1458
1589
2094
1671
1446
1995
1797
1278


1023
1505
2192
1825
1611
2054
1915
1392
18
0
8
1967
1350
947
1045
1773
1783
1299
1661


1907
1370
1451
1986
1522
1072
963
1584
20
3
2
1568
1535
1977
1587
1209
1723
1663
111
6

785
1092
1839
1642
1303
1776
1838
1290
1
8
50
2527
2502
2039
2415
2627
2125
2224
27
1
8
2251
1829
1749
2370
2782
2339
2385
2846


2487
2225
2772
2675
2208
1979
2297
2905

2
724
2459
2877
2822
2404
2706
2870
2398
203
1

1969
2621
2766
2337
2518
2850
2382
2246


2757
2416
1971
1803
2242
2831
2439
2265
2
6
58
2380
1858
2251
2352
1719
1351
1441
21
5
5
2083
1594
1931
2128
1570
1666
2151
1643


1192
1057
1666
2085
1600
1645
1488
930
7
2
1
1241
1868
1459
1367
1877
1678
1264
1799


1917
1370
1051
1263
1986
1866
1458
1875

1
959
1372
1593
1991
1450
1040
972
1680
2065


1611
1706
2147
1713
1465
1975
1744
1220


919
1340
1979
1587
1378
1831
1749
1230
162
8

1777
1137
760
863
1655
1696
1254
1643

1
917
1366
1471
2001
1511
1043
945
1580
2040


1601
1599
2093
1730
1405
1939
1877
1370


1051
1382
2144
1981
1686
2171
2225
1744
19
1
4
2597
2559
2154
2544
2770
2389
2497
290
3

2534
2173
2086
2627
2898
2559
2608
2927

2
659
2362
2804
2658
2115
1821
2087
2716
2
4
48
2092
2485
2475
1902
2219
2555
2029
1651


1597
2285
2512
2033
2207
2559
2059
1876


2398
2080
1568
1298
1680
2268
1847
1617
20
6
9
1887
1373
1798
1974
1411
1081
1181
194
8

1957
1494
1871
2077
1535
1621
2090
1555

1
049
907
1498
1923
1433
1474
1990
1194
89
2

1286
1955
1586
1441
1911
1777
1296
1751

1
927
1329
1002
1104
1855
1883
1392
1762
1
9
63
1398
1488
1981
1489
1035
919
1535
2032


1622
1587
2063
1676
1329
1831
1719
1159
8
5
5
1173
1891
1677
1303
1765
1776
1216
157
9

1961
1414
1069
1056
1815
2077
1606
1779

2
186
1694
1535
2119
1840
1360
1191
1697
2
3
74
2014
1907
2450
2338
1925
2384
2522
1988


1648
1745
2447
2400
1985
2375
2455
2061


1927
2530
2790
2357
2430
2813
2387
2131
26
0
8
2390
1855
1582
1922
2542
2233
2015
251
8

2471
2006
2414
2614
2000
1587
1584
2268

2
345
1825
2112
2397
1859
1818
2314
1872
1
3
58
1158
1654
2151
1698
1591
2087
1798
1425


1949
1955
1398
1076
1325
2046
1893
1509


1937
2014
1430
1663
2034
1437
982
901
1615


1925
1472
1585
1993
1527
1341
1911
1707

1
199
953
1366
2028
1649
1418
1885
1235
87
1

1097
1815
1670
1281
1741
1836
1279
1580

1
990
1475
1085
1019
1707
1967
1468
1567
1
9
39
1487
1282
1794
1530
993
799
1211
1923

1
581
1359
1872
1787
1313
1776
2010
1441
1
1
06
1227
1985
2023
1581
1959
2209
1713
1834


2352
1916
1489
1408
2034
2534
2119
2127


2654
2305
1999
2502
2410
1903
1623
1911
26
0
3
2381
2098
2559
2591
2094
2449
2763
223
8

1883
1872
2559
2754
2344
2559
2229
1706

1
522
2064
2630
2251
2147
2559
2267
1822
22
6
2
2303
1723
1379
1585
2309
2169
1767
216
7

2256
1687
1854
2221
1647
1200
1077
1765

2
064
1574
1655
2091
1651
1404
1923
1710
1
1
65
914
1339
2015
1655
1423
1933
1823
1315


1741
1936
1338
955
1071
1839
1854
1378
1
7
46
1963
1392
1456
1968
1463
990
865
1488

1
970
1493
1487
1981
1651
1328
1856
1779
1
2
37
938
1246
1983
1761
1401
1869
1264
804

8
55
1620
1739
1245
1562
1883
1365
1358
19
2
1
1485
1019
863
1453
2015
1583
1500
2013

1
726
1345
1873
1920
1408
1122
1387
2166
2
0
47
1716
2211
2305
1799
2075
2493
1975
1568


1505
2224
2496
2047
2209
2659
2256
2103


2663
2427
1949
1732
2167
2790
2442
2277
27
3
3
2599
2155
2598
2704
2186
1859
1981
271
7

2704
2365
2761
2874
2475
2614
2909
2595

2
226
2113
2640
2901
2559
2591
2925
1500
1
1
91
1586
2209
1808
1585
2075
1909
1413
1840


1981
1392
1017
1166
1897
1904
1453
1808


2030
1455
1506
2006
1522
1063
913
1520
200
4

1519
1533
2019
1681
1373
1929
1882
1328


1013
1315
2034
1802
1423
1887
1904
1330
1
6
21
1985
1422
999
937
1680
1953
1444
1618


2028
1535
1409
1968
1663
1157
918
1415
20
6
2
1681
1502
1970
1795
1324
1780
1937
134
5

998
1127
1869
1836
1348
1745
1968
960
94
3

1712
1953
1459
1702
2110
1649
1559
2163


1871
1379
1209
1711
2345
1999
1888
2374
2
2
53
1823
2341
2463
1941
1655
1843
2556
24
9
1
2079
2477
2634
2137
2297
2725
2233
1834


1729
2373
2767
2326
2415
2864
2497
2288

2
816
2644
2186
1963
2330
2901
2617
2448
285
1

2763
2327
2707
2848
2389
2080
2123
2790


2791
2411
2683
2859
2400
2379
2832
2394
1
9
20
1693
2190
2672
2215
2194
2694
1171
887


1313
1942
1535
1351
1831
1712
1238
1686

1
869
1297
935
1042
1781
1779
1296
1692
192
5

1371
1471
1998
1509
1059
933
1533
2003
1
5
69
1576
2064
1733
1381
1879
1775
1231
91
8

1250
1942
1730
1369
1833
1858
1309
1652


2006
1439
1072
1067
1795
2035
1535
1743
2
1
44
1665
1510
2046
1728
1203
959
1438
211
1

1740
1557
2031
1857
1368
1808
1949
1355

9
61
1047
1785
1747
1290
1648
1867
1334
13
3
7
2030
2352
1904
2082
2539
2144
1933
2480


2235
1762
1566
2014
2653
2269
2130
2622

2
479
2073
2527
2701
2166
1859
2007
2727
270
9

2315
2684
2835
2390
2502
2892
2510
2118


2023
2608
2882
2539
2591
2929
2685
2449
2
8
89
2739
2278
1975
2241
2807
2515
2170
25
5
9
2559
1978
2288
2607
2032
1674
1686
2432

2
685
2217
2415
2731
2224
2074
2594
2223
1
6
69
1411
1806
2361
1909
1687
2160
1232
85
5

1099
1811
1668
1254
1705
1819
1264
1523

1
967
1419
1020
967
1659
1978
1488
1616
20
5
5
1594
1371
1945
1695
1169
924
1397
2080

1
699
1520
2002
1875
1392
1862
2032
1451
1
0
87
1209
1962
1961
1466
1837
2017
1454
1505


1987
1483
1047
903
1499
1988
1501
1515

2
016
1691
1360
1888
1805
1213
902
1191
1867


1642
1296
1774
1825
1275
1605
1951
1369


969
948
1710
1947
1472
1661
2064
1581
1695


2249
2701
2255
2224
2727
2433
2112
2625


2589
2041
1764
2078
2779
2605
2325
2773
2
7
65
2304
2609
2863
2395
2082
2036
2750
2850


2483
2668
2904
2547
2459
2893
2631
2197


1959
2335
2862
2459
2254
2663
2450
1967
24
1
6
2559
2029
1651
1714
2405
2368
1893
224
5

2448
1883
1935
2369
1853
1376
1200
1792

2
211
1727
1701
2143
1769
1427
1949
1872
1
3
26
1041
1359
2063
1838
1488
1936
1306
895


898
1680
1867
1375
1677
2025
1520
1485
2
0
06
1619
1143
958
1582
2128
1683
1623
2125


1808
1427
1971
2000
1418
1061
1273
1975

1
755
1356
1791
1874
1311
1600
1962
1413
100
3

965
1675
1993
1493
1594
1973
1507
1306


1851
1595
1048
812
1233
1894
1499
1345
185
8

1744
1286
1747
1898
1294
903
1055
1863


1909
1468
1861
2142
1647
1759
2251
1808
14
0
7
1301
1931
2436
1978
2000
2504
2175
193
5

2259
2869
2559
2351
2796
2701
2266
2671

2
815
2305
1968
2023
2758
2768
2384
2704
2
8
67
2417
2386
2847
2426
1935
1703
2192
2650


2203
2132
2606
2343
1953
2414
2380
1791


1456
1654
2321
2138
1727
2141
2181
1615
18
4
1
2220
1643
1199
1071
1762
2043
1535
166
4

2094
1638
1461
2001
1795
1270
1007
1451

2
106
1731
1578
2064
1936
1457
1904
2037
1
4
24
1040
1099
1815
1806
1297
2042
1429
982


903
1627
1935
1425
1584
2000
1535
1344
1
8
91
1602
1098
841
1264
1919
1519
1318
1804


1678
1190
1662
1866
1283
939
1039
1786
17
9
4
1314
1665
1901
1331
1418
1930
1435
982

8
48
1472
1991
1525
1535
2069
1727
1409
19
3
6
1868
1325
1039
1371
2115
1969
1669
2148


2181
1613
1935
2317
1795
1422
1429
2171

2
442
1995
2192
2605
2159
2034
2593
2316
1
8
56
1675
2119
2736
2391
2224
2698
2224
1857


2089
2710
2448
2082
2503
2517
1987
2259


2559
2011
1631
1616
2340
2583
2162
2331
26
8
8
2163
1957
2448
2091
1564
1315
1729
235
2

1946
1756
2224
2053
1520
1908
2042
1424

1
072
1183
1959
1969
1456
1811
2055
1482
1
5
30
2047
1535
1079
929
1517
2026
1573
1595


2071
1709
1386
1932
1811
1238
915
1200
1
8
97
1670
1328
1803
1842
1296
1621
1973
1385


991
956
1738
1994
1535
1713
2102
957
77
0

1351
1833
1335
1355
1875
1532
1269
1824

1
774
1201
887
1171
1900
1692
1355
1813
18
0
8
1281
1600
1940
1376
992
983
1728
1983
1
4
73
1667
2097
1648
1535
2123
1850
1380
11
8
1
1659
2330
1945
1792
2282
2165
1712
2209


2371
1825
1505
1643
2399
2406
1983
2365

2
590
2071
2175
2669
2214
1808
1711
2327
276
8

2365
2415
2847
2497
2241
2758
2646
2163


1900
2215
2854
2665
2411
2864
2817
2422

1
823
2466
2421
1917
2245
2419
1870
1879
234
7

1831
1340
1210
1809
2239
1746
1741
2234


1842
1502
2032
1973
1417
1099
1373
2037
1
8
25
1438
1872
1887
1297
1615
1974
1419
98
2

935
1680
1936
1457
1639
2055
1577
1440
2
0
10
1687
1197
966
1392
2045
1660
1478
197
3

1817
1339
1798
1946
1355
976
1083
1840
1
8
38
1323
1659
1874
1307
1351
1904
1451
10
2
3
938
1589
2102
1632
1637
2144
1776
1456

1
247
1885
1436
1290
1789
1615
1137
1648
1
7
95
1191
865
1059
1851
1819
1427
1872
2108


1603
1782
2267
1795
1402
1305
1990
2416
1
9
66
2058
2525
2146
1904
2465
2375
1872
16
1
4
1987
2685
2359
2102
2559
2486
2000
2352


2622
2077
1751
1818
2553
2688
2251
2547

2
826
2391
2384
2867
2519
2107
1975
2530
291
4

2608
2611
2928
2690
2399
2852
2790
2338


2077
2253
2853
2657
2306
2718
2727
1232
1
1
28
1827
1993
1488
1703
2064
1561
1426
199
0

1629
1166
971
1482
2061
1631
1534
2032

1
776
1333
1811
1856
1264
923
1136
1893
177
0

1339
1761
1904
1339
1579
1989
1434
989

9
18
1581
1935
1481
1557
1991
1569
1338
186
7

1673
1136
912
1360
2064
1712
1510
1994
1
8
99
1397
1805
1987
1377
1007
1121
1847
1
8
85
1424
1818
2057
1534
1611
2067
1598
1110


959
1535
1997
1517
1491
1978
1648
1309

1
869
2132
1791
1533
2013
1939
1467
1913
216
0

1617
1308
1397
2186
2346
1889
2250
2559


2103
2117
2649
2286
1839
1680
2215
2727
2
2
83
2225
2689
2413
2074
2559
2608
2087
17
8
5
2060
2754
2624
2293
2736
2787
2352
2633


2890
2461
2117
2057
2739
2882
2599
2782
2
9
43
2651
2499
2893
2640
2162
1898
2269
281
3

2407
2176
2602
2415
1925
2326
2491
1967


1675
1813
2559
2624
2224
2547
2704
960
86
9

1571
1776
1167
1535
1898
1418
1324
1906


1603
1119
894
1392
2037
1631
1475
1955
175
7

1277
1715
1826
1252
877
1056
1835
1793


1355
1781
1954
1438
1577
2064
1522
1099

9
79
1651
2091
1603
1665
2158
1763
1477
2001


1824
1287
997
1365
2043
1682
1392
1842

1
735
1183
1535
1800
1209
829
898
1711
1842


1362
1698
2032
1535
1591
2111
1679
1168

9
69
1481
2007
1520
1452
1938
1642
1239
1739


1744
2274
1942
2365
2406
1910
2230
2617


2126
1753
1744
2463
2701
2281
2477
2836
24
1
1
2345
2847
2549
2137
1936
2356
2880
251
3

2379
2825
2628
2255
2727
2801
2353
2033

2
205
2875
2802
2463
2800
2841
2405
2495
2
8
49
2384
1966
1792
2333
2685
2205
2223
2656


2277
1995
2542
2464
1988
1728
1997
2624


2330
1966
2388
2373
1791
2075
2348
1775
13
2
6
1261
1977
2160
1658
1845
2204
1715
887


1404
1923
1457
1379
1881
1575
1199
1685
1
6
94
1165
839
1109
1809
1646
1266
1739
1797


1241
1567
1952
1408
1013
955
1693
1984
14
8
8
1666
2081
1595
1472
2055
1783
1280
107
2

1518
2134
1718
1488
1938
1782
1258
1711

1
883
1328
971
1062
1859
1936
1437
1779
19
9
1
1439
1472
1959
1445
954
795
1360
1840
1
3
72
1390
1898
1585
1261
1808
1779
1227
94
1

1264
2027
1871
1565
2058
2139
1616
1930


2310
2625
2162
2535
2768
2296
2373
2835
2
3
93
2016
1911
2493
2853
2477
2512
2903
26
5
1
2411
2867
2758
2331
2064
2323
2893
2679


2352
2763
2719
2175
2437
2714
2128
1693

1
618
2304
2483
2018
2241
2624
2224
2079
259
2

2254
1727
1455
1872
2448
2033
1822
2273


2096
1626
2047
2177
1577
1203
1322
2031
2
0
05
1535
1906
2128
1602
1665
2139
1633
115
3

1013
1622
2065
1611
1589
2081
1690
881
1
2
33
1931
1621
1381
1845
1773
1238
1661
19
1
3
1345
975
1043
1821
1935
1444
1760
2069

1
535
1533
2032
1616
1099
895
1408
1951
15
0
7
1398
1857
1599
1249
1786
1826
1296
992


1213
1933
1729
1328
1759
1855
1270
1531

1
935
1394
976
899
1606
1947
1466
1614
2055


1616
1442
2007
1794
1296
1057
1493
2161

1
814
1655
2153
2015
1566
2046
2231
1712
1399
1535
2297
2322
1907
2310
2549
2064
2199
2614
2864
2498
2559
2907
2559
2338
2823
2
6
49
2203
1957
2275
2838
2495
2228
2623
2480
1941
2311
2532
1977
1639
1711
2481
2628


2176
2432
2670
2122
2071
2522
2061
1535

1
341
1853
2331
1840
1771
2201
1872
1452
196
2

1969
1399
1093
1327
2047
1882
1500
1931


2006
1424
1703
2074
1506
1121
1042
1723
1
9
87
1493
1648
2061
1600
1407
1946
1697
1174


929
1360
2034
1647
1457
1938
1782
1034

1
201
1921
1819
1392
1796
1902
1328
1509
1
8
90
1317
874
788
1501
1902
1429
1555
2034

1
622
1377
1897
1711
1145
827
1196
1902
15
5
7
1275
1753
1681
1135
1535
1803
1255
898

1
023
1815
1965
1511
1830
2174
1662
1654
2
1
92
1787
1339
1193
1770
2338
1904
1849
2368


2113
1781
2301
2338
1814
1535
1779
2477


2337
1979
2419
2544
2038
2311
2704
2177
17
9
9
1769
2447
2710
2266
2409
2800
2374
178
3

2241
2654
2176
2114
2559
2230
1894
2432

2
452
1931
1599
1814
2470
2237
1847
2266
2
3
15
1727
1987
2332
1779
1345
1248
1950
2191


1681
1825
2204
1709
1535
2115
1837
1296


1046
1456
2113
1716
1507
1986
1872
1410
18
3
9
1999
1418
1072
1211
1878
1898
1418
178
8

2000
1457
1531
2010
1529
1049
913
1520
1
9
77
1482
1471
1997
1631
1289
1829
1791
12
3
2
933
1216
1959
1760
1424
1894
1955
902
1
0
79
1833
1738
1290
1712
1833
1264
1471
19
0
9
1382
933
855
1534
1898
1410
1534
1975
1
5
22
1301
1872
1698
1180
913
1345
2054
175
4

1535
2059
2014
1514
1936
2183
1608
1241

1
318
2081
2224
1775
2101
2459
1998
2015
25
5
9
2191
1763
1617
2167
2697
2270
2236
2704


2439
2087
2611
2605
2064
1755
2015
2743

2
595
2267
2715
2758
2267
2551
2864
2425
206
4

1989
2657
2832
2436
2622
2894
2551
1456


1928
2359
1869
1806
2267
1922
1535
2042


1977
1408
1104
1346
2047
1858
1488
1919
19
8
5
1409
1690
2034
1472
1074
992
1747
2021


1531
1729
2130
1666
1509
2031
1730
1200
9
4
1
1359
1993
1557
1333
1846
1726
1234
170
1

1864
1278
923
1023
1787
1813
1301
1682
1
9
43
1405
1491
2005
1535
1105
964
1535
201
0

1535
1504
2044
1698
1381
1925
1871
1328

1
018
1314
2001
1776
1454
1913
1954
1406
9
6
6
1701
1715
1264
1668
1962
1454
1559
2063


1600
1158
1040
1662
2119
1686
1722
2241
1
9
09
1642
2176
2182
1677
1413
1733
2453
2257


1959
2433
2465
1904
2230
2559
2013
1646


1631
2325
2590
2146
2359
2737
2275
2187

2
736
2453
2000
1835
2291
2880
2505
2359
280
5

2657
2276
2749
2832
2397
2121
2262
2896


2819
2480
2823
2877
2481
2591
2907
2511
2
1
12
1963
2532
2831
2376
2384
2796
1235
93
4

1366
2043
1675
1474
1986
1869
1387
1831

1
988
1398
1047
1113
1869
1891
1391
1741
1
9
73
1445
1514
2011
1519
1087
958
1535
2014


1530
1520
2022
1648
1287
1799
1739
1181

8
87
1173
1931
1739
1390
1856
1910
1355
169
1

2047
1479
1098
1038
1776
2022
1535
1700

2
069
1588
1393
1968
1683
1178
976
1463
21
3
1
1744
1579
2065
1895
1403
1838
1947
1371


971
1086
1856
1877
1407
1786
2066
1519
1
0
75
1766
2126
1649
1808
2294
1919
1759
2331


2163
1685
1475
1931
2606
2286
2101
2539


2434
1957
2396
2591
2043
1709
1851
2624
26
3
8
2246
2607
2811
2346
2414
2849
2392
199
1

1898
2470
2832
2443
2513
2887
2558
2288

2
789
2687
2210
1942
2238
2869
2651
2370
2
8
03
2768
2281
2586
2822
2308
1911
1858
2516


2689
2192
2352
2671
2206
2109
2667
2393


1907
1654
2032
2597
2148
1935
1814
1239
93
9

1276
2001
1701
1385
1843
1826
1287
1650


1908
1349
944
972
1712
1904
1450
1755
210
2

1594
1521
2065
1683
1183
993
1506
2078


1629
1511
2001
1776
1355
1808
1897
1306
96
3

1187
1968
1850
1442
1878
2010
1452
1661


2073
1535
1104
997
1673
2019
1527
1606
20
7
0
1629
1391
1929
1731
1205
931
1359
2083


1698
1453
1915
1773
1232
1615
1805
1201
8
1
6
942
1730
1761
1328
1711
1965
1441
1510


2224
2559
2128
2210
2671
2303
2047
2559
2
4
50
1957
1697
2064
2726
2413
2202
2686
26
3
1
2163
2549
2786
2279
1959
2011
2727
2773


2381
2693
2877
2515
2530
2916
2558
2160

1
981
2498
2894
2502
2439
2834
2529
2146
259
7

2559
1997
1632
1806
2455
2302
1977
2417


2544
2000
2234
2553
1962
1496
1392
2047
2
3
03
1797
1895
2283
1827
1631
2157
1910
13
8
3
1092
1510
2177
1779
1584
2047
1882
976

1
145
1861
1763
1354
1779
1913
1358
1611
2
0
27
1460
1005
906
1586
1959
1488
1600
2073


1643
1424
1969
1827
1285
1010
1429
2119
1
7
44
1532
2019
1926
1418
1828
2021
1401
100
8

1088
1845
1861
1403
1740
1981
1450
1488


2013
1570
1104
936
1526
1984
1505
1493
195
4

1616
1279
1822
1766
1197
877
1159
1889


1718
1375
1842
1874
1325
1651
1993
1468
10
8
3
1070
1842
2137
1698
1925
2331
1865
181
7

2315
2794
2384
2393
2844
2559
2260
2733


2711
2251
1951
2201
2865
2701
2398
2795
2
8
00
2352
2615
2862
2381
1995
1928
2554
27
6
2
2295
2393
2751
2261
2038
2542
2270
1781


1580
2059
2702
2317
2085
2501
2335
1799

2
199
2318
1721
1321
1418
2155
2155
1679
197
7

2170
1605
1626
2112
1613
1170
1023
1629


2092
1611
1594
2092
1715
1380
1922
1862
1
2
84
976
1255
1967
1759
1423
1887
1369
944


944
1666
1840
1367
1674
2015
1526
1489
20
6
4
1677
1200
1043
1559
2128
1664
1583
2057


1753
1343
1844
1829
1237
919
1155
1884
17
4
3
1358
1818
1952
1360
1582
1947
1385
957


891
1616
1920
1420
1535
1973
1519
1310

1
886
1680
1135
880
1349
2032
1666
1482
1974


1866
1402
1901
2077
1506
1202
1361
2133


2189
1734
2114
2369
1866
1991
2489
2071
16
1
6
1522
2119
2589
2156
2187
2679
2352
196
8

2272
2854
2549
2320
2768
2671
2196
2559

2
749
2199
1781
1793
2486
2583
2059
2320
2
5
87
2087
2094
2639
2256
1794
1557
2041
2512


2056
1955
2418
2091
1697
2160
2145
1581


1238
1459
2174
1974
1584
1982
2069
1483
17
3
1
2127
1523
1088
987
1729
2062
1569
1680


2115
1678
1478
2033
1803
1287
1049
1485

2
115
1698
1490
1936
1777
1264
1712
1892
132
1

957
1037
1809
1841
1387
1751
1591
1127


976
1648
2032
1584
1651
2090
1632
1348
188
5

1740
1151
867
1289
2038
1712
1379
1798


1708
1158
1527
1776
1196
845
905
1668
1798


1351
1723
2069
1532
1520
2075
1623
1117


964
1535
2163
1710
1653
2142
1920
1562
209
6

2138
1607
1290
1524
2267
2133
1801
2276


2400
1889
2180
2589
2074
1692
1619
2322
2
6
47
2191
2335
2750
2351
2177
2703
2491
202
6

1794
2245
2823
2436
2274
2742
2607
1677


1783
2419
2285
1905
2373
2499
1908
2087

2
447
1859
1418
1271
1887
2214
1744
1806
224
1

1807
1596
2113
1901
1363
1087
1535
2182


1808
1559
1985
1859
1323
1744
1950
1360
9
7
6
1088
1878
1905
1445
1790
2043
1471
152
3

2054
1565
1088
960
1535
1999
1535
1573
2
0
78
1719
1370
1863
1776
1231
930
1238
197
0

1761
1399
1846
1876
1315
1659
2014
1456

1
061
1015
1744
2012
1558
1744
2123
1111
9
0
3
1465
1914
1419
1392
1863
1478
1157
1662


1603
1059
752
1072
1840
1683
1392
1856
1906
1386
1712
2064
1520
1127
1093
1878
2161


1673
1886
2320
1875
1792
2351
2047
1582


1392
1862
2523
2165
2001
2485
2353
1915
23
6
2
2544
2006
1693
1833
2559
2559
2163
2529


2747
2256
2363
2805
2365
1951
1855
2448
2
8
33
2429
2448
2873
2548
2314
2813
2691
22
3
1
1978
2288
2874
2652
2357
2794
1678
1221


1206
1899
2032
1505
1734
2038
1535
1502

2
038
1648
1133
949
1535
2111
1661
1585
2061


1776
1364
1851
1841
1270
915
1175
1921

1
789
1439
1910
2013
1459
1719
2123
1555
111
3

1054
1744
2059
1585
1725
2146
1671
1485


2015
1791
1266
1011
1421
2074
1677
1459
1
9
06
1767
1267
1711
1879
1294
939
1056
182
5

1843
1386
1748
2029
1523
1599
2112
1661

1
183
1033
1630
2141
1664
1638
1558
1023
848
1373
1970
1583
1488
2002
1834
1401
193
6

2016
1478
1154
1371
2106
2013
1664
2099

2
241
1737
1984
2439
1939
1561
1535
2240
2
5
59
2111
2246
2708
2291
2091
2607
2405
1969


1751
2159
2785
2466
2285
2736
2608
2181


2629
2791
2288
1945
2046
2761
2717
2303
26
6
3
2841
2441
2554
2913
2534
2160
2033
255
9

2878
2533
2555
2903
2559
2253
2741
2630

2
077
1747
1991
2642
2384
2007
1966
1315
9
2
3
1023
1813
1853
1390
1744
1987
1434
1471


1978
1504
1033
913
1504
2011
1535
1535
2
0
36
1689
1328
1846
1811
1264
963
1243
1943

1
726
1373
1825
1889
1328
1638
2001
1456
1
0
56
1047
1776
2033
1557
1737
2124
1615
14
2
2
1974
1726
1242
1012
1443
2117
1774
1577


2038
1881
1382
1836
2039
1442
1049
1159

1
904
1919
1414
1765
2003
1460
1503
2011
156
3

1120
998
1624
2108
1583
2155
1927
1442


1212
1698
2384
2062
1837
2333
2272
1797
22
3
1
2486
1935
1610
1714
2477
2490
2059
242
0

2684
2227
2322
2783
2327
1887
1755
2341

2
781
2333
2334
2800
2485
2185
2736
2637
2
1
15
1821
2132
2823
2646
2342
2783
2785
2352


2694
2889
2444
2095
2027
2687
2800
2381


2541
2841
2364
2217
2723
2381
1869
1611
2
0
07
2633
2247
2069
2541
2376
1892
2307
2397


1782
1408
1481
2197
1433
1517
1953
1392


944
827
1493
1903
1459
1514
1983
1565
1296


1862
1731
1168
885
1274
1991
1685
1399

1
872
1830
1279
1664
1931
1354
983
1014
1802


1933
1465
1758
2091
1570
1525
2069
1666


1193
1035
1556
2095
1648
1564
2065
1772
1362
1867
1913
1344
1008
1254
2000
1856
1435
1856
1918
1344
1609
2032
1490
1071
976
1
6
93
2000
1519
1627
2014
1535
1320
1839
157
4

1053
828
1286
1969
1601
2427
2465
1922
1
6
43
1801
2517
2472
2063
2489
2672
2195
23
2
6
2769
2289
1897
1808
2442
2788
2370
2460


2863
2524
2306
2831
2695
2249
1987
2317


2906
2635
2430
2849
2772
2333
2710
2850
23
5
3
1981
1965
2598
2675
2215
2468
2723
216
3

2064
2553
2133
1680
1525
2096
2663
2217

2
115
2555
2243
1822
2263
2222
1626
1276
1
4
47
2148
1965
1535
1995
2109
1517
1772
2170


1653
1218
1141
1993
1427
1430
1924
1437


988
871
1492
2003
1523
1515
2001
1639
1252


1796
1767
1227
944
1214
1943
1791
1438

1
904
1976
1428
1725
2088
1520
1098
1054
180
1

2090
1623
1773
2132
1650
1456
1985
1696


1168
953
1423
2084
1691
1482
1968
1839
12
9
9
1707
1825
1239
839
942
1668
1719
1246


1602
1837
1298
1387
1969
1521
1091
993
1639


2156
1683
1673
2143
1837
1524
2074
2000


1499
1242
1562
2303
2119
2493
2719
2151
17
6
7
1760
2451
2634
2221
2519
2834
2397
235
8

2858
2499
2066
1907
2389
2875
2487
2409

2
845
2642
2256
2734
2706
2166
1809
1955
2
5
99
2432
2005
2384
2487
1962
2174
2607
2074


1619
1493
2143
2444
1939
2000
2444
2013


1785
2279
2071
1523
1231
1597
2229
1847
1592
2083
1958
1395
1833
2037
1457
1104
119
7

1946
2007
1526
1851
2099
1535
1624
2099

1
587
1119
976
1582
1671
1307
1836
1746
12
1
3
885
1226
1936
1744
1391
1854
1890
1344


1680
2032
1466
1045
1007
1754
1981
1511
1
6
80
2064
1568
1413
1989
1651
1136
903
140
8

2100
1709
1494
1925
1733
1239
1697
1830

1
231
875
978
1759
1758
1350
1747
1984
148
3

1605
2118
1680
1200
1103
1750
2218
1752

1
805
2320
1979
1679
2230
2137
1615
1334
1
6
43
2357
2128
1792
2259
2306
1779
2129
2450


1936
1602
1616
2846
2368
2403
2859
2439


2032
1905
2438
2817
2419
2422
2823
2448
20
9
0
2502
2429
1878
1535
1791
2458
2274
193
8

2399
2479
1919
2167
2491
1903
1485
1413

2
117
2357
1872
2019
2400
1917
1711
2219
19
2
5
1392
1135
1535
2162
1765
1567
2064
192
2

1455
1889
2043
1456
1085
1187
1925
1941

1
476
1821
2071
1520
1555
2041
1568
1084
9
1
2
1509
2009
1525
1510
2019
1641
1263
1808


1754
1202
1407
1883
1764
1272
1707
1907

1
330
963
1075
1829
1887
1402
1747
1985
1477


1575
2106
1655
1184
1018
1533
1975
1487


1445
1886
1535
1216
1744
1699
1187
886
122
1

1958
1776
1407
1886
1986
1422
1755
2135


1567
1182
1155
1863
2145
1682
1868
2275
1
8
30
1685
2267
1999
1520
1344
1827
2497
21
8
0
1986
2491
2373
1936
2368
2525
1991
1680


1825
2559
2586
2177
2559
2761
2270
2374
2
8
18
2352
2295
2259
2641
2217
1891
2383
22
2
9
1723
1493
1872
2559
2258
1942
2355
2338


1781
2127
2363
1763
1338
1328
2034
2161

1
657
1925
2243
1743
1675
2217
1797
1265
104
6

1591
2110
1650
1574
2062
1743
1325
1811


1812
1249
912
1163
1903
1766
1363
1806
19
0
1
1350
1617
1995
1436
1000
942
1676
2009


1535
1691
2096
1616
1415
1968
1758
1231
1
0
10
1441
2085
1702
1509
1989
1858
1371
180
7

1802
1630
1190
1622
1799
1232
1427
1873


1330
912
818
1506
1885
1411
1502
1983
156
6

1293
1846
1678
1159
915
1306
1999
1686
1
4
63
1943
1904
1382
1823
2082
1507
1200
1
2
77
2074
2187
1700
2032
2363
1902
1919
2464


2131
1725
1593
2158
2701
2279
2225
2703


2426
2057
2559
2559
2064
1776
2015
2689
25
3
5
2181
2615
2698
2193
2482
2826
2349
196
8

1927
2615
2823
2433
2601
2896
2545
2423

1
943
2448
1990
1757
2203
2034
1535
1965
2
0
75
1442
1100
1238
1975
1895
1447
1840
2043


1488
1614
2069
1535
1100
975
1633
2078
1
5
94
1631
2092
1703
1439
1963
1840
1311
104
3

1422
2117
1786
1456
1914
1845
1289
1654


1936
1328
935
945
1712
1901
1419
1683
203
5

1533
1436
2000
1619
1134
944
1458
2057

1
632
1515
2011
1801
1361
1824
1917
1326
969


1214
1967
1863
1462
1893
2019
1482
1683

2128
1829
1319
1460
1893
1452
1328
1914
16
6
7
1182
969
1453
2121
1742
1563
2062
1951


1464
1934
2157
1605
1296
1419
2193
2257
1
8
39
2208
2484
2009
2102
2608
2159
1714
16
3
2
2256
2709
2256
2299
2761
2416
2093
258
7

2512
1988
1743
2064
2736
2530
2256
2699

2
726
2230
2544
2821
2335
1999
1984
2687
2
8
37
2480
2699
2910
2551
2487
2917
2645
2205


1974
2386
2903
2559
2373
2797
2587
1117


1221
1927
1781
1354
1772
1915
1319
1533
19
8
8
1459
1072
939
1651
2029
1535
1646
2085


1665
1409
1920
1719
1149
907
1344
2029
16
8
0
1435
1909
1825
1321
1713
1903
1305
950


1023
1793
1839
1397
1779
2003
1481
1527
2
0
71
1600
1121
979
1577
2069
1581
1584
209
4

1754
1398
1917
1857
1296
989
1286
2013
1
8
03
1458
1918
1952
1350
1652
1968
1387
95
4

913
1675
1942
1464
1626
2032
1575
1427
1
9
98
2189
1713
1707
2210
1921
1626
2154
214
5

1627
1379
1681
2416
2269
1952
2421
2513


1971
2287
2646
2122
1746
1691
2375
2656
2
2
07
2374
2747
2288
2162
2690
2425
1955
1787


2231
2823
2483
2324
2788
2663
2224
2649


2770
2288
1954
2070
2770
2766
2387
2751

2
864
2465
2559
2915
2537
2128
2001
2503
282
6

2368
2327
2752
2363
2007
2459
2367
1844


1557
1863
2559
2343
1971
2352
2357
1804
1
1
07
1811
1847
1359
1711
1967
1433
1494
20
1
3
1520
1049
901
1473
1999
1507
1503
1987

1
635
1280
1803
1773
1216
919
1205
1929
17
4
1
1365
1822
1895
1348
1684
2041
1491
1088


1042
1780
2074
1579
1733
2129
1630
1469

2
003
1685
1147
965
1441
2118
1733
1535
2001


1849
1347
1770
1909
1298
881
990
1753
1
7
75
1305
1674
1936
1424
1513
1998
1474
1002


889
1488
1972
1462
1456
1939
1584
1259
1
8
42
2613
2265
1984
2429
2395
1907
2311
25
4
8
2022
1693
1777
2543
2666
2219
2512
2784

2
320
2314
2812
2419
1986
1842
2405
2846
2
4
59
2439
2893
2626
2317
2803
2774
2335
2022


2242
2865
2689
2368
2757
2779
2256
2510


2817
2294
1870
1748
2395
2638
2160
2234
26
2
1
2187
2013
2535
2332
1815
1557
1901
247
1

2074
1846
2293
2112
1604
2000
2192
1622

1
246
1312
2021
2033
1535
1855
2046
966
88
2

1605
1830
1342
1570
1972
1507
1423
1985

1
661
1165
966
1488
2086
1630
1520
1991
17
3
9
1285
1777
1867
1282
975
1207
1955
1845

1
424
1845
1982
1447
1702
2122
1584
1137
1
0
15
1684
2000
1466
1562
2003
1535
1314
186
1

1665
1136
912
1357
2028
1655
1433
1895

1
783
1262
1661
1830
1231
862
998
1801
1850


1397
1755
1997
1427
1511
2032
1584
1168

1
054
1694
2160
1683
1695
2188
1856
1527
20
7
8
2831
2470
2239
2685
2559
2096
2514
2700


2176
1847
1928
2690
2764
2379
2675
2866
2
4
62
2483
2913
2547
2127
1968
2481
2855
24
3
1
2395
2807
2463
2098
2559
2502
1940
1620


1826
2502
2340
2024
2479
2544
1974
2221
2521
1917
1455
1384
2068
2319
1813
1945
2331
1874
1671
2205
1909
1393
1142
1566
2197
1825
1619
2069
1922
1443
1875
2065
1483
1
1
07
1193
1943
1939
1459
1810
2071
1526
89
9

1520
1886
1390
1489
1963
1531
1299
1916

1
755
1233
957
1371
2062
1707
1475
1949
18
7
3
1359
1765
1987
1409
1018
1075
1803
1835


1373
1731
1968
1456
1529
2058
1616
1110

9
19
1447
1925
1452
1431
1904
1535
1190
17
4
4
1723
1163
880
1219
1957
1771
1433
1883

1
927
1373
1684
2064
1522
1163
1152
1886
2
1
75
1715
1913
2337
1882
1767
2337
2047
1600


1360
1821
2471
2147
2017
2535
2413
1945


2102
2784
2623
2265
2715
2778
2304
2521
28
5
0
2366
1959
1840
2441
2719
2224
2287
267
1

2219
1959
2447
2256
1771
1535
1971
2666

2
301
2055
2506
2337
1794
2141
2236
1643
1
2
64
1317
2025
2027
1535
1893
2167
1632
1694


2186
1686
1228
1095
1686
2191
1735
1727


2192
1823
1456
1968
1930
1357
1023
1297
19
9
2
1765
1422
1860
1888
1325
1631
1984
143
4

1010
919
1662
1925
1466
1649
1639
1091
8
6
3
1360
1976
1573
1457
1973
1779
1331
182
8

1924
1358
1015
1175
1895
1776
1367
1791

1
915
1326
1505
1897
1344
913
795
1457
183
5

1348
1446
1949
1559
1360
1919
1757
1231

9
77
1408
2107
1765
1523
2017
1933
1429
188
5

2127
1590
1234
1348
2115
2165
1738
2111


2407
1910
1990
2486
2066
1670
1557
2131
2
6
67
2244
2258
2759
2406
2095
2559
2471
1958
1680
1968
2670
2501
2191
2638
2165
1714


1659
2323
2396
1879
2186
2494
2054
2121

2
706
2287
1775
1594
2123
2534
2029
1947
2368
2023
1610
2086
2032
1442
1139
1377
2098
1917
1564
1989
2032
1434
1718
2035
1460
1
0
23
982
1725
2033
1570
1762
2195
1726
156
3

2112
1811
1284
1018
1423
2064
1657
1429

1
885
1781
1297
1749
1936
1360
995
1088
18
3
9
1857
1427
1764
2002
1456
1529
2034
1525


1070
921
1529
2002
1590
1599
2108
1110
8
5
0
1295
1968
1616
1430
1907
1742
1209
1674


1840
1226
878
945
1680
1687
1194
1567
186
7

1364
1478
2001
1563
1111
997
1607
2111

1
659
1690
2217
1905
1610
2163
2125
1612
132
2

1590
2341
2192
1872
2351
2425
1883
2189


2528
1974
1601
1600
2337
2559
2119
2335
2
7
23
2307
2196
2752
2464
2029
1826
2288
28
5
3
2493
2366
2814
2636
2194
2652
2763
2256


1926
2035
2768
2727
2379
2751
1939
1435

1
299
1907
2279
1791
1853
2271
1845
1591
209
7

1939
1394
1104
1450
2128
1776
1510
1963


1887
1315
1718
1978
1396
1023
1062
1833
1
9
55
1465
1740
2035
1525
1463
2005
1613
1103
940
1479
2019
1584
1509
2006
1758
1364

1
883
1925
1362
1054
1281
2013
1862
1485

1
878
1986
1441
1685
2090
1561
1136
1023
171
8

2012
1525
1635
2065
1619
1403
1978
1746


1223
975
1449
2128
1730
1535
1665
1075
794


1169
1903
1631
1341
1839
1856
1369
1753


2057
1483
1114
1119
1887
2081
1628
1902
22
5
8
1790
1738
2325
1993
1573
1424
1977
252
3

2107
2063
2553
2295
1936
2435
2490
1982

1
707
1971
2713
2559
2207
2646
2704
2210
2
4
69
2809
2283
1906
1831
2521
2790
2370
2518


2862
2493
2337
2826
2619
2165
1967
2400


2911
2613
2473
2875
2699
2305
2710
2791
22
8
5
1936
1998
2683
2635
2178
2064
1471
102
1

947
1684
2014
1556
1685
2131
1693
1473
2
0
02
1759
1227
969
1361
2075
1734
1475
196
5

1854
1335
1757
1942
1361
966
1062
1823


1841
1346
1678
1931
1389
1427
1939
1479
10
4
6
906
1511
1998
1527
1525
2034
1733
1395


1957
1903
1331
1007
1284
1992
1777
1431
1
9
15
1979
1426
1747
2103
1518
1105
1072
18
0
8
2102
1597
1714
2110
1589
1375
1903
1606
1109
887
1363
2046
1705
1535
1968
1415
1
1
13
1490
2219
1978
1731
2254
2253
1743
2151


2453
1872
1488
1498
2245
2399
1945
2242


2627
2180
2144
2719
2370
1926
1782
2338
28
2
9
2427
2401
2849
2555
2176
2641
2630
213
0

1847
2106
2793
2645
2329
2790
2829
2368

2
621
2895
2478
2112
2035
2670
2833
2417
25
4
9
2877
2463
2306
2783
2509
1983
1712
2096


2677
2304
2103
2527
2390
1936
2366
2509

1
904
1494
1535
2251
2221
1708
1957
1315
926
924
1671
1885
1392
1649
2064
1594
1491

2
067
1713
1185
961
1465
2053
1633
1491
1999


1771
1328
1796
1879
1280
930
1168
1919
1829
1413
1840
1961
1393
1607
2023
1483
1058
970
1642
2031
1561
1648
2103
1703
1457
2000
1840
1283
1011
1378
2038
1664
1417
1879
1802
1291
1715
1923
1349
970
1067
1849
1875
1392
1736
1970
1418
1488
1980
1470


979
855
1435
1910
1488
1530
2029
1714
1608


1936
2559
2263
2013
2495
2448
1968
2382


2649
2131
1789
1855
2595
2701
2256
2559
28
3
5
2366
2384
2864
2480
2062
1895
2416
286
2

2461
2416
2845
2559
2255
2738
2711
2206

1
938
2154
2823
2641
2285
2659
2693
2115
23
2
2
2676
2112
1702
1585
2236
2544
2115
2277
2729
2289
2032
2501
2219
1651
1371
1811

2
401
1998
1760
2228
2064
1535
2004
2137
15
3
5
1195
1261
1969
1985
1503
1987
1389
946


898
1648
1959
1482
1600
2043
1585
1396
193
3

1683
1200
944
1381
2060
1732
1514
1979


1855
1345
1775
1979
1854
1059
1131
1890
1
9
35
1462
1822
2059
1489
1532
2032
1535
1088
945
1535
2027
1568
1535
2064
1715
1355
1906
1876
1313
973
1242
1946
1765
1393
1855


1885
1290
1584
1951
1371
946
921
1667
1
9
36
1488
1680
2096
1646
1520
2098
1850
1392


1185
1654
2333
1981
1805
2315
2180
1787


1966
2659
2544
2169
2593
2724
2221
2455
28
3
5
2372
1995
1936
2559
2819
2405
2531
287
1

2473
2252
2749
2518
2035
1779
2144
2765

2
391
2145
2588
2464
1926
2306
2496
1950
1610
1717
2496
2480
2030
2326
2539
1983
20
1
0
2442
1919
1427
1247
1820
2266
1804
1771


2218
1835
1478
1994
1909
1369
1075
1361
2
0
64
1876
1503
1951
1984
1373
1667
2021
143
4

1008
992
1722
1983
1504
1675
1617
1088
8
7
9
1383
2005
1605
1495
2000
1799
1344
1799
1875
1293
938
1155
1935
1863
1446
1854
1980
1379
1535
1952
1417
976
893
1615
1987


1565
1643
2070
1641
1377
1897
1719
1149
8
5
8
1282
1959
1603
1345
1815
1751
1257
170
7

1919
1338
957
1067
1822
1878
1441
1809
2
0
65
1535
1649
2195
1750
1310
1182
1776
22
7
4
1819
1849
2322
2030
1728
2267
2241
1733


1479
1795
2547
2386
2071
2544
2601
2046

2
192
2833
2687
2331
2716
2797
2302
2480
281
2

2299
1854
1709
2329
2619
2111
2152
2559


2176
1962
2517
2352
1811
1488
1813
2419


2064
1807
2230
2163
1600
1950
2201
1625
12
3
2
1264
2015
2129
1641
1935
2255
1739
166
4

2160
1727
1217
1008
1523
2064
1646
1532

2
011
1758
1343
1814
1849
1264
939
1182
19
2
5
1795
1424
1843
1950
1392
1681
2067
1519


1105
1009
1702
2011
1535
1680
1600
1040
845
1371
2013
1645
1495
1973
1745
1310
1758


1827
1230
886
1105
1865
1753
1305
1721
1826
1222
1461
1918
1362
926
855
1535
1915
1443
1535
2017
1584
1362
1920
1729
1253

1
009
1431
2128
1809
1586
2096
2034
1567
201
1

2247
1676
1328
1457
2238
2290
1854
2241


2507
2012
2128
2612
2154
1726
1593
2174
2
6
66
2238
2281
2731
2395
2099
2631
2594
209
3

1845
2121
2811
2624
2335
2767
1985
1556

1
569
2288
2412
1968
2290
2598
2077
2021
2
4
68
2025
1495
1299
1814
2320
1849
1776
2288


1971
1566
2047
2064
1459
1110
1311
2023


1844
1435
1865
1953
1372
1630
2029
1474
10
8
1
1040
1758
2080
1613
1727
2161
1691
145
8

2000
1759
1232
965
1393
2094
1690
1472
1
9
54
1825
1316
1729
1888
1299
929
1008
179
1

1805
1349
1711
1957
1439
1484
2015
1558

1
104
995
1648
2149
1687
1696
2169
1088
77
5

1170
1839
1456
1222
1728
1600
1081
1511


1705
1136
811
960
1758
1844
1402
1777
2067
1575
1680
2231
1763
1264
1122
1722
2224


1769
1759
2247
1926
1643
2194
2188
1689
1
4
02
1736
2465
2304
2033
2534
2607
2079
236
5

2699
2169
1786
1729
2415
2634
2167
2351


2754
2338
2217
2762
2511
2074
1885
2323
2
8
80
2527
2358
2813
2645
2241
2677
2770
224
6

1920
2045
2800
2743
2366
2720
1851
1377


1253
1920
2323
1826
1867
2320
1882
1585
20
8
6
1890
1313
1021
1378
2064
1744
1466
191
8

1866
1347
1745
2038
1462
1062
1077
1831

1
936
1454
1743
2035
1515
1466
2015
1605
10
9
2
919
1444
2020
1587
1488
1953
1648
1207


1741
1767
1229
903
1139
1909
1761
1406
18
4
9
1968
1397
1653
2067
1511
1130
1018
171
4

2029
1525
1654
2062
1639
1439
1986
1766

1
222
960
1392
2073
1738
1503
1690
1121
84
7

1190
1931
1646
1393
1894
1878
1354
1718

2
058
1531
1169
1239
1985
2185
1689
1982
2
3
83
1936
1898
2470
2160
1722
1535
2064
2666


2272
2177
2627
2432
2040
2535
2622
2027


1709
1898
2606
2489
2144
2559
2730
2215
24
3
5
2816
2369
2012
1936
2591
2847
2480
262
6

2917
2617
2419
2894
2699
2294
2064
2465


2935
2688
2515
2886
2726
2269
2640
2737
2170
1782
1841
2493
2426
1909
2095
1511
1072
960
1609
1936
1417
1523
1984
1563
1328
1843
1634
1083
810
1269
2000
1649
1407
1910


1839
1316
1726
1913
1310
912
981
1765
1
8
45
1399
1769
2026
1523
1617
2160
1705
1237


1072
1648
2105
1633
1613
2058
1712
1339


1887
1828
1299
983
1274
2013
1818
1456
192
3

1971
1394
1663
2015
1455
1023
943
1635


1885
1392
1530
1939
1484
1363
1927
1637
11
4
8
939
1431
2103
1712
1478
1920
1614
1286


1535
2291
2148
1797
2265
2336
1795
2093
2
4
93
1999
1627
1600
2298
2559
2133
2329
27
2
1
2273
2138
2686
2399
1925
1695
2139
2783


2448
2294
2771
2650
2227
2691
2800
2323

2
018
2148
2821
2787
2417
2763
2859
2442
2
5
38
2911
2531
2125
1991
2522
2864
2494
2512


2886
2554
2249
2699
2546
1989
1670
1859


2527
2327
2030
2493
2509
1943
2190
2471
18
8
6
1447
1359
2087
2298
1806
1969
1535
105
7

893
1437
2002
1535
1451
1911
1622
1238
1
7
42
1776
1200
879
1120
1846
1710
1362
183
7

1953
1381
1627
2036
1493
1057
977
1691
2
0
15
1535
1671
2086
1668
1437
1983
1763
12
6
2
1043
1507
2175
1840
1655
2123
1951
1415


1837
2010
1454
1039
1103
1878
1914
1418

1
763
2000
1455
1510
2032
1517
1007
837
1397


1851
1360
1360
1829
1468
1135
1671
1651

1
126
861
1200
1943
1787
1429
2534
1936
1606


1747
2492
2502
2093
2459
2685
2202
2299


2768
2291
1906
1847
2435
2833
2437
2467
28
8
2
2559
2309
2831
2715
2254
1984
2278
288
5

2663
2385
2793
2736
2242
2559
2832
2315

1
937
1903
2559
2704
2233
2368
2686
2192
2
0
53
2559
2276
1812
1625
2094
2657
2179
1981


2416
2199
1732
2173
2319
1717
1347
1447


2165
2067
1611
1994
2162
1606
1718
2160
16
5
8
1215
1090
1726
2094
1337
1840
1535
104
5

806
1275
1955
1651
1464
1982
1886
1394


1830
2019
1432
1053
1133
1887
1904
1432
17
7
6
2067
1509
1567
2033
1555
1104
976
1589


2112
1652
1620
2069
1710
1359
1856
1792
12
1
6
912
1186
1925
1743
1395
1881
1923
1325


1592
1934
1351
944
896
1607
1869
1374
151
7

1936
1469
1326
1922
1666
1174
978
1451


2134
1787
1584
2073
1946
1477
1937
2135
15
1
8
1168
1292
2064
2112
1689
2834
2335
191
8

1840
2513
2793
2384
2480
2855
2451
2270

2
799
2597
2157
1929
2315
2855
2485
2295
2
7
33
2559
2119
2533
2671
2103
1755
1840
2544


2518
2042
2340
2602
2096
2192
2688
2196


1697
1490
2006
2439
1941
1925
2384
2037
1
6
97
2209
2151
1584
1247
1477
2164
1950
1588


2036
2073
1489
1723
2059
1456
1058
1015


1769
2059
1586
1780
2176
1712
1535
2096

1
760
1229
970
1390
1755
1244
1680
1841
1267


948
1117
1871
1807
1342
1729
1913
1342

1
474
2001
1474
1012
881
1520
1968
1501
1559


2063
1684
1392
1935
1813
1274
976
1316

2
031
1706
1375
1825
1797
1226
1603
1908
136
2

987
992
1749
1948
1455
1702
2067
1585

1
479
2028
1672
1168
957
1451
2076
1685
1584


2095
1913
1531
2079
2226
1698
1369
1591


2320
2239
1858
2288
2429
1901
2124
2553
20
3
8
1642
1577
2257
2651
2452
2867
2547
2078


1856
2267
2837
2470
2275
2719
2519
2043

2
444
2559
1989
1638
1718
2448
2455
2032
240
0

2593
2033
2085
2510
2006
1535
1407
2002


2482
2015
2007
2445
2054
1635
2083
1932
1
3
49
1008
1282
1973
1741
1403
1870
1901
13
4
4
1687
2037
1495
1091
1117
1860
2112
1616


1780
2127
1616
1421
1936
1601
1049
797
1
2
51
1915
1531
1415
1978
1872
1420
1895
20
2
9
1389
1014
1068
2021
1424
1687
2074
1498


1060
931
1615
1840
1299
1429
1843
1378
1
2
32
1843
1587
1103
870
1293
1953
1558
1361


1840
1696
1212
1648
1826
1209
832
919
16
8
0
1709
1251
1641
1935
1432
1535
2074
1658


1246
1198
1814
2320
1847
1835
2308
1939

1
615
2160
2167
1657
1366
1672
2434
2263
194
1

2426
2512
2023
2378
2734
2224
1846
1790


2446
2643
2212
2383
2761
2350
2254
2809
2
5
59
2150
1981
2425
2395
1825
2193
2335
18
2
3
1580
1813
2559
2514
2096
2430
2556
1961


2055
2463
1867
1387
1189
1776
2150
1628
1
6
35
2106
1735
1425
1931
1826
1282
1015
141
3

2119
1792
1535
2017
1914
1349
1695
1929


1313
914
963
1755
1957
1487
1817
2157
164
1

1616
2141
1737
1213
976
1453
1998
1535

1
431
1919
1645
1252
1772
1821
1293
987
1262


2000
1872
1495
1937
2047
1459
1663
2053


1472
995
887
1568
1933
1392
1840
1488
958


692
1115
1742
1355
1162
1671
1581
1153
1
6
67
1908
1331
990
1141
1915
1936
1473
1834


2099
1579
1627
2117
1643
1200
1091
1703

2
255
1856
1875
2399
2118
1821
2383
2347
187
1

1594
1891
2598
2385
2063
2507
2544
2021


2329
2650
2127
1771
1792
2523
2769
2384
2
6
02
2885
2499
2383
2851
2557
2109
1889
22
9
8
2858
2480
2330
2790
2670
2246
2703
2799


2310
1987
2115
2831
1739
1806
2226
1685

1
230
1094
1745
2159
1687
1747
2192
1835
153
0

2045
1886
1343
1037
1393
2064
1735
1426


1887
1853
1325
1717
1985
1413
1013
993
1
7
05
1817
1287
1579
1883
1410
1390
1973
1588


1104
899
1439
2007
1535
1456
1965
1685

1
310
1856
1936
1378
1050
1275
1999
1816
140
2

1811
1886
1321
1580
2012
1485
1094
1043


1751
2114
1635
1763
2165
1712
1472
1982
1
7
45
1216
941
1372
1773
1285
1717
1878
135
4

1057
1264
2002
2000
1600
1983
2176
1637

1
770
2253
1744
1296
1238
1938
2384
1970
2
0
77
2594
2256
2018
2521
2410
1855
1555
1891


2523
2272
2026
2512
2518
2064
2446
2697


2203
1865
1898
2633
2765
2358
2624
2862
24
2
6
2392
2859
2491
2035
1887
2427
2871
2515


2506
2917
2707
2412
2877
2835
2421
2138


2288
2858
2624
2233
2594
2608
2017
2256

2
624
2084
1687
1847
2102
1535
1429
1936
150
2

1040
883
1444
2032
1616
1520
1997
1665


1257
1729
1811
1242
880
1106
1808
1665
125
9

1702
1824
1281
1535
1977
1475
1088
1040


1760
2113
1656
1781
2197
1697
1457
1961
1
6
86
1149
881
1314
1987
1675
1519
2057
194
3

1466
1920
2115
1488
1155
1234
1949
1941

1
466
1773
1982
1415
1437
1906
1422
944
79
1

1418
1950
1493
1470
1977
1649
1328
1858

1
808
1204
882
2106
2083
1526
1915
2230
17
1
8
1394
1424
2199
2385
1903
2125
2453
1977


1934
2482
2198
1770
1648
2175
2778
2389
23
3
3
2806
2608
2218
2704
2736
2240
1901
206
2

2735
2559
2224
2665
2770
2327
2559
2895


2470
2138
2066
2690
2869
2490
2589
2891
2
5
10
2288
2788
2559
2108
1829
2207
2801
24
4
8
2221
2658
2544
2042
2454
2665
2165
1834


1871
2513
2420
1897
2183
2386
1861
1904

2
394
1942
1522
1523
2007
1616
1307
1815
171
8

1179
916
1293
2061
1839
1535
1971
1965


1410
1799
2089
1559
1172
1183
1904
2061
15
2
0
1735
2027
1487
1351
1891
1510
1040
861


1406
2038
1617
1494
1950
1717
1266
1776
1
8
68
1314
998
1221
1979
1858
1472
1918
205
9

1534
1729
2172
1591
1110
987
1681
2078
1
6
13
1693
2103
1616
1349
1879
1700
1103
80
4

1161
1805
1408
1167
1665
1632
1161
1619

1
860
1279
2039
2439
2558
2047
2252
2655
21
1
3
1710
1584
2251
2544
2097
2210
2666
2299


2123
2693
2512
2026
1821
2226
2833
2512

2
363
2832
2751
2361
2773
2864
2417
2087
21
6
1
2832
2790
2434
2774
2887
2525
2640
2928


2547
2128
1954
2433
2779
2306
2278
2718
2
3
67
2063
2509
2370
1762
1389
1591
2260
20
6
4
1712
2172
2224
1647
1935
2257
1638
1157


1102
1802
2026
1530
1700
2126
1680
1563

2
124
1904
1395
1318
1811
1535
1184
1751
178
5

1236
928
1231
1951
1797
1436
1919
2054


1556
1889
2294
1716
1287
1200
1860
2074
15
2
0
1685
2085
1616
1424
2012
1744
1248
100
1

1395
1993
1602
1376
1827
1691
1211
1677

1
852
1274
921
1023
1758
1753
1224
1598
18
9
9
1392
1459
2013
1574
1129
1007
1573
2064


1584
1561
2031
1680
1318
1891
1866
1348

1
076
1394
2136
1949
1580
1975
2015
1460
1
9
79
2688
2706
2332
2730
2869
2421
2461
2859


2416
1945
1757
2258
2709
2269
2207
2642


2315
2004
2519
2534
2128
1941
2291
2901
27
0
4
2366
2739
2722
2161
2383
2724
2154
1711


1615
2280
2559
2160
2358
2735
2255
2068
2
6
10
2298
1771
1505
1903
2498
2022
1749
21
7
4
2003
1446
1798
1922
1312
963
1040
1748

1
781
1360
1767
2063
1572
1663
2192
1665
1
1
54
981
1599
2119
1659
1614
2094
1782
875

1
201
1903
1585
1313
1797
1755
1221
1627
1
9
71
1429
1057
1105
1918
2111
1617
1895
2219


1680
1565
2023
1561
1035
800
1281
1842

1
428
1376
1865
1602
1199
1765
1879
1317
942


1168
1878
1696
1246
1633
1728
1203
1488


1893
1334
966
941
1678
2078
1650
1833
2318


1904
1702
2243
2069
1556
1326
1728
2347


1947
1706
2171
2026
1512
1963
2192
1635
1
3
61
1520
2275
2352
1957
2287
2499
1999
20
1
9
2615
2828
2459
2559
2877
2474
2272
2774


2518
1955
1633
2029
2598
2187
1970
2378

2
193
1744
2224
2463
2002
1757
1904
2647
262
1

2129
2384
2537
1964
1947
2402
1936
1509


1387
1965
2373
1867
1823
2259
1889
1510
2
0
11
1972
1405
1099
1317
1981
1777
1367
17
3
5
1749
1183
1507
1882
1330
875
850
1668
2
0
44
1623
1783
2181
1700
1507
2066
1783
12
4
3
989
1404
2070
1712
1522
2023
1915
1053

1
206
1967
1917
1498
1897
2004
1424
1611
2
0
69
1574
1125
1023
1695
2064
1615
1728
2207


1725
1391
1865
1676
1104
800
1133
1811
14
2
3
1116
1575
1498
1001
1464
1710
1114
762


933
1777
1863
1437
1776
2034
1600
1730

2
268
1840
1371
1242
1890
2416
2037
2127
263
0

2346
2082
2622
2559
2057
1730
1950
2595


2368
2042
2480
2523
1971
2302
2611
2035
1
6
80
1710
2416
2678
2237
2409
2791
2384
17
2
2
2131
2615
2133
2028
2510
2269
1904
2416


2397
1755
1375
1577
2277
2083
1632
2032

2
165
1635
1854
2233
1674
1243
1165
1870
222
3

1744
1840
2288
1863
1645
2165
1968
1429


1120
1521
2135
1714
1488
1975
1839
1302
1
7
37
1895
1167
945
1035
1773
1808
1295
160
9

1857
1341
1389
1860
1351
874
810
1459
19
6
5
1504
1483
2021
1808
1515
2065
1995
1442


1134
1398
2096
1854
1473
1914
1997
880
1
0
98
1869
1758
1307
1716
1860
1307
1494
190
4

1330
874
781
1455
1831
1407
1509
2023
16
5
0
1421
2017
1872
1339
1049
1409
2099
175
8

1431
1847
1781
1331
1777
2066
1507
1202

1
370
2173
2318
1869
2205
2531
2098
2112
2
6
63
2294
1881
1734
2254
2751
2320
2263
2737


2503
2173
2686
2705
2258
2026
2313
2903


2743
2446
2800
2774
2263
2479
2797
2273
18
7
2
1799
2489
2771
2368
2481
2830
2474
129
9

1691
2220
1781
1707
2183
1893
1471
1941

1
992
1390
993
1217
1986
1837
1398
1786
18
7
5
1280
1535
1950
1369
947
903
1691
2102
1
6
45
1725
2143
1737
1557
2086
1797
1211
96
2

1407
2103
1681
1410
1885
1806
1328
1765

1
952
1391
1051
1163
1909
1879
1423
1798
2
0
32
1474
1479
1937
1424
957
821
1427
1920

1
487
1520
2096
1836
1494
2035
2000
1424
1
1
04
1408
2092
1890
1458
1803
1859
1326
16
1
7
1627
1803
1293
1525
1923
1459
1469
2071


1739
1248
1052
1568
2219
1859
1771
2256

2
055
1641
2224
2364
1781
1431
1677
2487
241
1

1959
2317
2459
2010
2290
2684
2125
1754


1747
2464
2756
2349
2480
2835
2456
2266
27
9
8
2603
2071
1776
2122
2813
2544
2309
270
7

2655
2265
2707
2823
2373
2064
2192
2883

2
805
2433
2785
2870
2411
2417
2855
2439
1
9
71
1749
2263
2717
2251
2209
2635
1130
800


1264
1963
1571
1343
1862
1888
1467
1850

2
000
1451
1086
1159
1862
1841
1362
1683
189
7

1296
1361
1881
1413
957
821
1503
2087

1
629
1585
2077
1807
1474
1981
1882
1259
9
4
9
1246
1915
1667
1269
1758
1887
1347
1629


2010
1475
1107
1072
1754
1958
1502
1665

2
094
1631
1441
1999
1774
1309
1055
1445
208
5

1698
1487
1990
1833
1310
1753
1953
1408


1022
1074
1775
1792
1374
1758
1968
1274

1
209
1943
2225
1803
1989
2381
1901
1855
242
6

2090
1605
1407
1958
2559
2116
1995
2525


2367
1993
2473
2559
2031
1728
1970
2693
2
5
55
2187
2629
2754
2315
2502
2847
2403
20
3
3
1964
2591
2832
2461
2617
2927
2654
2490


2926
2758
2339
2089
2455
2925
2608
2395

2
812
2685
2164
2498
2643
2065
1685
1779
245
7

2433
1927
2242
2511
2047
2169
2672
2192


1773
1657
2175
2527
2013
1961
1531
949
69
7

1183
1826
1421
1271
1772
1603
1203
1725


1840
1275
951
1196
1937
1805
1378
1782
193
9

1391
1578
1973
1450
1088
1023
1725
2057


1601
1725
2210
1779
1535
2068
1872
1346

1
046
1431
2078
1664
1398
1888
1857
1341
1
6
94
1879
1287
969
1118
1856
1886
1393
1777


2032
1458
1458
1965
1510
1036
902
1521
2
0
03
1505
1455
1955
1622
1268
1797
1738
1213


927
1200
1890
1680
1336
1823
1930
1391

1
862
2559
2550
2075
2407
2646
2160
2237
269
9

2262
1851
1748
2341
2780
2390
2405
2843


2541
2288
2809
2726
2268
2000
2283
2893
2
6
89
2407
2811
2800
2304
2559
2817
2293
18
8
6
1790
2443
2683
2238
2434
2802
2369
2266


2790
2451
1945
1698
2101
2717
2383
2199
2
6
79
2487
1953
2301
2384
1753
1353
1450
217
3

2176
1712
2057
2266
1756
1813
2281
1794


1319
1177
1741
2140
1645
1604
1680
1015
75
7

1261
1872
1428
1299
1845
1701
1311
1797


1895
1332
1063
1313
2059
1906
1455
1902
2
0
33
1468
1627
2013
1488
1093
1040
1715
20
1
4
1513
1575
2021
1616
1355
1878
1710
1182


963
1335
1970
1600
1374
1877
1806
1291
1
7
30
1993
1409
981
1002
1700
1738
1262
1587


1872
1366
1421
1919
1456
1008
917
1572
2
0
97
1638
1638
2157
1808
1406
1916
1893
1335


1018
1277
2007
1935
1662
2128
2238
1872


1953
2699
2768
2371
2666
2865
2425
2425
28
5
7
2466
2031
1863
2375
2832
2416
2366
281
1

2535
2163
2607
2608
2061
1789
2062
2758

2
597
2222
2602
2673
2161
2347
2671
2101
1
6
55
1578
2223
2466
1913
1968
2371
1956
17
3
3
2251
2054
1516
1290
1718
2334
1947
1776


2291
2198
1697
2022
2164
1483
1121
1186

1
898
1891
1407
1728
1985
1501
1535
2029
153
5

1104
993
1601
2090
1626
2042
1803
1211


855
1198
1847
1497
1243
1744
1651
1088
152
8

1876
1367
1046
1203
1991
2096
1657
1971


2224
1712
1702
2159
1643
1133
971
1500
19
6
7
1471
1424
1942
1523
1095
1628
1619
105
8

710
963
1730
1653
1323
1783
1862
1334
16
9
5
2121
1616
1201
1123
1801
2123
1635
1767


2224
1768
1591
2160
1911
1427
1218
1663
2
3
20
1984
1808
2305
2231
1793
2261
2490
19
2
1
1565
1664
2395
2431
1985
2766
2207
1833


1745
2426
2758
2376
2544
2870
2448
2298

2
846
2632
2112
1775
2139
2699
2289
2006
240
9

2267
1811
2273
2425
1775
1385
1431
2182


2210
1734
2083
2343
1817
1895
2448
2006
1
5
68
1409
1965
2391
1887
1810
2234
1841
14
0
4
1827
1744
1149
795
986
1706
1589
1326
1
8
07
1889
1315
1584
2000
1472
1088
1077
18
0
2
2084
1575
1702
2100
1631
1455
2002
171
1

1169
889
1344
1998
1628
1868
1903
1318
9
6
0
1132
1872
1840
1449
1808
1910
1327
1510


1961
1418
963
868
1524
1897
1381
1451
1
8
93
1484
1232
1760
1602
1057
832
1245
1977


1737
1489
2029
2011
1440
1790
2029
1451

1
076
1111
1855
1975
1466
1735
2160
1713
171
2

2256
1877
1453
1359
1920
2507
2128
2080


2591
2352
1956
2439
2481
1967
1649
1874
2
5
59
2426
2071
2490
2612
2109
2368
2774
226
5

1882
1823
2479
2773
2381
2669
2148
1650


1439
2000
2515
2131
2145
2597
2251
1863
2
3
50
2302
1730
1406
1648
2342
2176
1794
2224


2300
1742
2012
2358
1716
1224
1151
1851


2069
1566
1684
2042
1616
1394
1929
1639
11
0
1
884
1340
2013
1658
1419
1902
1838
1362


1817
2005
1424
1049
1116
1854
1855
1366

1
711
1996
1426
1482
1998
1534
1091
982
16
1
6
2115
1645
1653
2158
1823
1451
1990
1937


1359
1020
1261
1933
1734
1661
1750
1136

7
61
939
1722
1624
1195
1666
1849
1338
1535


2018
1501
1092
996
1682
2029
1535
1584
19
9
1
1580
1327
1877
1721
1183
972
1462
2208


1952
1776
2317
2288
1803
2205
2416
1914
1
6
16
1701
2436
2443
2047
2365
2559
2107
218
9

2673
2249
1801
1669
2253
2704
2244
2283


2753
2406
2103
2625
2590
2100
1854
2130
28
5
7
2672
2363
2742
2725
2222
2529
2815
230
4

1931
1887
2539
2747
2333
2458
1961
1457

1
296
1907
2439
1985
1933
2394
2037
1587
2
0
17
1910
1309
962
1211
1899
1666
1262
1761


1883
1293
1564
1971
1451
1038
1009
1731

2
037
1573
1723
2096
1616
1441
1993
1691
112
0

881
1328
1968
1606
1394
1894
1789
1311


1758
1931
1318
948
1067
1809
1873
1428
179
1

2054
1569
1654
2182
1718
1216
1043
1639


2125
1650
1602
2064
1703
1296
1826
1783
1
2
11
919
1196
1955
1775
1398
1942
1278
897


1019
1803
1857
1385
1744
1993
1458
1535
2
1
06
1680
1276
1202
1853
2387
1961
1969
24
8
6
2203
1904
2445
2352
1822
1497
1791
2487


2311
2005
2439
2489
1965
2239
2583
2031

1
649
1701
2496
2731
2320
2523
2835
2437
2
3
46
2867
2592
2142
1961
2394
2898
2559
2431


2864
2723
2331
2749
2797
2263
1959
2074


2718
2619
2218
2591
2729
2181
2272
2705
21
8
1
1763
1655
2263
2597
1464
1974
1712
120
7

986
1456
2124
1743
1489
1927
1757
1251
1
6
64
1826
1232
867
983
1728
1759
1313
1697


1998
1489
1573
2097
1623
1117
944
1522
20
4
3
1606
1584
2067
1715
1361
1858
1791
1242


970
1264
1963
1762
1394
1822
1873
1309
1
5
98
1995
1441
1040
1003
1747
2031
1596
177
1

2193
1728
1569
2112
1793
1249
975
1360
1
9
81
1584
1359
1814
1707
1202
1648
1839
12
6
4
900
1089
1885
1882
1413
1761
1829
1351


1286
1977
2399
1978
2037
2509
2115
1866
2
4
06
2283
1768
1517
1873
2559
2288
2061
25
2
8
2533
2054
2452
2714
2179
1823
1879
2611


2693
2274
2538
2801
2347
2354
2845
2476

2
061
1931
2448
2896
2559
2559
2927
2707
238
7

2846
2801
2323
2014
2206
2845
2672
2298


2671
2679
2133
2336
2672
2061
1582
1456
2
1
60
2472
2039
2175
2658
2209
1965
2466
22
2
9
1707
1462
1858
2462
1333
1776
1742
1136


835
1104
1819
1643
1227
1684
1797
1248
14
9
9
1925
1360
960
901
1600
1927
1488
1664


