0

2960
2961
0
0
884

2
828
2131
2959
1788
0
0
2267
2957
1056
0

0

1743
822
1629
2388
0
0
0
2958
2915
0


0
924
1713
1371
2943
573
0
0
2960
2960
0


0
0
1765
418
1535
1393
0
0
378
2955
2
3
59
0
0
1968
2397
2790
2957
681
0
0
2956


2954
544
0
2951
2960
2959
2959
2961
1750


898
2957
2958
2958
1401
2960
2960
2944
29
5
4
2955
2960
2938
2953
2954
2955
2959
296
1

2951
2962
2963
2963
2949
2960
2953
2957
2954
2964
2939
2955
2960
2978
2955
2960
2
9
58
2950
2958
2958
2960
2951
2960
2960
2959


2960
2956
2960
2960
2958
2960
2944
2930


2962
2960
2963
2960
2955
2954
2949
2962
2958
2961
1875
2956
1893
0
0
1934
2959
1559
0
0
1813
1200
1729
2512
0
0
0
2958
2945
0
0
720
1902
1218
2816
526
0
0
2959
2963
0
0
0
2207
1167
2071
2272
0
0
136


2957
2762
0
0
1207
1717
1259
2640
0
0
0


2953
2949
0
0
0
2110
1138
2453
2102
0

0

1279
2960
2461
0
0
2871
2911
2960
2957

5
7
0
0
2954
2951
0
0
0
430
0
1234
0
0


0
2171
2954
560
0
0
2797
2239
2949
2959


0
0
1378
2960
2955
0
0
2956
2951
2960

2
960
2958
2193
2931
2961
2959
2957
2945
296
0

2960
2959
2958
2960
2957
2951
2960
2953


2954
2951
2954
2949
2960
2963
2960
2951
29
5
7
2965
2953
2961
2962
2963
2962
2956
296
0

2959
2960
2954
2957
2963
2960
2958
2957

2
958
2955
2960
2960
2951
2959
2960
2957
2
9
60
2957
2661
2961
283
0
0
2951
2957
0
0


129
2160
1039
2346
1424
0
0
1355
2959
1
3
66
0
0
1329
819
1242
2266
0
0
0
2958
29
5
6
0
0
826
2413
1662
2967
1266
0
0
2930


2953
796
0
0
2636
1796
2672
2819
0
0
22
6

2959
2885
0
0
942
1366
663
2064
0
0

0

2947
2951
0
0
0
1561
510
1785
1648
0
0


963
2960
2687
0
0
2935
2447
2185
2739

0

0
0
2959
2955
0
0
7
1597
981
2743
16
8
0
0
0
2959
2953
2281
0
159
2957
2960
2951


2955
1782
0
2943
2962
2951
1248
1119
29
4
6
2954
2951
2957
2949
2895
2956
2960
2960


2960
2957
2945
2960
2960
2957
2951
2951

2
958
2955
2960
2955
2957
2954
2954
2956
295
5

2957
2960
2960
2957
2950
2959
2954
2960


2954
2950
2959
2957
2949
2966
2960
2960
2
9
59
2965
2958
2957
0
0
2500
2960
2693
0


0
2597
2346
2542
2938
0
0
0
2954
2959
0


0
621
2000
1083
2538
633
0
0
2447
2957


198
0
0
1826
928
1867
2275
0
0
27
2960

2
835
0
0
1323
1936
1415
2800
0
0
0
2952


2946
0
0
0
2559
1605
2673
2146
0
0
699


2960
1904
0
0
929
729
871
2096
0
0
0
2
9
56
2959
0
0
228
1940
1152
2704
1664
0

0

2954
2959
1860
0
0
1997
966
1367
1856
0


0
0
2959
2912
0
0
1345
2704
2432
2958


1440
0
0
2960
2954
1612
0
2047
2960
296
5

2958
2956
2217
452
2951
2955
2958
1661
2
9
55
2957
2950
2959
2957
2959
2955
2957
29
5
9
2960
2959
2960
2960
2960
2954
2947
2960


2960
2959
2955
2959
2957
2957
2944
2960

2
955
2927
2960
2958
2959
2961
2959
2955
296
0

2958
2953
2955
2960
2960
2955
2954
2951


2960
2959
2957
2957
2429
0
0
2877
2957
1
7
51
0
0
2774
2013
2537
2821
0
0
0
2960
2
9
29
0
0
834
1718
1009
2467
0
0
0
2945

2
954
0
0
0
2105
1170
2240
2266
0
0
531
2
9
60
2583
0
0
1573
1907
1757
2864
0
0
0


2959
2960
0
0
326
2531
1457
2595
1531
0

0

1415
2955
1418
0
0
1300
830
1219
2161


0
0
0
2958
2953
0
0
798
2807
2660
2956

1
472
0
0
2295
2959
0
0
0
752
0
827
149
3

0
0
0
2954
2934
0
0
2597
2954
2959
2
9
59
2064
0
0
2947
2923
2077
0
2960
2960
2
9
60
2951
2958
2923
2609
2951
2948
2959
24
1
6
2958
2957
2954
2959
2960
2955
2960
2950


2958
2954
2960
2957
2955
2960
2958
2960

2
960
2957
2957
2957
2953
2958
2957
2956
295
9

2951
2946
2957
2958
2958
2948
2957
2959


2960
2959
2959
2957
2965
2958
2956
2949
0


1269
2959
2641
2958
2215
0
0
2194
2960


1893
0
0
2224
1683
2149
2690
0
0
0
2960


2935
0
0
530
1521
779
2339
78
0
0
2944


2965
0
0
0
2241
1367
2306
2466
0
0
240


2956
2778
0
0
1360
2005
1696
2934
0
0
0


2953
2947
0
0
0
1923
784
1904
1458
0
0


847
2955
1961
0
0
1331
1072
1373
2411
0


0
0
2958
2957
0
0
1630
2848
1759
2704
3
3
8
0
0
1859
2960
0
0
0
1472
751
1965
2
6
75
0
0
566
2960
2960
0
0
2961
2959
2954


2953
2796
0
847
2991
2979
2789
0
2949
2
9
57
2956
2966
2950
2946
2951
2957
2951
2959


2896
2960
2956
2956
2960
2956
2960
2963


2960
2953
2955
2957
2960
2953
2958
2958
29
6
0
2959
2959
2960
2960
2960
2960
2961
295
3

2960
2959
2953
2960
2956
2960
2957
2960

2
965
2959
2953
2962
2960
0
2949
2963
0
0


1358
2877
2196
2957
1357
0
0
2948
2951
6
0
8
0
0
2178
1231
1990
2259
0
0
0
2956

2
749
0
0
859
1528
1140
2583
0
0
0
2958


2953
0
0
0
2251
1257
2368
2106
0
0
995

2
959
2359
0
0
1948
2032
2223
2902
0
0
0


2959
2956
0
0
42
1438
549
2015
624
0
0

1
922
2960
752
0
0
1682
1090
1905
2746
0


0
371
2958
2958
0
0
607
1127
249
1685
0


0
0
2926
2947
0
0
0
2837
2242
2953
292
6

0
0
2143
2960
2960
0
0
2959
2960
2958

2
961
2949
592
2943
2963
2955
2927
1708
29
5
1
2960
2960
2960
2953
2950
2951
2939
2951


2950
2954
2957
2950
2953
2960
2957
2959

2
947
2958
2959
2955
2954
2956
2954
2957
295
4

2959
2955
2957
2951
2957
2960
2960
2955


2956
2954
2955
2960
2955
2960
2953
2951
2
9
55
2960
2929
2961
57
0
0
2955
2955
0
0


1035
2706
1878
2949
1142
0
0
2800
2956


511
0
0
1967
1060
1887
2193
0
0
0
2961
2
7
90
0
0
1101
1874
1488
2853
0
0
0
2947


2958
0
0
0
2357
1409
2589
2171
0
0
121
1

2960
2439
0
0
1962
1923
1935
2738
0
0

0

2960
2956
0
0
114
1584
704
2162
683
0


0
1950
2958
853
0
0
2465
2456
2951
2905


0
0
0
2954
2653
0
0
0
211
0
1535
0
0


0
2955
2960
157
0
221
2954
2949
2960
295
9

0
0
2959
2960
2946
0
682
2959
2960
296
0

2964
2960
2298
2959
2958
2958
2954
2942


2970
2960
2961
2960
2959
2960
2954
2949
2
9
62
2960
2956
2950
2959
2960
2959
2959
2957


2960
2959
2955
2952
2962
2960
2954
2959


2954
2957
2957
2955
2949
2960
2954
2960
2
9
60
2953
2961
2958
2955
2960
2957
2958
2955


2955
2833
2960
2950
0
0
0
2954
2960
0


0
487
2478
1584
2815
1446
0
0
1918
2960


1168
0
0
1733
911
1640
2196
0
0
0
2955


2922
0
0
1007
2012
1468
2864
192
0
0
2
9
58
2960
0
0
0
2358
1486
2599
2496
0
0
7
3
1
2955
2610
0
0
1140
1243
1086
2297
0

0

0
2954
2953
0
0
0
1711
785
2160
1354
0


0
1734
2960
2393
0
0
2847
2143
2006
23
6
7
0
0
0
2954
2907
0
0
112
1371
843
2645


1089
0
0
2958
2955
1776
0
541
2960
295
9

2955
2959
1584
0
2960
2960
2960
1046
140
3

2964
2960
2962
2954
2962
2938
2955
2945


2969
2951
2960
2960
2957
2948
2960
2960
2
9
49
2956
2955
2958
2961
2960
2954
2954
29
5
8
2955
2957
2954
2959
2950
2960
2957
2955


2960
2960
2959
2961
2957
2954
2958
2959
2
9
52
2951
2955
2955
2949
0
0
2614
2959
267
0

0
0
2594
2384
2610
2942
0
0
0
2960
29
5
8
0
0
580
1995
1155
2599
632
0
0
2407
2
9
49
216
0
0
1767
975
1866
2250
0
0
0
2
9
59
2849
0
0
1189
1869
1441
2827
0
0
0
2
9
55
2954
0
0
0
2646
1751
2831
2241
0
0


770
2950
2006
0
0
1007
847
995
2205
0
0


0
2949
2953
0
0
222
2041
1286
2799
1845


0
0
2958
2958
1722
0
0
1618
511
971
153
5

0
0
0
2960
2915
0
0
1397
2751
2542
2
9
55
1578
0
0
2953
2955
1808
0
2057
2960
2
9
59
2957
2950
2381
640
2955
2958
2953
183
9

2955
2957
2959
2953
2959
2950
2955
2951

2
958
2955
2956
2953
2960
2954
2953
2955
2
9
56
2958
2960
2959
2955
2958
2958
2950
29
5
5
2956
2960
2955
2957
2951
2977
2960
2951


2953
2959
2959
2960
2959
2953
2958
2960

0

1954
2950
2949
2960
2684
0
0
2351
2959

2
234
0
0
2354
2127
2401
2889
0
0
0
2961


2956
0
0
554
1968
1083
2463
496
0
0
254
6

2960
305
0
0
2175
1387
2227
2518
0
0

8
0
2960
2850
0
0
1324
2065
1587
2862
0
0


0
2965
2957
0
0
0
2347
1279
2218
1678

0

0
657
2959
1921
0
0
1011
899
1063
2181


0
0
0
2958
2960
0
0
698
2930
2832
2960


1900
0
0
1971
2950
236
0
0
810
0
846
1
7
42
0
0
0
2960
2960
0
0
2559
2960
2960


2960
2423
0
0
2957
2960
2449
0
2957
2962


2959
2951
2954
2951
2700
2960
2959
2957

2
533
2959
2960
2945
2971
2959
2958
2958
296
2

2962
2950
2957
2957
2960
2952
2953
2957


2959
2955
2959
2960
2953
2960
2960
2958


2955
2960
2961
2959
2962
2957
2957
2959
29
5
7
2976
2953
2959
2957
2947
2959
2957
0
0


2208
2944
2608
2959
1072
0
0
2960
2959


45
0
0
2480
1535
2342
2320
0
0
225
2960


2559
0
0
909
1350
937
2255
0
0
0
2951


2955
0
0
0
2275
1331
2499
1883
0
0
1293


2958
2071
0
0
1791
1680
1982
2848
0
0

0

2960
2957
0
0
469
1773
783
2188
301
0

0

2395
2962
176
0
0
1777
847
1728
2128
0


0
71
2951
2959
0
0
2039
2473
1584
2441


0
0
0
2955
2958
0
0
0
1701
975
2419
23
1
1
0
0
1909
2947
2925
0
0
2957
2963
2963


2954
2465
0
1982
2959
2957
2305
331
2960


2960
2958
2954
2959
2958
2960
2960
2960
2
9
62
2944
2952
2950
2963
2976
2959
2959
296
0

2957
2960
2955
2955
2962
2955
2960
2957


2957
2954
2959
2961
2990
2955
2960
2956


2960
2959
2945
2963
2955
2955
2955
2951
29
5
7
2960
2957
2959
2960
0
193
2963
2958
0


0
1591
2810
2141
2953
838
0
0
2960
2961


0
0
0
2221
1053
2090
2153
0
0
147
2958
2604
0
0
1041
1616
1315
2670
0
0
0
2961
2961
0
0
0
2351
1404
2608
2002
0
0
139
2

2958
2186
0
0
2128
2085
2341
2898
0
0


0
2959
2960
0
0
288
1529
686
2197
281
0


0
2351
2960
122
0
0
1859
1015
1983
2737


0
0
618
2956
2878
0
0
525
708
67
1447


0
0
0
2962
2959
0
0
0
2896
2357
2947
2
8
79
0
0
2871
2953
2960
0
282
2960
2959
2
9
61
2958
2945
730
2957
2951
2958
2871
2415


2960
2955
2958
2954
2958
2955
2960
2955

2
961
2956
2954
2951
2962
2960
2957
2957
295
7

2958
2957
2960
2955
2958
2951
2960
2953


2961
2951
2960
2959
2960
2959
2960
2957
2
9
58
2958
2951
2960
2978
2957
2955
2960
29
5
9
2958
2943
2957
2947
0
0
270
2958
2954

0

0
1724
2479
1965
2948
32
0
0
2958
295
3

0
0
0
2001
967
2110
1686
0
0
861
2959


2142
0
0
1623
1641
1776
2791
0
0
0
2951
2954
0
0
464
2304
1443
2799
1358
0
0
2493
2960
1328
0
0
2115
1310
1775
2192
0


0
0
2949
2853
0
0
576
1386
769
2272
0


0
0
2960
2961
0
0
0
2954
2799
2958
2781


0
0
327
2957
2136
0
0
371
374
387
1926


0
0
0
2958
2960
0
0
1125
2960
2960
2960


2947
0
0
2955
2950
2958
0
1701
2926
29
6
0
2958
2959
2951
2416
2955
2947
2967
2955


2957
2957
2960
2958
2960
2959
2960
2959

2
960
2959
2958
2949
2955
2949
2959
2958
295
6

2955
2958
2951
2956
2958
2959
2953
2956


2960
2960
2960
2957
2953
2957
2949
2960
2
9
45
2951
2960
2948
2960
2958
2961
2960
0

1
25
2960
2619
2959
2834
0
0
531
2956
2867


0
0
1535
2192
1743
2877
0
0
0
2935
2960
0
0
0
1881
851
2041
1671
0
0
1070
2951


2197
0
0
1797
1702
1982
2837
0
0
0
2960
2959
0
0


722
2355
1616
2946
1200
0
0
2951
2960
952
0
0
2946


2
294
2946
2869
0
0


157
2952
2831
0
0
790
1322
775
2161
0


0
0
2953
2955
0
0
0
487
0
235
0
0
0


0
2953
1529
0
0
790
1087
1471
2896
0
0

0

2963
2958
0
0
2494
2954
2955
2957
2958


848
0
2960
2959
2957
371
2959
2961
2960

2
954
2960
2960
2958
2958
2955
2959
2960
2
9
60
2951
2959
2958
2954
2960
2958
2959
2960


2955
2957
2960
2956
2957
2949
2957
2955

2
959
2957
2955
2955
2954
2958
2958
2960
2
9
60
2953
2956
2945
2954
2956
2958
2946
2960


2960
2960
2951
2945
2955
2956
2979
2956


2957
2953
2448
2950
2794
0
0
863
2957
280
6

0
0
1872
2210
2011
2899
0
0
0
2960
2
9
55
0
0
90
2256
1409
2696
1802
0
0
1921

2
955
1890
0
0
2099
1803
2183
2875
0
0
0


2960
2949
0
0
979
2632
1920
2960
1296

0

0
2959
2958
1042
0
0
2956
2399
2947
277
3

0
0
0
2951
2724
0
0
694
1231
911
262
0

0
0
0
2595
2952
0
0
0
0
0
0
0
0
0

1
35
2960
2141
0
0
1935
2506
2881
2957
73
6

0
0
2955
2940
709
0
2933
2960
2955
2955


2960
2131
1661
2954
2951
2959
1711
2960
2
9
62
2955
2957
2961
2960
2951
2946
2960
29
5
8
2955
2959
2955
2960
2957
2957
2951
2960


2951
2960
2961
2961
2959
2951
2957
2957

2
960
2956
2948
2953
2959
2963
2945
2951
295
5

2960
2949
2961
2954
2950
2960
2955
2955


2954
2960
2951
2959
0
0
2959
2960
0
0
3
6
7
2917
2031
2954
2242
0
0
1486
2960
213
3

0
0
1702
1467
1694
2640
0
0
0
2951
295
7

0
0
592
2141
1423
2892
1050
0
0
2833


2958
604
0
0
2367
1504
2303
2640
0
0
1
0
7
2962
2923
0
0
1699
2586
2255
2957
494

0

0
2958
2957
0
0
0
2046
898
1968
1599
0


0
677
2954
2102
0
0
1879
1687
1349
193
7

0
0
0
2959
2887
0
0
0
87
0
1247
256


0
0
2386
2961
1822
0
0
2954
2959
2957
2
9
59
1104
0
2117
2956
2960
496
349
2958
29
6
0
2960
2959
2958
2666
2960
2960
2963
2960


2944
2954
2953
2951
2954
2960
2950
2957

2
959
2951
2954
2960
2955
2957
2953
2960
296
0

2958
2960
2955
2953
2960
2959
2945
2954


2950
2948
2960
2959
2958
2960
2957
2950
2
9
60
2957
2959
2958
2955
2970
2959
2960
0


0
2818
2823
2890
2960
146
0
0
2955
2960

0

0
375
2634
1734
2928
1924
0
0
1661
29
5
4
1741
0
0
1589
1225
1705
2670
0
0
0
29
6
2
2950
0
0
732
2249
1530
2945
1043
0
0


2885
2961
623
0
0
2375
1593
2559
2787
0


0
161
2950
2942
0
0
1735
2498
2030
2949


109
0
0
2955
2959
0
0
0
1535
496
1808

1
610
0
0
859
2954
2485
0
0
789
197
141


1161
0
0
0
2955
2950
0
0
0
1535
1039

2
894
1952
0
0
2960
2953
2559
0
457
2958
2
9
60
2978
2960
2149
0
2957
2960
2955
1817


1851
2959
2962
2957
2955
2957
2953
2955
29
5
0
2954
2957
2951
2947
2955
2960
2954
295
8

2957
2952
2958
2955
2959
2959
2951
2960

2
955
2958
2951
2951
2954
2954
2960
2960
29
5
5
2953
2959
2958
2949
2958
2962
2953
2966


2953
2951
2951
2955
2957
0
0
2367
2954

2
747
0
0
2590
2428
2759
2948
0
0
0
2957

2
959
0
0
638
2096
1250
2766
887
0
0
237
8

2943
410
0
0
1888
1042
2064
2590
0
0
0


2955
2907
0
0
1245
1919
1589
2943
91
0


0
2954
2954
0
0
0
2599
1596
2625
2080
0


0
450
2964
1899
0
0
765
590
912
2291

0

0
0
2958
2955
0
0
235
2059
1334
2916
1
9
95
0
0
2953
2960
1976
0
0
1847
830
144
5

1999
0
0
0
2959
2943
0
0
1483
2821
2
6
98
2959
1811
0
0
2957
2957
1954
0
2146
2
9
59
2960
2959
2958
2513
879
2958
2959
2957


1930
2956
2957
2961
2956
2960
2965
2960


2957
2955
2959
2961
2955
2959
2959
2956
29
5
8
2958
2846
2958
2960
2956
2951
2964
296
0

2960
2953
2978
2955
2954
2973
2959
2951

2
956
2949
2954
2960
2954
2955
2958
2955
8
5
1
0
1818
2951
2947
2961
2559
0
0
2191
29
6
1
2104
0
0
2167
1858
2203
2845
0
0
0
2
9
51
2960
0
0
363
1633
768
2317
451
0
0

2
343
2951
362
0
0
1922
1084
2065
2498
0

0

0
2958
2864
0
0
1139
1826
1438
2877
0

0

0
2955
2955
0
0
0
2271
1187
2231
1785


0
0
670
2954
2096
0
0
1185
1037
1218
23
9
8
0
0
0
2956
2947
0
0
927
2954
2864
29
6
0
1804
0
0
1599
2957
352
0
0
774
0
86
2

1840
0
0
0
2960
2962
0
0
2557
2957
296
0

2957
2526
0
0
2953
2958
2594
0
2956
2
9
60
2961
2955
2960
2958
2842
2960
2959
29
6
0
2688
2955
2959
2960
2954
2959
2958
2953


2949
2946
2954
2953
2959
2957
2957
2973

2
957
2957
2959
2957
2960
2959
2960
2956
296
0

2956
2955
2949
2960
2951
2955
2958
2960


2954
2955
2960
2960
2957
335
2958
2955
0


0
1803
2954
2661
2960
1592
0
0
2958
2951


905
0
0
2627
1782
2515
2636
0
0
0
2957


2794
0
0
879
1498
1023
2432
0
0
0
2953


2959
0
0
0
2317
1395
2495
2090
0
0
973


2960
2386
0
0
1811
1871
2135
2913
0
0

0

2954
2960
0
0
431
2169
1232
2519
902
0


0
2091
2958
719
0
0
1665
924
1623
2257


0
0
0
2960
2957
0
0
1035
1654
632
1744

0

0
0
2421
2954
0
0
0
1782
1129
2416
2
5
86
0
0
1419
2954
2957
0
0
2962
2960
2956


2961
2750
0
1767
2960
2951
2696
463
296
0

2952
2951
2959
2958
2957
2960
2955
2955

2
958
2941
2951
2953
2955
2956
2958
2962
2
9
46
2961
2957
2960
2957
2957
2959
2959
2955


2957
2951
2942
2953
2958
2950
2960
2960


2953
2961
2958
2968
2955
2958
2957
2963
29
6
0
2957
2959
2960
0
0
505
2963
2950
0
0


1872
2755
2291
2947
330
0
0
2962
2960
0


0
0
2201
1202
2160
1776
0
0
628
2951
2
1
81
0
0
1238
1451
1456
2551
0
0
0
2960


2960
0
0
246
2278
1373
2660
1585
0
0
198
4

2960
1697
0
0
2370
2027
2495
2783
0
0


0
2954
2925
0
0
439
1443
703
2151
0
0

0

2855
2953
0
0
0
2123
1335
2375
2787
0


0
795
2956
2778
0
0
527
719
111
1392
0


0
0
2954
2955
0
0
116
2951
2643
2941
28
7
5
0
0
2953
2957
2954
0
416
2959
2960
29
5
8
2960
2947
1114
2955
2960
2954
2895
2559


2955
2953
2951
2957
2960
2970
2949
2957
2
9
61
2955
2958
2957
2955
2960
2950
2946
29
6
0
2959
2953
2956
2960
2954
2963
2946
2957


2957
2957
2951
2957
2951
2960
2955
2967

2
955
2953
2955
2942
2959
2961
2960
2956
296
0

2960
2950
2953
2957
0
0
350
2947
2944


0
0
1665
2615
2035
2939
113
0
0
2958
295
9

0
0
0
2093
1071
2000
1683
0
0
621
29
5
5
2352
0
0
1498
1728
1677
2687
0
0
0

2
959
2956
0
0
286
2377
1474
2654
1519
0
0


2191
2954
1700
0
0
2059
1471
1771
2155


0
0
0
2955
2899
0
0
531
1573
816
2156
0


0
0
2949
2950
0
0
0
2956
2799
2960
26
7
3
0
0
0
2955
2197
0
0
175
427
197
1758


0
0
0
2957
2910
0
0
813
2960
2959
2959


2955
0
0
2959
2949
2959
0
1629
2949
2954


2947
2958
2950
2588
2959
2955
2960
2947

2
948
2955
2955
2958
2956
2949
2951
2959
29
6
3
2951
2960
2959
2954
2957
2955
2951
2957


2960
2960
2950
2960
2957
2960
2955
2954

2
951
2949
2949
2955
2953
2958
2960
2960
294
7

2956
2959
2954
2957
2973
2960
2952
2955


0
2958
2631
2951
2881
0
0
74
2951
2929

0

0
1333
2302
1648
2713
0
0
0
2960
2950


0
0
0
1941
957
1897
1635
0
0
816
2954

2
351
0
0
1664
1989
1860
2672
0
0
0
2958


2960
0
0
343
2481
1639
2787
1535
0
0
2
2
39
2947
1267
0
0
1638
1063
1392
1872
0


0
0
2958
2903
0
0
573
1779
1055
2407
103


0
0
2955
2959
969
0
0
2802
1517
1761

1
330
0
0
0
2955
2229
0
0
958
1817
1675
2
9
18
128
0
0
2951
2958
272
0
2003
2947
29
5
8
2933
2953
990
0
2959
2961
2949
382
295
5

2959
2948
2942
2959
2960
2960
2960
2957


2958
2960
2949
2961
2951
2955
2959
2958
29
5
5
2960
2959
2934
2957
2953
2957
2954
295
9

2944
2954
2950
2958
2953
2960
2951
2951

2
961
2940
2957
2962
2954
2951
2957
2958
2
9
53
2958
2959
2954
2669
0
0
2953
2960
1892


0
0
2951
2351
2795
2743
0
0
0
2955
2
9
25
0
0
1055
2115
1360
2448
0
0
0
2954
29
4
9
0
0
0
2154
1205
1982
1830
0
0
575
2
9
55
2534
0
0
1535
1944
1703
2608
0
0
0
2
9
55
2959
0
0
306
2761
1856
2687
1424
0

0

1472
2950
1225
0
0
1281
983
1174
1838
0


0
0
2957
2947
0
0
607
2256
1510
2939

1
633
0
0
2960
2955
348
0
0
1375
256
752

8
82
0
0
0
2954
2795
0
0
1917
2899
2927


2960
1265
0
0
2955
2958
1354
0
2928
2950


2958
2961
2950
2450
1566
2957
2952
2942

1
787
2960
2955
2947
2959
2959
2960
2958
295
3

2955
2960
2962
2953
2954
2959
2962
2951


2960
2973
2955
2955
2960
2961
2957
2955
2
9
54
2959
2962
2956
2957
2957
2951
2951
29
6
0
2960
2955
2957
2959
2951
2954
2951
0

0

2941
2958
2959
2953
1407
0
0
2960
2955

1
45
0
0
2892
2000
2551
2298
0
0
452
295
6

2558
0
0
1172
1722
1204
2146
0
0
0
295
3

2959
0
0
0
2323
1403
2325
1586
0
0
15
1
8
2957
1921
0
0
1909
1886
1968
2634
0
0


0
2951
2951
0
0
848
2461
1424
2359
123


0
0
2559
2950
0
0
0
1776
889
1461
1573

0

0
9
2954
2750
0
0
2192
2947
2843
2939


0
0
0
2960
2960
0
0
0
915
0
1088
931

0

0
1345
2957
2642
0
0
2955
2953
2973
2
9
60
1663
0
1199
2954
2958
1259
0
2959
2954


2949
2955
2960
2892
2958
2961
2960
2955


2538
2957
2954
2943
2960
2956
2958
2951
29
5
4
2958
2957
2958
2957
2959
2954
2954
295
3

2958
2959
2951
2949
2961
2957
2958
2955


2960
2955
2957
2960
2960
2959
2959
2947
2
9
58
2962
2959
2958
2950
2951
2956
2944
0


0
2917
2881
2896
2946
0
0
0
2957
2958
0


0
332
2629
1600
2395
1168
0
0
1766
2955


1278
0
0
1723
1215
1555
2047
0
0
0
2960


2942
0
0
1040
2461
1687
2712
176
0
0
2
9
60
2959
0
0
0
2635
1849
2541
2398
0
0

4
65
2965
2526
0
0
880
1360
828
1872
0
0


0
2955
2946
0
0
0
2038
1099
2031
1367
0


0
1879
2959
2724
0
0
2725
2194
1790
1936


0
0
0
2960
2933
0
0
415
2162
1583
289
1

1137
0
0
2949
2955
1856
0
742
2960
2958


2955
2954
1765
0
2960
2953
2954
1138
18
4
0
2955
2955
2955
2956
2957
2960
2962
2953


2958
2959
2959
2951
2958
2955
2961
2954

2
957
2957
2960
2953
2958
2959
2955
2957
295
4

2958
2955
2955
2953
2953
2954
2961
2960


2951
2953
2957
2957
2960
2956
2957
2951
2
9
54
2952
2945
2945
2839
0
0
1333
2954
25
5
9
0
0
1705
2128
2141
2867
0
0
0
2947
29
5
4
0
0
853
2956
2439
2958
2046
0
0
2921


2955
2096
0
0
2960
2770
2960
2917
0
0

0

2960
2951
0
0
693
1757
706
1725
0
0
0


2367
2959
0
0
0
1056
0
709
686
0
0
0


2949
2230
0
0
648
1325
947
2224
0
0
0

2
958
2960
0
0
292
2958
2659
2960
2917
0
0


2478
2959
2353
0
0
1463
1086
931
1440

0

0
0
2955
2957
0
0
646
2464
1872
2954
1
3
77
0
0
2954
2960
1959
0
1017
2960
2955


2952
2955
2400
493
2958
2960
2957
2143
295
7

2957
2955
2958
2954
2954
2958
2959
2960


2955
2955
2956
2953
2960
2957
2950
2959
2
9
55
2955
2956
2959
2959
2955
2959
2949
29
5
9
2950
2955
2946
2950
2959
2957
2962
2954


2960
2955
2955
2954
2960
2958
2957
2961

2
958
2954
2950
2959
2683
0
0
745
2962
2140


0
0
599
434
181
1023
0
0
0
2951
2951


0
0
0
1298
434
1741
797
0
0
2213
2957
2
0
00
0
0
2953
2900
2951
2960
0
0
491
295
2

2955
0
0
2421
2958
2950
2960
1441
0
0

2
959
2960
311
0
0
2659
1535
1938
1534
0


0
0
2954
1999
0
0
147
194
0
1014
0
0
0


2960
2951
0
0
341
2953
2480
2941
1847

0

0
912
2957
1459
0
0
1218
1262
1623
2619


0
0
0
2955
2955
0
0
2804
2958
2951
29
5
7
2896
0
0
2955
2953
2927
0
2959
2959
29
5
4
2955
2956
2960
2939
2957
2959
2951
283
2

2957
2949
2957
2955
2962
2955
2957
2954


2960
2958
2960
2960
2962
2960
2951
2960
2
9
58
2955
2962
2953
2977
2955
2955
2953
295
2

2958
2951
2960
2955
2957
2960
2958
2950


2960
2975
2955
2962
2958
2953
2960
563
0


339
2955
2542
2954
2529
0
0
1148
2954
254
5

0
0
1847
2112
1864
2614
0
0
0
2953
2
9
59
0
0
86
1998
1014
2082
956
0
0
1962
2
9
55
1433
0
0
2147
1774
2160
2539
0
0
0


2958
2950
0
0
1023
2512
1867
2943
682
0

0

2957
2960
0
0
0
1969
998
1705
1716
0


0
119
2961
2559
0
0
955
1643
1221
2419
0


0
0
2947
2966
0
0
189
2663
1254
1762

7
88
0
0
581
2954
1559
0
0
1531
1741
2189


2916
0
0
0
2955
2961
0
0
2959
2960
296
0

2945
2959
413
511
2959
2960
2945
199
2
9
55
2960
2964
2958
2958
2960
2951
2950
2958


2960
2944
2954
2956
2955
2953
2954
2954

2
957
2959
2957
2955
2953
2955
2965
2960
29
5
9
2959
2950
2960
2964
2955
2958
2958
2960


2963
2961
2954
2949
2960
2960
2951
2951
2
9
51
2957
2955
2958
2205
0
0
2957
2931
97
6

0
0
2955
2288
2831
2663
0
0
185
2957
2
8
32
0
0
1199
1941
1362
2423
0
0
0
2957


2955
0
0
0
2078
1079
2006
1574
0
0
1040


2955
2213
0
0
1655
1719
1721
2541
0
0
0


2963
2958
0
0
617
2687
1757
2718
1011

0

0
1996
2960
579
0
0
1527
912
1411
1836


0
0
0
2960
2865
0
0
940
2129
1692
2954


1207
0
0
2958
2958
0
0
0
1483
271
1013


838
0
0
435
2957
2559
0
0
2361
2871
29
6
0
2963
1056
0
0
2955
2958
986
0
2947
295
4

2960
2960
2960
2338
1877
2950
2960
2960


1774
2962
2947
2960
2949
2958
2973
2960
2
9
55
2960
2953
2949
2948
2953
2950
2954
29
5
7
2960
2960
2963
2961
2993
2954
2959
2960


2958
2960
2957
2960
2960
2950
2959
2960

2
959
2951
2959
2960
2951
2960
2960
2959
0


0
2955
2955
2958
2954
935
0
0
2956
2959


0
0
0
2809
1797
2559
2092
0
0
886
2958

2
231
0
0
1424
1426
1397
2193
0
0
0
2950


2961
0
0
319
2177
1332
2511
928
0
0
238
9

2958
814
0
0
2225
1648
2163
2511
0
0


0
2956
2934
0
0
819
1743
851
1936
0
0
0


2957
2959
0
0
0
1830
865
1726
1626
0

0

482
2960
2602
0
0
2862
2951
2957
3509
0


0
0
2954
2957
0
0
0
1335
395
1719
108
2

0
0
2203
2951
2376
0
0
2959
2960
2941

2
957
1471
0
1618
2959
2947
1021
0
2955
2956
2950
2954
2956
2843
2949
2951
2960
2960
2646
2955
2953
2951
2955
2953
2957
2960


2956
2951
2951
2959
2957
2973
2953
2960
29
5
9
2960
2957
2959
2960
2954
2959
2954
294
2

2954
2960
2958
2958
2954
2955
2956
2960

2
952
2960
2953
2954
2950
2960
2958
2955
0


0
2284
2933
2608
2951
615
0
0
2955
2970


0
0
0
2530
1535
2235
1899
0
0
511
2960


2368
0
0
1136
1442
1184
2241
0
0
0
2953


2960
0
0
162
2409
1489
2489
1338
0
0

1
819
2959
1677
0
0
2164
2009
2282
2798
0

0

0
2956
2955
0
0
383
1680
774
2032
0

0

0
2583
2957
0
0
0
1811
976
1729
2039
0


0
412
2956
2960
0
0
1667
2207
1200
192
0

0
0
0
2953
2957
0
0
0
2246
1609
2773


2421
0
0
2358
2957
2931
0
0
2953
2953
29
5
9
2957
2675
0
2545
2960
2945
2416
758
2
9
58
2951
2960
2956
2959
2953
2953
2959
2960


2955
2944
2959
2960
2951
2959
2958
2962


2955
2957
2959
2957
2949
2956
2958
2960
29
5
5
2950
2954
2955
2951
2954
2955
2955
295
6

2951
2951
2959
2957
2956
2960
2951
2959

2
956
2957
2948
2957
0
0
1104
2962
2928
0


0
1999
2721
2262
2940
0
0
0
2957
2957
0


0
0
2323
1322
2186
1514
0
0
1040
2960


1913
0
0
1563
1468
1648
2475
0
0
0
2951


2960
0
0
587
2149
1298
2593
693
0
0
29
0
3
2951
703
0
0
2711
1903
2406
2352
0
0


0
2957
2656
0
0
747
1382
822
2103
0
0

0

2957
2958
0
0
0
2364
1578
2898
2773
0


0
1754
2955
2273
0
0
878
599
467
1424
0


0
0
2969
2956
0
0
979
2958
2890
2951
2
5
59
0
0
2967
2965
2864
0
1475
2959
2957
2954
2953
2886
1346
2957
2951
2955
2535
2956
2958
2959
2953
2960
2958
2954
2958
2959
2959
2960
2958
2956
2960
2960
2960
2953
2962
2960
2955
2962
2960
2954
2959
2945
2960
2955
2954
2951
2959
2953
2959
2960
2958


2959
2957
2949
2960
2957
2959
2953
2951
2
9
54
2960
2926
2956
2793
0
0
1153
2955
268
4

0
0
1915
2189
2012
2795
0
0
0
2959
2
9
59
0
0
64
1842
846
1981
726
0
0
1712
29
5
6
1185
0
0
1855
1501
1915
2481
0
0
0

2
950
2944
0
0
859
2224
1478
2747
370
0
0


2960
2955
69
0
0
2183
1083
1712
1653
0


0
18
2958
2552
0
0
874
1499
1034
2256
0


0
0
2957
2960
0
0
557
2960
2894
2960
2
2
93
0
0
779
2959
1486
0
0
747
482
825
19
6
3
0
0
0
2959
2958
0
0
2266
2959
2954

2
958
2826
0
0
2961
2958
2923
0
2945
2958

2
954
2944
2962
2959
2918
2955
2958
2957
2
8
23
2960
2960
2951
2957
2958
2957
2958
2960


2960
2960
2960
2963
2957
2953
2956
2966


2960
2962
2986
2960
2951
2951
2959
2960
29
5
8
2957
2955
2965
2959
2953
2964
2951
296
3

2957
2959
2957
2956
2961
2957
2951
0
0

6
35
2948
2473
2958
2329
0
0
1698
2941
22
1
7
0
0
2003
1933
1969
2653
0
0
0
2960
29
6
0
0
0
378
1831
960
2358
533
0
0
2762

2
959
496
0
0
2423
1654
2324
2469
0
0
115


2951
2855
0
0
1355
2267
1829
2923
0
0

0

2951
2959
0
0
0
2173
1126
2058
1535
0

0

790
2959
1927
0
0
1114
1077
1159
2225


0
0
0
2959
2962
0
0
249
1635
297
1277
0


0
0
1378
2960
402
0
0
1906
1625
2499

2
899
0
0
497
2954
2955
0
0
2960
2958
2957


2958
2960
304
1339
2957
2946
2944
851
2
9
55
2953
2954
2959
2960
2959
2960
2957
2947


2954
2950
2957
2956
2963
2955
2957
2959


2946
2960
2951
2961
2955
2957
2959
2955
29
5
5
2957
2957
2951
2959
2958
2956
2960
296
0

2951
2958
2961
2952
2957
2961
2960
2959

2
958
2954
2953
2954
288
0
0
2959
2955
0


0
235
2818
2073
2953
2224
0
0
2125
2959


2387
0
0
2864
2667
2926
2945
0
0
0
2959


2958
0
0
1120
2830
2058
2953
1115
0
0

2
887
2960
448
0
0
1858
909
1603
1863
0
0


0
2955
2758
0
0
975
1774
1397
2782
0
0


0
2959
2958
0
0
0
2267
1323
2384
2010
0


0
949
2962
2343
0
0
1890
2189
2701
295
5

16
0
0
2945
2945
0
0
0
442
0
807
0
0


0
1595
2960
1216
0
0
2778
2475
2947
29
5
9
0
0
1023
2957
2950
0
0
2959
2951
2960


2960
2954
1773
2957
2959
2957
2960
2239

2
954
2960
2955
2959
2959
2959
2957
2948
295
8

2960
2948
2962
2955
2960
2974
2955
2960


2957
2959
2957
2953
2945
2954
2957
2955
2
9
56
2958
2958
2957
2959
2951
2957
2948
29
5
6
2950
2960
2957
2957
2960
2956
2956
2959


2955
2947
2948
2959
662
0
0
2959
2959
0


0
64
2689
1733
2736
2034
0
0
1124
2957


2053
0
0
1438
1255
1427
2337
0
0
0
2959


2946
0
0
597
2255
1516
2864
1020
0
0
2
7
97
2954
686
0
0
2438
1686
2474
2686
0
0


181
2958
2928
0
0
1756
2704
2337
2947
3
3
6
0
0
2960
2950
0
0
0
1893
811
1841
147
8

0
0
675
2959
2173
0
0
1790
1461
976

1
559
0
0
0
2959
2905
0
0
0
545
0
1583
7
5
8
0
0
2599
2960
2128
0
0
2954
2952
296
0

2960
1333
0
2512
2955
2954
819
573
2960


2961
2950
2954
2958
2817
2954
2951
2959

2
961
2954
2960
2960
2953
2973
2959
2950
295
7

2957
2961
2959
2959
2960
2954
2957
2963


2953
2958
2955
2955
2955
2955
2959
2961

2
951
2960
2960
2983
2960
2957
2960
2958
295
9

2960
2955
2959
2960
0
2069
2960
2942
0


0
2722
2777
2865
2954
0
0
0
2957
2953
0


0
407
2649
1705
2828
1687
0
0
1845
294
7

1594
0
0
1840
1360
1878
2631
0
0
0
295
8

2950
0
0
889
2259
1535
2835
454
0
0

2
960
2960
0
0
0
2419
1630
2501
2619
0
0

3
83
2960
2909
0
0
1953
2752
2426
2951
12
5

0
0
2959
2915
0
0
0
1696
648
1811
1471


0
0
1136
2955
1824
0
0
146
0
0
459
0


0
0
2961
2946
0
0
326
2005
1584
2960
17
0
7
0
0
2960
2944
2298
0
1041
2959
2960

2
955
2949
2300
0
2958
2956
2954
1861
2658

2
959
2957
2951
2955
2949
2959
2958
2961
2
9
55
2960
2955
2954
2958
2955
2976
2951
2960


2958
2955
2949
2950
2955
2951
2959
2958


2955
2957
2960
2953
2960
2960
2960
2955
29
5
3
2957
2951
2951
2955
2961
2955
2957
295
3

2955
2959
2951
2949
0
0
1697
2963
2892

0

0
2523
2731
2786
2955
0
0
0
2955
2949


0
0
278
2443
1502
2736
1627
0
0
1679
29
5
3
1578
0
0
1935
1511
2102
2763
0
0
0

2
953
2949
0
0
903
2229
1585
2927
656
0
0


2960
2949
218
0
0
2790
2013
2890
2791
0


0
647
2961
2928
0
0
1709
2309
1792
2873


0
0
0
2957
2956
0
0
0
1743
1155
2623

1
806
0
0
271
2957
955
0
0
0
0
0
740
0

0

0
2961
2960
0
0
944
2945
2893
2960
26
6
8
0
0
2945
2961
2889
0
1909
2960
2950
29
6
3
2960
2941
1663
3171
2956
2955
2695
296
0

2957
2953
2955
2960
2960
2953
2958
2955


2959
2954
2960
2960
2955
2957
2957
2960
2
9
60
2950
2959
2951
2971
2957
2960
2958
295
3

2947
2957
2955
2957
2958
2960
2955
2959

2
950
2961
2958
2957
2956
2955
2961
2960
2
9
59
2961
2806
2948
2645
0
0
1639
2949
2492


0
0
2115
2098
2306
2927
0
0
0
2959
29
4
2
0
0
383
1715
931
2554
784
0
0
2517
29
6
1
683
0
0
2172
1392
2362
2735
0
0
0
2
9
50
2915
0
0
1204
1979
1616
2946
226
0
0


2957
2957
0
0
17
2813
2019
2955
2609
0


0
1059
2950
2449
0
0
1251
1079
1195
2444


0
0
0
2953
2960
0
0
309
1699
405
1620


0
0
0
741
2959
0
0
0
490
0
989
2320
0


0
0
2957
2965
0
0
2943
2960
2957
2957

2
854
0
179
2955
2960
2864
0
2958
2954
2957


2956
2954
2957
2957
2959
2951
2953
2930


2959
2957
2951
2953
2958
2957
2951
2958
29
5
1
2958
2959
2955
2956
2959
2958
2955
296
0

2954
2950
2946
2961
2960
2955
2949
2938

2
958
2960
2960
2954
2959
2957
2953
2956
29
5
8
2959
2950
2960
2949
2959
2963
2955
295
1

1487
2878
2366
2958
1883
0
0
2891
2947

1
328
0
0
2448
1500
2559
2871
0
0
0
2950


2917
0
0
803
1344
1052
2939
299
0
0
295
9

2960
0
0
0
2214
1243
2736
2494
0
0
7
3
8
2949
2624
0
0
1603
1675
2126
2958
0
0


0
2960
2954
0
0
803
2715
1934
2961
2041


0
0
1754
2960
1364
0
0
1223
310
1371
26
6
3
0
0
0
2959
2944
0
0
0
0
0
983
0
0


0
1607
2958
0
0
0
1694
928
2765
2939
0


0
1090
2959
2955
0
0
2959
2956
2959
296
0

2947
194
1979
2950
2951
2943
1613
2961
2
9
56
2956
2953
2947
2957
2953
2956
2949
296
0

2959
2960
2960
2955
2959
2958
2955
2951


2960
2960
2955
2959
2957
2953
2955
2955
2
9
60
2951
2961
2963
2959
2958
2956
2960
29
5
8
2960
2947
2960
2957
2957
2957
2951
2959


2959
2954
2956
2959
2958
541
2958
2958
0


0
1822
2416
2288
2960
1264
0
0
2959
295
4

0
0
0
2070
954
2839
2679
0
0
528
2957


2703
0
0
1509
1145
1863
2954
0
0
0
296
0

2949
0
0
495
1805
1177
2955
2006
0
0
2
2
04
2955
1712
0
0
2383
1463
2886
2958
0


0
0
2952
2955
0
0
1202
1534
1222
2955
72
3

0
0
2891
2954
0
0
0
1533
769
2939
27
5
2
0
0
0
2963
2054
0
0
0
0
0
1822
0
0


0
2957
2951
0
0
707
2854
2485
2959
2949


0
0
2960
2959
2959
0
1765
2948
2957
295
6

2958
2957
1724
2959
2961
2959
2945
2960

2
960
2951
2938
2960
2959
2981
2957
2960
2
9
51
2959
2960
2957
2960
2959
2957
2960
2953


2959
2958
2954
2958
2960
2954
2951
2957


2948
2949
2970
2993
2954
2960
2953
2960
29
5
4
2955
2959
2961
2959
2953
2960
2960
296
0

2957
2960
2948
2958
0
0
373
2943
2942

0

0
1399
1210
1585
2958
422
0
0
2959
295
3

0
0
0
1232
142
2655
2367
0
0
914
2950


2386
0
0
1533
695
1859
2951
0
0
0
2957


2957
0
0
723
1554
990
2951
1937
0
0
258
3

2957
1422
0
0
2059
715
2366
2943
0
0

0

2961
2945
0
0
555
409
375
2953
736
0


0
2865
2991
80
0
375
2750
1153
2867
2625


0
0
0
2958
2224
0
0
200
0
623
2949
0


0
0
2953
2946
0
0
2096
2957
2954
2957
29
5
9
0
0
2954
2955
2957
240
2959
2960
2954


2959
2959
2951
2931
2951
2954
2960
2953
2
9
55
2954
2958
2953
2954
2951
2960
2957
29
4
9
2960
2955
2960
2960
2955
2958
2952
2955


2956
2958
2959
2959
2955
2955
2960
2960

2
955
2964
2960
2959
2976
2958
2959
2960
294
9

2960
2949
2959
2951
2960
2951
2957
2961


332
2591
1177
2977
2917
0
0
484
2960
285
9

0
0
1262
434
1194
2950
53
0
0
2960
2
9
53
0
0
129
762
0
2951
2192
0
0
1510
295
7

1923
0
0
1808
464
2166
2958
0
0
0
29
5
8
2946
0
0
1175
1389
1225
2957
1744
0
0


2946
2957
445
0
0
1527
52
2397
2875
0

0

36
2959
2848
0
0
833
128
843
2955
624


0
0
2953
2955
0
0
103
848
0
2143
2031
0


0
401
2951
2132
0
0
1748
756
2559
2951


697
0
0
2953
2957
189
0
2957
2960
2957

2
959
2957
1183
925
2959
2954
2953
2160
29
6
3
2954
2960
2954
2946
2955
2951
2957
2954


2953
2954
2958
2951
2955
2958
2959
2956

2
960
2954
2954
2957
2951
2961
2957
2957
295
3

2955
2957
2955
2960
2958
2959
2958
2957


2957
2956
2960
2959
2960
2960
2955
2960
2
9
60
2960
2960
2959
1680
0
0
2949
2955
0


0
907
1990
985
2960
2594
0
0
1619
2961
2
0
78
0
0
1650
75
1821
2960
0
0
0
2959
2
9
57
0
0
851
742
566
2961
1755
0
0
2763
2
9
54
710
0
0
1769
269
2781
2935
0
0
258


2955
2946
0
0
1778
1133
1799
2953
1110
0


0
2955
2959
0
0
283
1200
0
2923
2497
0


0
789
2946
2241
0
0
1429
443
2551
2954


225
0
0
2959
2950
0
0
0
0
0
2359
1246

0

0
1781
2955
1490
0
30
2930
1867
2953

2
957
1073
0
1534
2955
2959
470
530
2954
2
9
60
2952
2960
2960
2156
2960
2959
2960
2956


2960
2959
2953
2958
2956
2959
2960
2956


2960
2957
2958
2955
2955
2960
2960
2958
29
6
0
2957
2954
2955
2957
2960
2953
2960
295
8

2954
2960
2950
2961
2956
2957
2965
2955

2
950
2962
2955
2955
2949
2965
2950
2955
0


0
2939
1677
2637
2949
532
0
0
2959
2955


0
0
820
1218
243
2955
2112
0
0
1651
29
6
0
1312
0
0
1342
0
1639
2955
0
0
0
2960


2949
0
0
1205
934
688
2958
1701
0
0
28
2
0
2964
546
0
55
2001
351
2861
2943
0
0

5
29
2956
2943
0
0
2165
1216
1793
2953
754


0
0
2958
2951
0
0
382
911
0
2839
2185


0
0
1217
2956
2144
0
0
2402
297
1354
2
9
46
0
0
0
2960
2860
0
0
215
0
11
2960
1
6
94
0
0
2958
2960
1692
0
1312
2954
2952


2955
2958
1789
0
2948
2956
2951
1353
2755


2957
2959
2976
2959
2951
2955
2958
2959

2
947
2960
2960
2958
2959
2959
2959
2960
295
0

2953
2960
2954
2955
2955
2945
2957
2964


2961
2954
2955
2955
2943
2955
2954
2960
2
9
53
2955
2956
2949
2953
2955
2945
2954
29
5
4
2955
2960
2960
2960
0
0
2757
2959
2779


0
0
2911
1432
2523
2960
0
0
0
2951
295
1

0
0
1187
1191
441
2951
1520
0
0
2346
2
9
58
420
0
0
1618
0
2097
2930
0
0
124
2
9
51
2944
0
0
1714
1046
1093
2960
864
0
0


2959
2959
0
0
331
1950
462
2960
2765
0


0
911
2959
2403
0
0
1307
0
871
2961
0
0


0
2955
2960
0
0
493
785
0
2958
1980
0


0
2950
2960
1959
0
0
1683
0
1102
2854
0


0
0
2958
2919
0
0
1161
1166
1085
2953


2140
0
0
2951
2960
2054
0
2320
2954
2960


2959
2958
2420
170
2960
2955
2953
2201
2
9
50
2947
2954
2959
2956
2955
2955
2961
295
7

2957
2963
2955
2957
2955
2960
2960
2957

2
957
2959
2958
2956
2957
2956
2951
2956
2
9
60
2953
2932
2948
2968
2947
2959
2955
2954


2955
2960
2959
2957
2960
2957
2960
2950


2959
2959
2826
2961
2943
0
0
1845
2957
26
9
9
0
0
2545
1072
2224
2949
0
0
0
2956

2
954
0
0
1015
1045
334
2959
1462
0
0
2420


2956
442
0
0
1955
334
2480
2949
0
0
2
5
7
2951
2944
0
0
1776
1280
1437
2954
1001


0
0
2959
2960
0
0
583
2452
1005
2958
2
7
23
0
0
977
2954
2400
0
0
1531
213
1097

2
953
0
0
0
2959
2960
0
0
784
1606
1186


2951
2496
0
0
1957
2958
566
0
0
597
0
8
6
2
2778
0
0
0
2962
2958
0
0
2315
2615

2
775
2959
2707
0
0
2960
2957
2558
0
2959


2955
2961
2964
2957
2946
2119
2960
2957
29
4
9
2857
2954
2953
2955
2959
2961
2960
295
7

2949
2960
2960
2959
2950
2956
2962
2956

2
932
2950
2959
2947
2960
2958
2949
2957
2
9
55
2958
2958
2955
2958
2960
2960
2987
2944


2959
2948
2951
2950
0
419
2960
2958
0

0

2027
2624
1727
2958
2188
0
0
2330
2965

1
302
0
0
1989
384
1956
2947
0
0
0
2960


2933
0
0
749
459
121
2917
782
0
0
2703

2
953
0
0
0
1718
155
2323
2842
0
0
273

2
958
2813
0
0
1619
761
1280
2961
333
0
0


2944
2959
0
0
478
1322
32
2746
1883
0

0

1313
2961
1515
0
0
1524
0
1379
2951
0


0
0
2960
2951
0
0
2601
2448
1691
2959
10
1
1
0
0
1941
2958
0
0
0
812
0
1844
2883


0
0
651
2955
2955
0
0
2954
2943
2960
29
5
5
2786
0
903
2950
2960
2643
576
2957
29
6
0
2959
2951
2958
2959
2959
2960
2959
2955


2954
2960
2955
2953
2983
2951
2955
2954

2
953
2954
2956
2950
2960
2962
2951
2958
295
8

2954
2960
2960
2950
2961
2954
2955
2955


2951
2955
2957
2959
2953
2959
2955
2959

2
958
2951
2960
2955
2953
2957
2955
2958
0

0

1920
2209
1473
2950
1680
0
0
2915
2960


427
0
0
1907
240
2147
2863
0
0
50
2928


2803
0
0
1114
306
720
2954
128
0
0
2960


2954
0
0
351
1774
436
2928
2384
0
0
1
4
26
2955
2207
0
0
2202
1037
2115
2960
0
0


0
2953
2957
0
0
688
950
124
2928
1349


0
0
2210
2959
451
0
0
1659
80
1936
2943


0
0
635
2956
2954
0
0
1098
340
112
260
0

0
0
0
2750
2953
0
0
77
2222
1072
2944


2931
0
0
2323
2951
2960
0
333
2958
2951


2961
2955
2947
485
2851
2953
2955
2926
27
0
7
2960
2960
2960
2960
2960
2950
2960
295
8

2960
2954
2953
2958
2959
2960
2959
2966

2
963
2954
2946
2961
2960
2959
2951
2960
2
9
60
2957
2960
2960
2958
2953
2955
2959
2957


2952
2955
2959
2955
2957
2956
2959
2955


709
2960
2847
2960
2951
590
0
0
2959
296
0

0
0
1495
1839
1040
2955
1472
0
0
2640

2
958
267
0
0
1718
112
2057
2875
0
0
128


2960
2885
0
0
1509
962
970
2960
446
0
0


2954
2960
0
0
39
1632
272
2803
2640
0


0
1295
2960
2706
0
0
2683
1594
2226
2956


0
0
0
2960
2954
0
0
126
316
0
2414
13
9
2
0
0
1746
2960
1154
0
0
2481
1591
2956


2944
57
0
0
2949
2880
0
0
0
0
0
1838


0
0
0
2727
2954
461
0
401
2956
2461
2945


2946
427
0
2742
2957
2960
0
671
2953
2
9
53
2960
2960
2960
1935
2959
2957
2989
2960


2960
2960
2955
2954
2955
2957
2958
2960


2958
2960
2960
2960
2957
2956
2960
2960
29
6
0
2947
2954
2954
2961
2954
2958
2960
294
7

2960
2956
2961
2954
2958
2953
2950
2957

2
958
2957
2957
2960
2958
2963
2960
2951
0


0
2954
2164
2915
2958
428
0
0
2960
2960


0
0
1004
1709
511
2946
1775
0
0
1791
2
9
53
954
0
0
1535
0
1457
2935
0
0
0
2959


2955
0
0
1161
1122
624
2960
1324
0
0
2
8
83
2953
182
0
0
2112
443
2654
2928
0
0

6
15
2960
2915
0
0
1835
777
1023
2958
15


0
0
2950
2957
0
0
303
1113
0
2672
2074

0

0
1602
2957
2175
0
0
2958
1210
2022
29
4
5
0
0
0
2960
2880
0
0
327
89
10
2957


1563
0
0
2959
2960
1644
0
1185
2960
2948


2952
2957
1764
0
2942
2953
2957
1307
247
0

2960
2949
2954
2961
2953
2954
2959
2950

2
955
2959
2954
2953
2953
2959
2960
2954
2
9
57
2962
2953
2957
2955
2960
2961
2955
2957


2957
2955
2959
2959
2955
2947
2959
2944


2953
2958
2957
2960
2957
2949
2954
2949
29
5
8
2958
2953
2945
2927
0
0
1856
2960
247
1

0
0
2259
737
1459
2954
0
0
0
2982
2938


0
0
471
838
0
2473
764
0
0
1971
2960


3
0
0
1781
126
1701
2876
0
0
207
2960
2
9
37
0
0
1830
1737
1194
2957
546
0
0
2946


2960
0
0
282
2639
963
2843
2525
0
0
1
2
91
2961
2352
0
0
1757
509
913
2879
0
0

0

2960
2954
0
0
743
1744
383
2896
1502

0

0
2955
2963
1463
0
0
2000
0
867
2208
0


0
0
2954
2911
0
0
1813
2361
1741
2960


1719
0
0
2955
2951
1814
0
2501
2954
2953


2958
2950
2323
905
2961
2957
2960
1959
29
5
0
2955
2956
2941
2953
2960
2955
2955
295
4

2960
2959
2954
2959
2955
2956
2960
2956

2
961
2959
2954
2960
2955
2958
2957
2956
2
9
55
2951
2962
2951
2954
2959
2966
2955
2958


2951
2958
2951
2951
2960
2958
2961
2955


2951
2953
2825
2959
2866
0
0
2480
2951
2
6
09
0
0
2954
1617
2083
2959
0
0
0
2950
2
9
53
0
0
1244
1689
205
2818
743
0
0
2654


2960
91
0
0
2397
355
1808
2778
0
0
547


2953
2907
0
0
2039
1681
980
2949
379
0


0
2960
2960
0
0
575
2769
591
2478
2154
0


0
1211
2960
1974
0
0
1775
320
447
2651


0
0
0
2957
2960
0
0
1133
2544
1207
2953


1903
0
0
2449
2970
58
0
0
1447
0
322


1838
0
0
205
2955
2953
0
0
2925
2923
273
6

2959
2347
0
65
2957
2957
2285
0
2960

2
951
2951
2958
2950
2853
2807
2960
2953
295
0

2456
2958
2958
2955
2942
2953
2958
2960


2955
2959
2949
2954
2956
2951
2957
2959
2
9
46
2958
2954
2954
2960
2953
2955
2953
296
0

2957
2955
2955
2958
2955
2960
2951
2971


2955
2959
2945
2961
2957
976
2952
2958
45
9

0
1778
2949
1680
2945
2412
0
0
2325
2
9
56
2176
0
0
2799
1044
1168
2941
0
0
0
2
9
41
2951
0
0
911
1559
0
2433
705
0
0
2
6
45
2960
521
0
0
2524
299
1447
2843
0
0

4
07
2960
2928
0
0
1854
1663
554
2953
541


0
0
2960
2958
0
0
0
2096
0
1488
2169
0


0
896
2956
2277
0
0
1649
400
336
2957


0
0
0
2960
2957
0
0
2023
2944
1050
2951


1824
0
0
1313
2960
934
0
0
1531
0
785


2959
0
0
339
2958
2957
0
0
2960
2955
295
6

2951
2950
0
689
2960
2957
2957
10
2956


2961
2957
2960
2951
2955
2956
2954
2957
2
9
59
2958
2954
2954
2947
2957
2960
2949
29
5
4
2950
2950
2962
2960
2959
2953
2960
2956


2958
2960
2954
2954
2960
2959
2958
2950

2
960
2957
2962
2957
2950
2959
2959
2960
295
5

2960
2946
2957
2503
0
0
2960
2954
767


0
551
2842
165
2755
2827
0
0
1403
2960
2
5
95
0
0
1834
148
414
2958
0
0
0
2959
2
9
51
0
0
447
1235
0
2841
2089
0
0
2034
29
6
0
1701
0
0
2172
0
961
2955
0
0
48
295
3

2951
0
0
1398
1710
0
2950
2047
0
0
28
9
0
2950
867
0
0
1825
0
1281
2928
0
0
368


2957
2835
0
0
1241
246
0
2955
1114
0

0

2951
2962
224
0
11
1250
0
1494
2324
0

0

757
2963
2261
0
0
2223
653
1319
2955

1
148
0
763
2950
2950
1312
0
2967
2955
2958


2958
2960
972
2161
2951
2957
2957
2512

2
961
2951
2960
2956
2960
2955
2947
2949
295
9

2958
2953
2956
2951
2956
2958
2959
2960


2954
2951
2957
2958
2966
2960
2959
2960
2
9
51
2954
2958
2951
2955
2956
2953
2959
29
5
7
2959
2953
2961
2943
2954
2948
2954
2957


2951
2955
1680
2959
2797
0
0
2955
2955

1
706
0
0
2449
0
1782
2959
0
0
720
2961

2
898
0
0
1226
19
0
2960
990
0
0
2955
295
4

0
0
145
1438
0
2650
2871
0
0
1732
29
6
0
2403
0
0
1993
0
699
2950
83
0
0
2959


2955
0
0
1264
1636
0
2959
2378
0
0
219
9

2953
1089
0
0
1277
0
903
2960
0
0
311


2954
2905
0
0
1348
1133
585
2957
2438
0


0
2957
2955
0
0
0
504
0
1531
2905
0
0


1435
2960
2839
0
0
2946
1665
2207
2949

2
343
0
1609
2950
2962
2608
224
2957
2958
2
9
55
2954
2951
2311
2956
2959
2955
2959
295
9

2960
2960
2953
2951
2954
2960
2946
2957


2950
2963
2957
2959
2949
2955
2955
2953
2
9
57
2957
2961
2956
2956
2957
2951
2955
295
8

2962
2960
2928
2945
2955
2957
2952
2956


2957
2949
2960
2953
2954
2957
2960
2961
0


2506
1900
272
2957
2392
0
0
2956
2955

1
005
0
0
1706
0
2073
2949
0
0
1215
2956

2
491
0
0
1078
0
0
2956
478
0
0
2953
29
5
3
0
0
400
1149
0
2959
2887
0
0
2365
295
7

2027
0
0
1799
0
959
2957
0
0
594
295
5

2956
0
0
976
494
0
2960
2166
0
0
2815


2960
709
0
0
1194
0
1565
2955
0
0
1301


2957
2930
0
0
2474
778
81
2953
848
0
0


2592
2830
0
0
0
477
0
2890
2951
0
0
2
9
44
2951
2913
0
30
2957
2255
2960
2953
255
9

0
2956
2970
2959
2941
2746
2951
2955
2
9
54
2959
2959
2861
2958
2950
2955
2951
2955


2961
2960
2956
2957
2960
2950
2950
2958

2
954
2958
2953
2949
2957
2949
2955
2955
2
9
61
2955
2959
2959
2951
2958
2957
2955
2962


2946
2949
2960
2960
2949
2958
2954
2960


2958
2954
2953
2961
2947
2962
2955
2961
29
5
4
1790
464
124
2955
1654
0
0
2953
2955


141
0
167
1038
0
2817
2920
0
0
1782
2956


1680
0
0
907
0
272
2955
0
0
37
2955

2
929
0
0
564
837
0
2960
2800
0
0
2832
29
5
5
1719
0
0
1872
0
1474
2958
0
0
846
2
9
61
2832
0
0
663
0
0
2954
1819
0
0
2955


2946
272
0
0
967
0
2475
2954
0
0
2950


2959
2722
0
0
900
0
0
2958
0
0
0
2957

2
850
0
0
727
1475
0
2954
2935
0
0
2950


2950
2959
230
1744
2948
2895
2960
2956
274
2

479
2965
2954
2947
2954
2953
2934
2957


2959
2960
2954
2948
2967
2951
2955
2960
29
5
1
2955
2953
2958
2960
2947
2960
2949
296
0

2958
2953
2958
2957
2960
2960
2955
2959

2
950
2960
2950
2959
2958
2951
2959
2951
2
9
55
2957
2954
2958
2957
2959
2955
2958
2950


2949
2951
2947
2955
2947
2960
2954
2947
0
1642
0
265
2957
1060
0
0
2955
2930
0
0
242
638
0
2951
2832
0
0
2198
2960
1506

0
0
1152
0
725
2957
0
0
511
2958
2890


0
0
821
562
0
2956
2533
0
0
2955
2958

1
488
0
0
1665
0
1782
2954
0
0
1009
2955


2320
0
0
643
0
0
2957
1357
0
0
2958
29
3
9
208
0
351
1881
0
2965
2960
0
0
2451


2956
1740
0
0
368
0
34
2960
0
0
174
296
0

2951
144
0
1757
2613
964
2955
2959
0

1
28
2951
2959
2957
1767
2955
2949
2950
2946


2959
2955
2256
2959
2957
2960
2959
2960


2950
2954
2957
2950
2960
2960
2955
2957
29
5
9
2951
2957
2960
2957
2958
2955
2960
295
9

2959
2955
2961
2955
2951
2951
2954
2959

2
960
2959
2959
2953
2954
2951
2958
2982
29
6
0
2959
2959
2959
2958
2957
2958
2960
295
3

2949
2953
2951
2957
0
0
1522
2949
2737

0

0
1023
0
0
2952
1488
0
0
2952
2884
0


0
0
387
0
2704
2940
0
0
1967
2960
1958


0
0
1168
0
547
2951
432
0
229
2953
2916


0
0
589
877
0
2957
2922
0
0
2960
2961


2032
0
0
1526
0
1241
2957
0
0
701
2956


2669
0
0
436
0
0
2955
2177
0
0
2954
2
9
54
1777
0
272
1670
0
1835
2955
0
0
669

2
912
1401
0
0
323
0
117
2957
1625
0
256


2950
2955
2000
0
2544
2955
2305
2961
2951


289
686
2959
2956
2960
2954
2960
2951
2
9
57
2950
2955
2955
2954
2946
2957
2956
296
0

2960
2959
2949
2965
2957
2951
2960
2955

2
956
2961
2950
2955
2963
2951
2951
2947
29
6
0
2955
2956
2952
2953
2953
2959
2957
2957


2955
2963
2960
2950
2959
2959
2960
2960

2
955
2958
2958
2951
2963
2953
2950
2956
0


0
1456
0
1930
2957
0
0
1330
2950
2541
0


0
593
0
0
2955
1789
0
0
2929
2855
179


0
0
338
0
2495
2955
0
0
1853
2959
2202


0
0
991
0
400
2962
816
0
61
2957
2893


38
0
554
948
0
2955
2927
0
0
2608
2947

1
303
0
0
434
0
804
2955
0
0
566
2955
2
5
12
0
0
394
0
0
2954
2559
0
0
2960
2954


1939
0
0
625
0
1627
2956
0
0
1084
2959


2142
0
0
1374
161
990
2955
2243
0
1173

2
955
2967
2775
839
2955
2960
2958
2951
29
6
5
1399
2255
2957
2953
2956
2958
2947
2961


2960
2951
2960
2960
2959
2960
2949
2954

2
954
2949
2950
2960
2955
2954
2958
2956
295
8

2956
2957
2960
2954
2951
2951
2958
2960


2961
2955
2957
2957
2953
2954
2960
2958
2
9
60
2958
2961
2955
2959
2957
2957
2960
29
5
4
2958
2959
2959
2960
2959
2955
2947
914

0

150
751
0
2975
2945
0
0
2111
2957
168
0

0
0
447
0
368
2962
35
0
57
2960
2545

0

0
116
132
0
2952
2842
0
0
2850
2949

1
689
0
0
1015
0
1503
2959
0
0
1159
2953

2
825
0
0
720
0
0
2955
2038
0
0
2693
281
2

394
0
0
265
0
2101
2951
0
0
1535
2955


2298
0
0
1175
450
1806
2954
2140
0
195


2960
2783
0
0
0
0
0
2956
2866
0
0
272
7

2960
2470
0
0
2667
1175
2950
2955
1905

0

2959
2951
2958
2928
2649
2961
2958
2957


2960
2959
2229
2959
2960
2958
2953
2960
2
9
60
2965
2961
2955
2959
2950
2957
2954
29
5
8
2953
2960
2939
2954
2957
2957
2963
2960


2960
2967
2956
2960
2960
2960
2954
2960

2
961
2953
2954
2958
2959
2953
2960
2959
297
0

2957
2955
2954
2940
2958
2953
2965
2957
2955
2965
828
2958
1669
0
0
2957
2875
656
0
18
368
0
2966
2939
0
0
2001
2958
1
6
14
0
0
279
0
576
2959
0
0
223
2953
2608


0
0
254
182
0
2959
2806
0
0
2832
2960


1776
0
0
833
0
1855
2958
0
0
1456
2959


2732
0
0
382
0
0
2957
1814
0
0
2817
28
1
0
684
0
0
130
0
2813
2957
0
0
2161
29
5
5
2854
133
0
2174
80
944
2951
150
0
0
2
4
95
1938
0
0
0
0
0
2961
2919
0
0
2957


2955
2931
448
887
2953
2151
2959
2955
2205


0
2960
2960
2954
2950
2954
2959
2953
29
5
1
2957
2957
2957
2957
2958
2957
2957
2960


2958
2959
2960
2958
2956
2955
2959
2960
2
9
54
2955
2953
2960
2955
2960
2956
2959
29
5
8
2959
2950
2949
2960
2959
2951
2960
2959


2951
2958
2960
2950
2960
2955
2955
2955

2
951
2962
2957
2955
2973
2960
2958
2954
295
1

2958
0
814
2963
719
0
100
2956
2678
1
6
9
0
0
0
0
2958
2714
0
0
2007
2886
1253


0
0
100
0
1168
2957
0
0
739
2955
2641


0
0
417
0
0
2962
2366
0
0
2959
2935
164
4

0
0
967
0
2929
2957
0
0
2076
2958
26
9
0
0
0
630
0
434
2947
1188
0
0
2902
2691


454
0
0
0
0
2955
2950
0
0
2943
2960

2
025
0
0
0
0
149
2960
0
0
0
2384
2242
0


0
455
716
158
2957
2955
0
70
2957
2947

2
947
1968
2731
2960
2941
2960
2955
2785
1
6
99
2967
2959
2955
2961
2960
2951
2955
29
5
5
2951
2960
2959
2960
2957
2951
2958
2960


2949
2954
2953
2953
2960
2960
2960
2953

2
954
2960
2949
2957
2953
2958
2958
2953
295
9

2958
2957
2961
2954
2956
2957
2959
2954


2961
2954
2960
2957
2951
2945
2960
2961
2
9
55
2962
2960
2960
2957
2959
2957
2951
29
5
6
2959
0
1073
2963
602
0
293
2959
2725
4
1
8
0
65
0
0
2954
2558
0
0
2226
2910
16
6
3
0
0
497
0
1959
2955
0
0
1265
2951
275
5

0
0
574
0
309
2956
2119
0
0
2959
294
8

1974
0
82
1115
0
2957
2960
0
0
2783
29
6
0
2926
0
0
1015
0
961
2955
694
0
0
27
8
1
2623
461
0
239
320
0
2955
2382
0
0
64
1

1155
0
0
0
0
0
554
2960
0
0
713
295
9

2939
1225
0
1835
2119
2187
2959
2960
0

1
615
2960
2959
2952
2921
2960
2960
2935
2
9
45
2955
2949
2956
2939
2960
2956
2957
2960


2959
2963
2962
2950
2957
2954
2957
2956


2951
2958
2960
2958
2954
2959
2944
2947
29
5
0
2958
2947
2955
2951
2961
2957
2960
2961


2951
2959
2958
2960
2951
2953
2952
2954

2
953
2957
2958
2960
2950
2955
2958
2958
29
5
4
2951
2954
2947
2768
0
0
2794
2960
2301


0
0
573
0
2113
2960
0
0
939
2846
2503


0
0
53
0
115
2958
1565
0
0
2624
2858

1
485
0
0
258
0
2957
2954
0
0
1877
2950
2
6
50
0
0
624
0
1295
2951
996
0
582
2959


2953
1783
0
707
1173
314
2960
2935
0
0
2
9
59
2955
2491
0
0
336
0
1621
2959
0
0

7
26
2938
2727
0
0
0
0
0
2957
638
0
0
45
8

778
0
0
0
0
0
2655
2960
0
0
2704
29
5
9
2955
2002
609
2958
2766
2953
2958
2947

2
22
2958
2971
2951
2960
2957
2957
2960
29
5
0
2961
2957
2956
2960
2951
2957
2959
2955


2957
2963
2950
2982
2959
2960
2955
2949

2
955
2960
2955
2959
2957
2954
2958
2958
2960


2957
2955
2960
2959
2958
2960
2954
2959


2960
2949
2957
2951
2955
2961
2954
2958

2
960
2955
2950
2957
2953
2960
2955
2957
295
1

412
70
151
2955
2368
0
0
2530
2928
21
2
2
0
0
102
0
2355
2960
0
0
1022
2498
235
9

0
0
15
0
495
2954
1407
0
0
2761
2889


1843
0
0
252
0
2953
2930
0
0
2157
2942


2695
0
0
817
0
2007
2960
487
0
1091
29
5
4
2960
1814
0
755
784
311
2950
2525
0
0


2244
2783
1902
0
0
0
0
2125
2953
0
0

8
27
1981
1531
0
0
0
0
0
2960
291
0
0
13
5
4
1925
1233
0
0
798
0
2955
2960
0
0
2
9
58
2960
2955
2681
2295
2960
2955
2954
295
7

2949
2096
2965
2957
2951
2957
2953
2966

2
957
2960
2957
2960
2950
2956
2960
2958
2
9
58
2960
2960
2961
2959
2942
2959
2945
2965


2954
2947
2961
2951
2947
2960
2949
2960


2953
2956
2955
2947
2958
2960
2958
2960
29
6
0
2954
2947
2958
2951
2959
2965
2955
295
1

2960
2953
2955
2963
2953
2073
2955
2891

3

0
474
0
917
2955
1151
0
0
2591
2786
1
4
22
0
0
0
0
2960
2782
0
0
1594
2539
228
6

0
0
272
0
1619
2955
17
0
658
2893
289
6

1111
0
272
106
123
2949
2505
0
0
2753

2
953
2650
0
0
1097
0
2954
2955
0
0
2159


2948
2957
1023
0
691
0
639
2955
1450
0


0
2187
2594
1489
0
0
389
0
2927
2778
0


0
226
662
419
0
0
0
0
393
2963
0
0
32
3

2929
2955
2135
0
1437
2359
2063
2955
2
9
55
0
1300
2957
2960
2960
2944
2953
2942
2
9
63
2949
2959
2961
2957
2959
2959
2959
29
5
8
2959
2954
2953
2957
2955
2955
2953
2959


2949
2960
2955
2957
2948
2951
2951
2957

2
960
2955
2948
2944
2947
2957
2955
2953
295
4

2954
2953
2951
2954
2960
2955
2949
2960


2955
2954
2955
2950
2945
2951
2949
2751
0


390
1023
0
2967
2930
0
0
2098
2963
2711


0
0
496
0
1527
2956
0
0
320
2401
2683

6
66
0
0
0
0
2983
2224
0
0
2059
2890
2
3
40
0
0
496
0
2525
2957
0
0
1207
2900
2
9
28
431
0
475
0
763
2957
1798
0
32
2943

2
957
2417
0
72
913
0
2944
2943
0
0
1661


2795
2657
0
0
114
0
999
2958
155
0
195


2707
2957
2043
0
128
0
0
2956
1951
0
0


624
1329
1011
0
0
0
0
2172
2961
0
0
19
9
1
2958
2960
2480
462
2946
2862
2965
2959


2955
384
2951
2953
2960
2954
2947
2953
29
5
9
2960
2960
2954
2960
2967
2957
2955
295
5

2991
2955
2960
2957
2953
2953
2955
2957

2
958
2959
2960
2960
2953
2959
2957
2956
2
9
51
2960
2963
2960
2959
2958
2961
2959
2959


2953
2960
2954
2957
2955
2960
2948
2955


2959
2955
2959
2959
2954
2961
2959
2958
17
8
7
0
320
247
0
2960
2617
0
0
1913
2907


2416
0
0
192
0
1713
2960
0
0
422
2186
2
5
42
0
0
84
0
99
2960
1802
0
0
2334
294
7

2163
0
0
446
0
2951
2956
0
0
1488
2929


2907
0
0
820
0
1126
2960
1464
0
319
2
9
79
2954
2159
0
283
759
0
2961
2845
0
0

1
510
2735
2391
0
0
183
0
1371
2958
349
0


370
2362
2439
0
0
0
0
0
2956
1342
0
0


1097
2325
1910
0
0
1195
0
2961
2954
460


0
2959
2953
2958
2752
1835
2955
2960
2957


2957
2955
1799
2956
2960
2957
2960
2958


2951
2960
2956
2943
2958
2954
2960
2958

2
957
2960
2959
2955
2960
2959
2958
2960
295
8

2957
2949
2960
2947
2960
2952
2954
2955


2959
2957
2957
2960
2950
2960
2958
2960
2
9
54
2954
2951
2955
2963
2960
2950
2957
29
5
4
2957
754
2559
2958
704
0
634
2960
2957


1006
0
608
246
0
2950
2416
0
0
2135
29
5
3
2117
0
0
348
0
2086
2960
0
0
661
2630


2827
0
0
534
0
432
2960
1672
0
0
2685


2954
1795
0
0
576
0
2954
2946
0
0
1840


2954
2918
0
0
1393
0
1669
2950
1066
0
5
4
4
2953
2954
1262
0
443
250
0
2957
2499

0

0
1605
2946
2187
0
0
1293
0
2027
2960


0
0
0
1254
1517
0
0
0
0
0
2960
1623
0


0
2559
2954
2535
0
576
2747
1104
2947

2
960
846
0
2960
2960
2949
2896
2959
2949
2
9
59
2956
2950
2955
2958
2960
2951
2963
29
5
9
2959
2959
2954
2957
2959
2959
2961
2954


2960
2958
2954
2959
2960
2975
2960
2967

2
946
2955
2985
2959
2953
2959
2959
2960
294
7

2960
2956
2945
2957
2957
2947
2954
2951


2959
2949
2950
2951
2947
2954
2958
2920
0


0
1936
0
2311
2960
0
0
719
2960
2960

2
5
0
710
0
58
2953
2035
0
0
2126
2959
16
4
4
0
0
290
0
2351
2955
0
0
963
2957
28
8
2
0
0
837
0
539
2961
1345
0
0
2704
295
3

1305
0
231
722
0
2960
2934
0
0
2077
29
5
8
2877
0
0
1856
0
1911
2960
511
0
310

2
957
2946
195
0
351
0
0
2954
2323
0
0
21
5
3
2947
2352
0
0
112
0
939
2949
0
0
0


1406
1799
0
0
165
0
241
2959
2028
0
66


2946
2954
2815
0
2293
2960
2608
2960
2949


1468
1118
2956
2955
2955
2953
2960
2968


2960
2945
2957
2963
2955
2953
2957
2954
29
6
1
2950
2973
2960
2958
2956
2967
2954
295
5

2958
2957
2950
2960
2980
2955
2951
2960

2
955
2961
2960
2959
2956
2960
2958
2960
2
9
54
2949
2970
2950
2957
2959
2954
2947
2954


2955
2951
2956
2961
2978
2958
2944
2314


0
0
1408
0
2482
2954
0
0
895
2957
2926

0

0
870
0
203
2959
1481
0
0
2515
2955

8
84
0
82
511
0
2955
2931
0
0
1667
2946
2
6
95
0
0
1419
0
1279
2955
382
0
127
2953


2956
221
0
1067
866
0
2959
2775
0
0
289
0

2961
2480
0
0
2007
0
2401
2954
0
0
5
5
1
2950
2869
0
0
579
0
16
2958
2019
0
0


2111
2914
0
0
0
0
0
1301
2672
0
0
414


2958
2541
0
0
1745
114
1813
2957
2040
0


1463
2948
2957
2722
715
2949
2961
2959
2
9
60
2960
1997
2948
2951
2949
2957
2960
2958


2979
2960
2960
2962
2960
2954
2956
2959


2955
2954
2960
2949
2953
2956
2953
2951
29
4
9
2953
2959
2953
2949
2959
2960
2954
2957


2957
2954
2976
2947
2958
2955
2951
2951


2960
2944
2948
2955
2960
2954
2952
2955
29
5
5
2960
2960
2960
2679
0
0
2949
2949
161
4

0
108
1861
0
2722
2960
0
0
1151
2949
2
8
35
0
0
1137
0
285
2959
1177
0
0
2959

2
947
151
0
357
1164
0
2951
2928
0
0
1931


2953
2481
0
0
1789
0
1204
2955
298
0
8
4

2959
2958
0
0
1379
1584
176
2957
2833
0


0
2960
2957
1865
0
0
1653
0
1600
2956


0
0
289
2959
2867
0
0
1351
340
15
2954

9
41
0
0
1440
2896
0
0
0
0
0
1415
2838


0
0
1199
2960
2878
0
0
2959
1783
2957
29
5
9
2348
0
2043
2955
2960
2679
1126
2956
2
9
54
2959
2959
2959
2782
2960
2951
2950
2957


2950
2959
2960
2950
2959
2953
2953
2956


2957
2959
2957
2943
2957
2958
2956
2960
29
5
7
2957
2960
2959
2959
2957
2947
2949
295
8

2951
2960
2956
2958
2956
2975
2959
2953


2948
2960
2953
2960
2950
2958
2950
2955
0


0
2354
1531
957
2963
1682
0
0
2960
295
8

93
0
311
1818
0
2750
2860
0
0
1363
295
9

2368
0
0
1439
0
479
2957
0
0
0
2960


2960
0
0
895
1535
0
2958
2449
0
0
2559

2
960
1554
0
0
2224
64
1776
2957
0
0
583


2960
2957
0
0
2026
1840
831
2956
1869
0


0
2954
2959
16
0
0
1475
0
1787
2823
0

0

1037
2957
2833
0
0
1057
0
0
2761
0
0


0
2606
2950
0
0
5
1049
0
2887
2748
0
0


2952
2956
2864
0
485
2954
2938
2953
295
5

2529
0
2959
2959
2953
2667
2310
2954
296
0

2960
2957
2960
2954
2964
2951
2957
2951


2957
2958
2957
2960
2954
2959
2954
2955
2
9
33
2957
2950
2950
2954
2950
2950
2949
29
5
9
2955
2955
2960
2953
2958
2949
2961
2981


2959
2965
2949
2959
2960
2960
2955
2951

2
959
2957
2950
2950
2949
2958
2945
2957
0

0

2320
2150
1259
2951
1134
0
0
2959
2957

0

0
151
2349
218
2038
2494
0
0
1175
296
0

2370
0
0
1958
727
907
2954
0
0
0
295
1

2954
0
0
1014
2096
287
2871
1688
0
0
2
7
30
2958
1114
0
0
2841
1133
2019
2951
0


0
606
2958
2951
0
0
1937
2153
810
2954
7
0
9
0
0
2955
2957
0
0
0
1986
61
1617
26
9
0
0
0
953
2949
2144
0
0
434
0
0
1277
0


0
0
2957
2951
0
0
1035
2833
1557
2957


2559
0
0
2960
2961
2809
0
1604
2951
2960


2959
2955
2864
1535
2954
2959
2951
2736

2
954
2949
2953
2955
2946
2955
2955
2960
295
4

2954
2959
2955
2960
2957
2957
2955
2955


2955
2957
2955
2957
2960
2951
2959
2953
2
9
53
2950
2958
2948
2965
2959
2950
2959
29
5
8
2960
2961
2953
2950
2954
2957
2955
2956


1481
2955
2599
2955
2803
0
0
1838
2958

2
704
0
0
2704
2076
1681
2951
0
0
0
2953

2
951
0
0
761
2331
562
2178
919
0
0
2227


2960
869
0
0
2608
1163
1474
2606
0
0
12
9

2957
2934
0
0
1682
2258
987
2704
315
0


0
2955
2954
0
0
123
2948
1642
2512
2559


0
0
1215
2959
2598
0
0
1947
1492
752
2
2
03
0
0
0
2947
2947
0
0
595
2844
1022
18
9
9
528
0
0
753
2954
48
0
0
675
0
0
12
2
9
0
0
0
2957
2951
0
0
2805
2953
2956

2
948
2656
0
23
2942
2960
2614
0
2958
2956


2958
2961
2959
2951
2944
2954
2953
2955

2
795
2955
2951
2955
2960
2955
2960
2959
295
7

2957
2967
2958
2954
2957
2951
2959
2958


2959
2957
2959
2958
2960
2954
2959
2949
2
9
59
2954
2959
2955
2960
2959
2957
2951
29
5
7
2960
2956
2950
2949
2951
2951
2964
0
0


2414
2944
2354
2955
1373
0
0
2955
2954

5
42
0
0
2958
1755
2213
2559
0
0
343
2959


2810
0
0
1469
1873
894
2384
0
0
0
2960


2987
0
0
53
2794
1309
2263
2032
0
0
126
5

2955
2373
0
0
2271
1977
1746
2890
0
0


0
2960
2960
0
0
1377
2887
1858
2950
141
5

0
0
2607
2950
608
0
0
2077
655
1006
18
6
6
0
0
0
2951
2947
0
0
730
754
0
801

0

0
0
2229
2963
0
0
0
1891
720
1957
2381


0
0
1859
2951
2953
0
0
2957
2955
2957


2955
2755
0
2249
2954
2959
2467
485
2955

2
950
2960
2958
2955
2949
2959
2955
2955
2
9
63
2946
2951
2951
2939
2959
2962
2959
2951


2962
2958
2954
2959
2949
2955
2959
2960


2949
2979
2953
2950
2960
2956
2959
2960
29
5
7
2959
2960
2951
2959
2958
2946
2957
296
1

2960
2950
2959
2960
0
283
2958
2960
0
0


2117
2928
2327
2953
1632
0
0
2955
2958


1021
0
154
2954
2635
2951
2871
0
0
208

2
954
2720
0
0
1178
1762
1237
2931
328
0
0


2960
2958
0
0
0
1021
0
935
963
0
0
9
4
9
2950
2447
0
0
2069
1684
1595
2890
0
0


0
2959
2959
0
0
2128
2951
2959
2960
288
6

0
0
2960
2955
2734
0
1949
2973
2954
295
1

2782
0
0
0
2944
1527
0
0
1181
2896
29
5
5
2951
1590
0
0
0
0
0
0
0
0
0
0
1023


0
0
2956
2959
2960
0
0
2352
1152
40
17
4
2
0
0
432
2959
2953
2957
2961
2960
2960

2
960
2961
2958
2957
2951
2954
2960
2959
2
1
61
2951
2959
2954
2955
2953
2954
2955
2954


2961
2959
2961
2961
2947
2960
2954
2955


2958
2957
2957
2959
2958
2954
2959
2957
2
9
60
2956
2958
2949
2864
35
2952
2956
2960


1077
2960
2956
2954
2958
2958
2957
2957
2
9
60
2953
2963
2954
2956
2951
0
0
2951
29
5
1
0
0
0
425
0
2293
2949
0
0
2800
2947

2
956
0
0
2522
1113
0
0
0
0
0
869
2960


0
0
2541
2959
2959
2953
2955
0
0
1525
29
4
8
1392
0
0
2763
2954
2955
2954
2951
2623


2958
2954
2947
2477
994
2958
2956
2960
2
9
55
2871
0
0
0
2821
0
0
0
1962
2957
295
9

2956
2953
1003
2801
2957
286
0
0
0
0
0


0
0
0
0
2955
2958
2781
0
2950
2960
20
6
4
1316
0
0
0
0
2958
2955
0
2957
2957
29
5
9
2954
2960
2959
2947
2955
2953
2960
26
1
8
213
2957
2951
2959
2945
2949
2958
2954
2
9
59
2957
2951
2893
2957
2959
2960
2959
29
5
9
2959
2957
2971
2957
2955
2953
2959
295
1

2957
2955
2960
2955
2949
2960
2954
2958

2
954
2954
2951
2959
2956
2957
2955
2951
0


2543
2958
2955
2958
2950
0
0
0
1137
1117


0
0
891
2960
2957
2956
2959
2594
2938

2
959
2959
1999
0
0
780
0
0
0
0
0
273
29
5
5
2960
0
0
2956
2881
1966
2320
0
0
0

1
535
2960
0
0
0
2899
2871
2955
2957
985
0


2955
2960
2958
0
834
2958
2956
2953
295
3

2954
2958
2951
2958
2954
2958
1490
2958

1
898
0
0
0
0
0
453
2955
2644
0
2799
29
6
0
2910
2168
0
0
0
0
0
0
0
0
0
0
0
81
4

0
0
0
2960
2960
320
0
271
2960
2770

2
955
2955
1442
0
2957
2959
2958
1499
2959

2
959
2949
2960
2956
2958
2954
2959
2954
2
9
51
2885
1136
2947
2957
2959
2949
2959
2828


2957
2948
2960
2960
2959
2957
2990
2951

2
956
2954
2956
2959
2960
2954
2958
2961
29
5
8
2959
2959
2951
2950
2958
2949
2956
2937


2957
2965
2957
0
0
0
2955
2958
2954
0
3
0
6
2951
2949
2957
2954
1782
0
176
2958
2
9
54
0
0
1487
2817
1917
2957
2874
0
0
2953


2957
2293
0
0
353
0
0
0
0
0
0
750
4
7
0
0
0
2935
2951
2960
2959
1849
0
0
296
0

2959
0
0
2134
2947
2954
2949
2956
2957

2
960
2955
2959
2959
2973
2955
2950
2950
2
9
58
2954
0
0
0
0
0
0
0
2953
2957
2958
2
9
59
2960
1003
0
0
0
0
0
0
0
0
0
0
0


0
0
98
0
0
0
1264
2949
2950
2949
2955
2
8
17
2955
2959
2958
2944
0
2867
2959
2958


2957
2960
2766
1955
2959
2962
2960
2958
29
6
0
2961
2957
2950
2960
2620
0
0
2954
2960


0
0
1998
2957
2958
2960
2960
2825
2954

2
959
2959
2966
2959
2955
2960
2947
2954
29
5
5
2957
2959
3341
2955
2953
2950
2953
2954


2956
2956
2973
2944
2960
2950
2949
2957

1
764
0
2953
2960
2953
2946
2945
2955
2960


2961
2957
2960
2953
2959
1328
0
1381
296
0

2955
0
0
2643
1760
0
0
0
0
0
0
0
0

0

0
0
0
0
0
0
0
0
2953
2704
0
87
295
9

2955
2953
2960
2957
2956
2959
2956
2962

2
960
2961
2948
2954
2960
2955
2960
2950
9
8
2
1065
2699
0
0
0
2954
2958
2960
2954
29
5
5
2304
1469
2921
0
0
0
0
0
0
0
0
0

0

0
0
0
0
0
0
0
2957
2955
2959
2954
295
9

2959
2960
2955
2960
2954
2951
2960
2960


2953
1751
2951
2958
2959
999
0
2259
2867


44
0
0
0
0
202
2958
0
0
0
0
0
0
0

0

0
0
2956
2957
2957
2960
2979
2951
2955


2946
2960
2953
2959
2954
2962
2959
2950
29
5
2
2956
2931
2959
2957
2960
2957
2970
296
0

2959
2939
2958
2955
2951
2957
2954
2959


2958
2958
2957
1664
0
0
0
0
0
0
0
0
0


0
0
0
0
0
2960
2954
2955
2950
2956
295
6

2955
2960
2959
2957
2951
2949
2953
2945

2
963
2957
2951
2939
2956
2939
312
0
0
0


0
0
0
0
0
0
0
0
0
0
0
0
0
0
0
0
0


2955
2953
2945
2956
2962
2954
2951
2955

2
955
2958
2950
2959
2955
2960
2947
2960
295
5

2958
2558
0
0
0
2955
2955
2960
2949
2
9
58
2947
2958
2956
2917
0
0
0
0
0
0
0
0


0
0
0
0
0
0
0
1616
2957
2960
2957
29
5
8
2955
2956
2962
2959
2950
2955
2959
2960


2889
2960
2957
2958
2951
2950
2960
2959

2
955
2950
2957
2953
2967
2950
2950
2957
295
9

2955
2958
2749
2953
2959
2951
2957
2953


2957
2957
2958
2955
2950
2957
1173
2945
2
8
43
406
2319
582
0
0
0
0
0
0
0
1359
2
9
55
2957
2959
2954
2960
2960
2957
2960
2949


2978
2958
2955
2966
2951
2958
2954
2954


2969
2953
2414
0
2955
2960
2957
2483
1190


0
0
0
0
0
0
0
0
0
0
0
0
0
0
2960

2
954
2960
2953
2956
2960
2951
2953
2954
295
5

2954
2956
2958
2955
2955
2955
2955
0
0


2959
2949
2954
2957
2953
2956
2946
2960
2
9
53
2957
112
0
0
0
0
0
0
0
0
0
0
0
0


0
0
7
2958
2954
2958
2955
2959
2945
29
5
5
2955
2952
2953
880
2955
2947
2955
2960

9
76
2820
1115
0
0
2261
0
0
907
2960
0

0

0
0
0
0
0
0
0
0
0
0
0
0
2985
2958

2
962
2948
2955
2953
2960
2953
2959
2956
2
9
55
2959
2950
2944
311
0
938
2947
2950
295
7

2960
2950
2951
2953
2958
2954
2953
2946


2946
2950
2960
2960
2938
2956
2957
2957
2
9
63
2953
2963
2956
622
1120
320
0
0
0
0


0
0
0
1348
927
2956
2960
2959
2950
2960


2953
2960
2957
2958
2950
2945
2935
2949

2
951
1423
0
2298
2959
2953
2960
2960
2946

2
973
2954
2960
2955
2953
2965
118
0
0
0


0
0
0
0
0
0
0
0
0
1061
2959
2960
2953


2955
2958
2951
2946
2956
2955
2955
2954
2
9
60
2948
2958
0
0
0
0
0
302
2958
2945

2
949
2958
2755
0
0
0
0
0
0
0
0
0
0
146
9

2955
2960
2949
2958
2954
2955
2957
2953


2953
2953
2951
2951
2646
0
0
0
0
2947
2
9
60
2947
2955
2951
2959
2955
2961
2953
29
5
1
2230
0
0
0
0
0
0
0
0
0
0
0
0
0
29
4
9
2951
2954
2960
2953
2957
2819
2951
295
1

2954
2953
2958
2960
2955
2947
2947
2948

0

0
2941
2958
2951
2958
2947
2960
2955
29
5
7
1588
0
0
0
0
0
0
954
2957
2949
2956


2960
2961
2874
0
0
0
0
0
0
0
0
2954

2
949
2955
2955
2951
2960
2959
2950
2960
2
9
57
2960
2957
2958
2947
2965
2928
0
0
0
0


0
0
1379
2957
2954
1530
0
0
0
0
0
0


0
0
0
0
0
2951
2958
2955
2955
2955
2960


2950
2928
2949
2954
2960
2947
2953
2656

0

1985
2960
2960
2960
2945
2950
2950
2946

2
950
2954
2957
2946
2951
2951
1435
0
0
0


0
0
0
0
0
0
0
0
0
2783
2960
2957
2948


2954
1782
685
2958
2960
2960
2429
0
625


809
0
0
0
0
0
787
2958
2740
0
0
0
0

0

0
0
0
0
0
0
0
0
2951
2947
2951
293
9

2958
2961
2953
2965
2960
2958
2957
2960
2
9
53
2957
2956
2949
2948
2956
2951
2960
29
6
0
2962
2951
2960
2954
2959
2962
2955
2957


2949
2957
2955
0
0
0
0
0
0
0
0
2960

2
957
2954
2953
2954
2957
2954
2960
2957
295
8

2959
2959
2959
2957
2953
2959
2956
2959


2955
2931
2953
2957
2960
2950
2950
2953
2
9
66
0
0
1523
0
0
0
0
0
0
0
0
0
2954


2954
2955
2955
2947
2957
2958
2954
2954
29
5
7
2957
2958
2951
2954
663
2950
2955
2957


0
2811
2958
2958
2960
2959
2983
2960
2957


2960
1072
0
0
0
0
0
2139
1637
0
0
59
2

51
0
0
0
0
0
0
0
0
0
0
0
1569
2962


2953
2961
2953
2951
2960
2959
2953
2955

2
960
2959
2960
2935
2960
2958
2960
2956
296
0

2956
2958
2962
2951
2953
1247
2953
2947


2953
2951
2960
2681
0
0
0
0
0
0
0
0
0


5
2384
2954
2951
2951
2959
2950
2955
29
5
8
2951
2958
2960
2959
2959
2955
2958
2957


2947
0
0
2960
2948
2960
2955
2935
2957

2
950
2957
2959
0
0
0
0
0
0
0
0
0
237
2
9
54
2951
2954
2952
2959
2951
2951
2955
29
5
7
2958
2957
2955
2960
2951
2951
2946
2960


2955
2955
2957
2954
2954
2956
2960
2959

2
960
2960
2960
2956
2962
2960
2960
2954
2
9
51
2734
0
0
0
0
0
0
859
0
0
0
0
0


0
0
0
0
0
0
0
0
0
0
0

0

0
2957
2960
2957
2960
2949
2955
2955


2954
2954
2955
2955
2951
2955
2956
2955

2
951
2960
2957
2957
2957
2955
2959
2962
295
7

2958
2963
2955
2953
2960
2960
2958
2957


0
0
0
0
0
0
0
0
0
0
0
0
0
0
0
0
2
9
56
2951
2955
2960
2960
2952
2951
2959
29
4
5
2954
0
0
543
2949
2931
0
0
2954
2823

0

0
0
0
0
0
0
0
0
0
0
0
0
0
0
0
0


1257
2614
0
2957
2949
2959
2955
2947
2951


2953
2953
2956
2960
2949
2960
2949
2954


2958
2954
2957
2958
2953
2949
2943
2947
29
5
3
2953
2957
2954
2958
2951
2949
2960
295
7

2960
2958
2375
0
2955
2957
1287
1487
0

0

2271
2954
2959
2905
0
2953
2954
2960
2
9
60
2957
2956
2957
2954
2947
2951
2957
2954


2957
2951
2955
2914
0
0
0
2727
2559
0


0
0
0
0
0
0
0
0
0
0
0
0
0
0
0
0
0


0
0
0
0
0
0
2957
2959
2959
2960
2954

2
955
2954
2955
2954
2949
2958
2957
2956
295
0

2956
2966
2958
2956
2955
2953
2957
2953


2959
2951
2959
2958
2940
2957
2960
65
0

2
643
1808
0
0
0
0
0
0
0
0
0
0
0

0

0
0
0
0
0
0
0
0
0
0
0


0
0
0
0
0
2955
2959
2959
2957
2
9
59
2949
2953
2955
2957
2955
2958
2955
29
5
9
2954
2958
2970
2958
2955
2949
2954
2951


2953
2953
2960
2954
2960
2958
2957
2960
2
9
59
2943
2956
2955
2959
2951
2960
2960
1951


2955
2955
2950
2941
2958
2955
2953
2957


2959
2953
2946
2953
2960
2955
2955
2953
29
5
9
2959
2958
2957
2962
1824
0
0
0
0
0

0

0
0
0
0
0
0
0
0
0
0
0
0
0
0
0
0


0
0
0
366
2945
2962
2955
2949
2957
2960


2960
2959
2951
2938
2951
2950
2954
2947

2
960
2951
2974
2957
2954
2960
2954
2957
295
3

2955
2953
2959
2955
2955
2960
2960
2954


2959
2957
2960
2958
2954
2944
0
0
0
686


0
0
0
0
0
0
0
0
0
0
0
0
0
0
0
0
0


0
0
0
0
0
0
0
0
0
0
0
0
0
0
0
0


0
0
0
0
0
0
1077
2959
2954
2958
2961
29
4
9
2955
2959
2961
2955
2956
2960
2957
295
7

2960
2957
2960
2957
2958
2961
2949
2957

2
959
2954
2955
2960
2958
2960
2960
2960
2
9
55
2955
2957
2959
2963
2954
2957
2956
2957


2955
2951
2960
2955
2957
2958
2955
2959


2951
2954
2954
2953
2951
2960
2951
2955
29
5
4
2957
2947
2955
2955
2953
2960
2957
2960


2954
2966
2945
2961
2951
2959
2958
2959

2
955
2956
2960
2955
2958
2958
2954
2957
29
5
8
2957
2951
2955
2960
2956
2958
2951
2960


2961
2960
2963
2953
2954
2954
2955
2950


2953
2955
2959
2950
2950
2953
2958
2958
29
4
9
0
0
2959
2047
1094
2209
0
0
0
2955
2
9
49
0
0
2173
2880
1514
2953
2140
0
0
296
0

2951
2957
2958
2955
2944
2959
2989
2953


2954
2559
2955
2951
2951
2951
2960
2929
16
3
8
2864
2958
2950
2668
0
2960
2958
2951

2
955
2959
393
0
2957
2954
2966
0
1168
2958


2960
2957
2960
2699
0
1393
2953
2953
63
8

0
2958
2960
2955
2955
2955
2355
2877
295
0

2960
2960
400
2957
2959
2957
2957
2960


2946
2957
2959
2961
2958
2377
2919
2971

2
953
2960
2948
2955
1019
1765
2960
2799
247
8

0
2951
2958
2959
2949
2955
2954
2952
2
9
55
0
0
0
0
0
0
0
1739
1808
0
0
0
0


0
0
0
0
0
873
2958
0
0
0
106
1

0
305
1074
0
0
0
2960
2650
0
0
994

7
68
0
1375
0
0
0
2783
2957
0
0
144
2
9
19
1341
2163
2299
0
0
707
2959
2083
0
0


2338
1626
873
2469
0
0
0
2955
2951
0
0


1419
2838
1291
2535
1806
0
0
1950
2960
1
4
52
0
0
2953
2483
2949
2954
75
0
995
29
4
7
2955
0
0
2948
2949
2951
2953
2934
137

1
157
2960
2960
2942
387
2956
2965
2955
29
5
5
2960
2954
2960
2947
2962
2954
2950
2955


2951
2954
2953
2948
2955
2960
2958
2957

2
952
2958
2944
2946
2963
2962
2963
2955
295
6

2959
2955
2958
2954
2958
2959
2960
2963


2955
2960
2959
2960
2960
2960
2955
2960
2
9
50
2955
2955
2948
2955
2960
2957
2955
29
5
0
2956
2960
2958
2919
0
0
2954
2957
2613


0
893
2962
2795
2947
2951
0
0
829
2944

2
950
0
0
2955
2948
2951
2955
2093
0
0
29
5
4
2955
576
0
961
2958
2496
2947
2894
0

0

2511
2950
2951
0
0
2960
2960
2955
2951

1
299
0
132
2955
2953
0
0
2192
2947
2559


2965
2128
0
0
2953
2959
1569
0
0
2955

2
247
2947
2957
0
0
640
2957
2950
0
0
795


882
0
1703
0
0
0
2929
2951
773
0
1603


2951
2957
2955
2947
720
0
2951
2957
2955

2
89
1886
2955
2955
2960
2953
2960
1801
29
4
9
2985
2962
2943
2953
2960
2957
2959
2962


2957
2950
2955
2959
2958
2963
2382
2959

2
955
2939
2970
2960
2953
2960
2957
2954
295
9

2954
2959
2957
2954
2953
2951
2950
2807


2217
2956
2954
2958
2957
2899
0
0
2954
2
9
56
2342
0
1921
2950
2641
2954
2939
0
0


445
2981
2951
0
0
2948
2759
2895
2959
126
4

0
0
2945
2953
0
0
474
2487
930
2640

2
133
0
0
62
2949
417
0
0
1109
0
601
2928


0
0
0
2959
2688
0
0
995
2046
1102
295
9

2800
0
0
2960
2960
599
0
0
1954
111
1
8
72
2960
1126
0
2191
2949
2961
0
0
1477
3
3
1
0
1885
1222
0
0
2960
3091
945
0
1178


2846
0
146
262
0
0
1318
2949
2949
0
0

2
960
1637
386
1920
0
0
0
2954
2949
495

0

2956
2955
2949
2955
2953
400
0
2955
2955


2953
240
2957
2958
2951
2961
2960
2971

2
940
2951
2960
2957
2527
2958
2953
2960
295
7

2959
2960
2960
2956
2957
2961
2950
2960


2953
2956
2957
2946
2957
2947
2953
2957
2
9
33
2955
2959
2955
2959
2958
2960
2958
29
5
8
2951
2951
2979
2954
2957
2956
1689
0
0


0
2909
0
0
0
0
0
0
0
0
0
0
0
0
0

0

0
0
0
0
0
0
0
0
944
0
0
399
29
5
3
2949
2985
2959
2957
2961
2956
2957
2957


2958
2953
2954
2957
2961
2953
2960
2953

2
957
2957
2974
2949
2950
2960
2957
2960
296
0

2951
2931
912
2960
2957
2367
0
2975
29
5
9
2960
2953
2957
0
0
0
0
0
0
0
0
0
0


0
0
0
0
0
0
0
0
0
0
0
0
0
0
0
0

0

0
0
0
0
0
0
0
0
0
0
1490
2955
0
0

2
175
2950
2957
2953
2957
2959
2960
2960
2
9
60
2950
2956
2949
2949
2957
2951
2947
2960


2951
2960
2954
2960
2957
2947
2962
2951


2958
2955
2955
2959
2959
2954
2958
2959
29
6
0
2957
2959
2945
2954
2954
2751
0
0
295
5

2957
456
735
2953
1652
0
2957
2433
0
0


2960
2959
2957
2949
2950
2959
2955
2960

2
959
2950
2960
2963
2953
2959
2953
2962
295
1

2950
2559
2894
0
0
0
0
0
0
0
0
0
0


0
0
0
0
0
0
0
0
0
0
0
435
2962
2954


2957
2962
2960
2956
2957
2959
2958
2958

2
958
2949
2955
2959
2960
2955
2958
2959
295
0

2958
2959
0
286
2955
2954
2955
2960
29
5
8
2960
0
0
0
0
0
0
0
0
0
0
0
0
0
0


0
0
0
0
0
0
2961
2961
2954
2549
2955

2
948
2958
2947
2953
2959
2954
2960
2957
295
8

2961
2954
2955
2959
189
592
0
0
0
0

0

0
0
0
0
0
0
0
0
0
0
0
0
0
0
0
0

0

0
0
0
0
2957
2953
2954
2955
2942
2960


2969
2951
2956
2961
2959
2961
2957
2950
2
9
56
2950
2957
2945
2961
2950
2957
2737
29
4
9
2960
2959
2960
2956
2955
2955
2960
2955


2960
2960
2961
2957
2955
2947
2951
2960

2
953
2962
2958
2956
2954
2954
2955
2950
464


0
0
0
0
0
0
0
0
0
0
0
0
0
0
0
0


0
0
0
0
0
0
0
0
2948
2960
2950
2960
29
6
2
2955
2953
2951
2954
2960
2954
2960
295
9

2960
2960
2951
2960
2950
2960
2942
2954

2
928
685
2960
2953
2959
2947
2955
2959
28
0
7
0
2889
0
0
0
0
0
0
0
0
0
0
0
0
0


0
0
0
2957
2958
2960
2958
2960
2963
294
9

2954
2954
2960
2954
2948
2951
2963
2950

2
961
2960
2958
2956
2951
2955
2959
2959
2
9
57
2960
2960
0
0
0
0
0
0
0
0
0
0
0

0

0
0
0
0
0
0
0
0
0
0
0
0
0
0
1719


1790
2954
2957
2960
2960
2951
2951
2956
2
9
61
2957
2960
2959
2957
2951
2960
2954
296
0

2960
2959
2958
2960
2958
2962
2946
2960


2958
2961
2957
2960
2957
2938
2960
2958
29
5
1
2945
0
0
0
0
2951
2960
0
0
0
0
0

0

0
462
2960
2957
2960
2950
2957
2954
2960


2955
2960
2959
2960
2955
2953
2951
2955


2958
2939
2960
2960
2960
0
0
0
0
0
0
0


1185
2953
2955
2955
2955
2959
2959
2960


2959
2960
2967
2960
2943
2963
2938
2957
29
4
9
2959
2960
2955
2957
2955
2957
2960
295
3

2955
2950
2957
2954
2947
2823
0
0
0
0

0

0
0
0
0
0
0
0
0
0
0
0
0
2547
2978


2954
2959
2957
2960
2957
2955
2953
2962
2
9
60
2959
2958
2950
2961
2959
2960
2955
29
4
3
2960
2955
2960
2954
2957
2955
2960
2957


342
0
0
0
0
0
0
0
0
0
0
0
0
0
0
0


0
0
0
0
0
0
2954
2928
0
0
2956
2957
2
9
60
2960
2959
2960
2953
2959
2948
2958
29
5
5
2955
2957
2957
2945
2957
2955
2950
2957


2951
2954
2956
2957
2960
2953
2959
2953

2
954
2943
2955
2950
2951
2953
0
0
0
2961


2935
1729
0
0
0
0
0
0
0
0
0
2970
2951


2949
2955
2987
2950
2960
2956
2953
2955

2
958
2955
2963
2960
2972
2959
2960
2952
295
4

2960
2960
2955
2951
2958
2953
2963
0
0


2957
2960
2957
2959
2954
2960
2961
2959
2
9
65
2955
2960
2953
2957
2960
2959
2961
29
7
0
2957
2955
2955
2960
2957
2960
2954
2958


2965
2946
2960
2950
2957
2960
14
0
0
0


1933
1462
0
0
0
0
0
0
0
0
0
0
0
2963


2957
2118
2960
2960
2957
2960
2953
2941

2
954
2959
2958
2960
2955
2958
2960
2954
295
7

2960
2959
2953
2956
2960
2962
2959
2946


2960
2959
2960
0
0
0
0
0
0
0
0
0
0

0

0
0
0
0
0
0
0
0
0
0
0
0
0
0
2027


2955
2957
2959
2955
2955
2956
2953
2954
2
9
55
2958
2955
2950
2959
2955
2959
2960
29
5
3
2959
2959
2945
2958
2955
2957
2959
2958


2953
2961
2955
2954
2959
2950
2958
2674

2
943
2954
2961
2960
1706
0
0
0
0
0
0
0

0

0
2093
2960
2958
2960
2960
2963
2955
2
9
58
2948
2954
2958
2957
2963
2958
2957
0
0


0
0
0
0
0
0
0
0
0
0
0
0

0

0
2960
2959
2955
2955
2960
2960
2960
2
9
62
2958
2962
2960
2939
2957
2950
2958
29
5
8
2960
2955
2955
2955
2957
2957
2946
2957


2960
2958
2961
2960
2957
0
0
912
2960
29
5
3
2955
0
0
0
0
0
0
0
0
0
0
0
2465

4
32
263
2957
2959
2955
2950
2951
2951
2957


2958
2957
2959
2960
2953
2953
2954
2956

2
960
2954
2955
2960
2960
2955
2960
2953
295
4

2946
2945
0
0
0
0
0
0
0
0
0
0
0
0


0
0
0
0
0
0
0
0
0
0
0
0
0
0
1662
2
9
57
2949
2956
2956
2955
2955
2958
2958
29
5
4
2959
2959
2957
2949
2951
2958
2958
2953


2957
2956
2954
2957
2949
2960
2943
2960

2
955
2947
2955
2957
2955
2954
2953
2955
296
0

2958
2957
2960
0
0
2960
2849
0
0
0
0


0
1023
2923
899
1999
2958
2960
2956
295
8

2934
2955
2953
2959
2958
2954
2946
2965

2
959
2960
0
0
0
0
0
0
0
0
0
0
104
9

2957
2953
2954
2957
2958
2951
2955
2957


2960
2948
2960
2955
2953
2960
2947
2959
2
9
60
2958
2957
2959
2957
2951
2954
2955
29
5
8
2960
2960
2955
2955
2949
2951
2958
2986


2958
2960
2951
2959
2779
0
2285
2960
2960


0
0
704
1334
2626
2959
2960
2960
2950
2
9
60
2960
2963
2955
2955
2950
2952
2951
294
9

2951
2949
2958
2959
2963
2953
2948
2960

2
957
2960
2959
2957
2971
2960
2951
2960
2
9
60
2961
2954
2957
2961
2939
2956
2555
2951


2960
2957
2910
2951
2961
2953
2959
2954


2961
2958
2957
2954
2959
2956
2960
2960
2
9
54
2951
2954
2955
2946
2955
2009
2959
289
6

0
0
0
0
0
0
0
0
0
0
0
0
0
0
0
0


0
910
2771
0
0
2194
2955
2951
2935
2961


2953
2960
2953
2959
2958
2960
2960
2970
29
5
5
2960
2958
2960
2951
2955
2951
2957
0

0

1331
0
0
0
0
0
0
0
0
0
0
0
0
0
0

0

0
0
0
0
0
0
0
0
0
0
656
0
0
0
29
5
5
2955
2535
976
2955
2962
2950
2960
2958

2
960
2957
2954
2959
2946
2955
2956
2957
2
9
49
2956
2957
2960
2956
2944
2948
2960
29
5
5
2960
2951
2953
2964
2962
2951
2354
2465


2955
2955
2559
0
2064
2960
2924
2938
295
8

671
0
2959
2960
2960
767
2390
2957
2960


2960
2955
2957
2957
2960
2959
2957
2960

2
955
2954
2951
2957
2953
2957
2954
2960
295
0

2955
1626
2951
2947
1115
0
1111
2957
2
9
53
1338
730
2957
2958
2960
2960
2954
2874


2954
2960
2956
2960
2963
2954
2961
2960

2
963
2955
2955
2942
2960
2957
2957
1324
184
6

2960
2955
2957
2961
2160
0
0
2960
2947


0
0
0
0
0
382
0
0
0
0
2961
0
0
0
0


0
361
2588
0
0
0
2954
2960
0
0
2278
26
7
2
2781
2957
2748
0
0
2955
2956
2288
0
2
2
11
2960
2928
2954
2951
0
0
585
2954
2891


0
0
1447
839
1691
2955
1166
0
0
2947
29
4
5
1104
0
2956
2960
2958
2960
2951
2705

2
514
2955
2957
2950
2954
2964
2954
2954
2
9
53
2958
2954
2969
2963
2960
2946
2954
2955


2955
2955
2959
2959
2960
2951
2959
2960


2957
2960
2958
2956
2947
2955
2951
2960
29
4
8
2827
2954
2951
2965
2953
2949
2959
295
1

2958
2958
2953
1891
914
2951
2960
2958
2
9
57
2896
0
0
2950
2958
1366
0
779
2937

2
070
2959
2953
0
0
1981
2955
2951
0
379
2
9
50
2953
2985
2950
2955
1490
2955
2950
29
5
3
2954
2886
2954
2959
2960
2959
2960
798

0

2960
2955
2907
0
155
2956
1922
2950
29
6
0
0
0
0
2741
2318
0
0
0
0
0
42
0
0

0

0
2943
0
0
0
0
0
117
1760
0
0
0
2947


2956
0
0
2954
2647
2960
2960
2146
0
0


2951
2958
0
0
0
385
0
1262
1309
0
0
0

2
955
1587
0
0
64
0
628
2954
0
0
0
2961


2957
246
0
3021
2955
2957
2963
2957
2707


2949
2954
2947
2960
2960
2959
2950
2958

2
960
2957
2949
2957
2949
2951
2949
2957
295
9

2958
2960
2961
2958
2958
2970
2957
2958


2950
2960
2963
2960
2953
2948
2957
2958
2
9
50
2953
2951
2959
2959
2954
2950
2950
76
8

2513
2957
2959
0
0
1818
1456
790
2960
1
7
74
0
0
1638
2950
0
0
0
0
0
0
1033
0


0
0
2959
2951
0
0
2955
2885
2958
2959
29
4
3
0
935
2954
2960
2959
2960
2971
2957
295
5

2960
2958
2959
1941
2949
2942
2950
0
0


1943
838
2939
2950
589
0
0
2955
2954
0

0

0
0
0
0
0
0
0
0
1849
0
0
0
0
0
0


0
0
0
0
2959
2959
0
0
2958
2949
2959


2956
2955
0
0
2960
2953
1596
0
1211
2882


1595
2958
2950
0
0
314
2952
2625
0
0
7
0
2
0
923
2958
131
0
0
2960
2956
0
0
497


1264
1038
2958
2958
523
0
2955
2954
2955


2960
2950
2961
2958
2958
2959
2956
2954
2
9
59
2958
2957
2956
2954
2962
2957
2960
29
6
0
2960
2950
2955
2959
2958
2951
2957
2955


2950
2950
2953
2957
2956
2962
2958
2959
29
5
9
2949
2960
2957
2951
2985
2950
2958
177
9

1359
2953
2959
2959
2958
2959
0
0
2955


2960
416
0
0
253
0
1111
1881
0
0
0
250
3

206
0
0
0
0
0
368
0
0
0
2903
2951

0

0
2064
2783
2487
2954
2959
530
0
2955
2
9
59
2960
2943
2960
2967
2951
2960
2953
29
5
7
2958
2960
2959
2954
466
0
694
0
0
2421


1808
0
0
2960
2957
1224
0
21
438
0
43


57
0
0
0
614
0
0
0
0
0
0
0
0
0
0
1
7
45
2960
1269
0
2960
2957
2960
2954
2965


714
0
2607
2953
2793
0
250
2959
2896
2960


2963
2946
1466
2962
2957
2951
2949
2957


2958
2958
2960
2955
1307
0
0
0
2951
0
0


245
2951
2619
2956
2956
2212
0
2031
2958


2957
449
1678
2960
2958
2957
2963
2957
296
0

2951
2957
2955
2958
2956
2959
2959
2958


2953
2955
2958
2960
2963
2958
2949
2953
2
9
59
2954
2959
2955
2955
2867
0
0
1175
29
5
1
333
2950
2958
2954
2948
2954
2951
2179


0
2945
2960
2960
2952
2955
2960
2961
2955


2950
2953
2957
2949
2951
1495
1790
2320


0
0
0
0
0
0
0
0
0
0
0
0
0
0
0
266

0

0
0
0
0
0
0
0
0
0
2954
2954
2512
2
9
51
2959
2959
2959
2958
2947
2955
2960
2958


2957
2957
2951
2954
2960
2957
2957
2957


2959
2956
2950
2960
2960
2960
1118
0
0
0


0
0
0
639
2960
2951
2957
2959
2960
0
0


0
0
0
0
0
0
0
0
0
0
0
0
0
0
0
2953


2957
2956
2957
2953
2950
2954
2955
2959


2951
2963
2960
2960
2959
2959
2950
2960
29
5
4
2960
2958
2960
2956
2957
2960
2959
294
4

2960
2956
2960
2960
2953
2842
0
0
0
0

1
358
0
0
2960
2960
2960
2953
2944
0
0
0


0
0
0
0
2961
2943
2955
2960
2954
2957
2
9
53
2960
2958
2955
2957
2958
2950
2959
296
0

2960
2956
2957
2960
2949
2955
2962
2957

2
951
2959
2959
2960
2958
2956
2960
2957
0


0
0
2325
2958
2957
2955
2951
2955
2955


2949
0
0
0
0
0
0
0
0
0
0
0
0
0
0
0


0
2881
2947
2951
2960
2960
2959
2957
2948


2957
2960
2954
2960
2954
2960
2948
0
0

0

0
0
0
0
0
0
0
42
0
0
0
244
1

1316
2951
2955
2957
2959
2957
2960
2955

2
957
2957
2959
2949
2951
2949
2955
2961
2
9
60
2960
2956
2960
2960
2958
2954
2947
2943


2957
2542
1770
2959
2958
2958
2958
2953

2
953
2950
2933
2288
0
0
0
0
0
0
0
0
0


0
0
0
0
0
2957
2951
2955
2958
2941
2959


2954
2957
2959
2957
2953
2954
2955
2954
2
9
58
2957
2960
2954
2954
2955
2959
2955
29
5
9
2955
2952
2954
2960
2955
2959
0
0
0

0

0
0
0
0
0
0
0
0
0
0
0
0
0
0
0
0

0

0
0
0
2944
2950
2960
2958
2960
2959
29
5
8
2949
2956
2953
2959
2950
2954
2951
2959


2959
2951
2960
2957
2961
2960
2955
2955

2
960
2949
2950
2974
2957
2939
2959
2955
296
0

2953
1764
0
0
0
0
0
0
0
0
0
0
0
0


0
0
0
0
0
2947
2946
2366
2958
2955
29
5
2
2960
2959
2955
2959
2959
2960
2959
2953


2960
2954
2957
2953
2960
2960
0
0
2960

2
955
0
0
0
0
0
0
0
0
0
0
0
0
0
0
0

0

0
0
0
0
0
0
0
0
0
2956
2953
2960
2
9
56
2960
2950
2958
2960
2954
2959
2973
2959


2960
2953
2952
2951
2954
2960
2955
2958

2
966
2959
2955
2956
2953
2958
2951
2958
2
9
56
2955
2955
2953
2960
2951
2956
2951
2955


2947
2959
2958
2956
2957
2966
2960
2955


2960
2955
2963
2947
2953
2957
0
0
0
0
0


0
0
0
0
0
0
0
0
0
0
0
0
0
0
0
0

0

0
0
0
0
0
0
2960
2038
0
2652
2955
296
2

2953
2959
2960
2960
2954
2949
2947
2957


2953
2955
2959
2957
2957
2960
2971
2955
2
9
50
2955
2954
2957
2957
2955
2954
2951
29
7
9
2959
2958
2959
2954
2951
2949
2947
2960


2960
2957
0
545
0
0
0
0
0
0
0
0
0
0


0
0
0
0
2951
2950
2596
2959
2949
2956
2
9
51
2960
2958
2955
2962
2945
2954
2958
29
5
7
2956
2960
2958
2960
2950
2951
2954
2957


2957
1476
0
0
267
0
0
0
0
0
0
0
0
0


0
0
0
0
0
0
0
0
0
0
0
0
1169
2960
2
9
58
2951
2956
2960
2958
2953
2951
2957
295
1

2960
2960
2949
2956
2960
2960
2965
2947


2962
2955
2953
2957
2960
2960
2966
2958
2
9
58
2958
2958
2951
2959
2955
2955
2961
2956


2959
2954
2938
2955
2955
2949
2966
2963


2959
2963
2959
2959
2954
2959
2959
2963

2
949
2958
2960
1559
0
0
0
0
0
0
0
0
0

0

0
0
0
0
0
0
0
0
0
0
0
464
0
0
10
7
1
2951
2960
2941
2960
2955
2960
2960
2954


2950
2951
2958
2959
2961
2957
2960
2963

2
955
2951
2951
2959
2960
2953
2951
2960
295
1

2967
2954
2954
2958
2954
2958
2951
2069


2949
2957
2951
2958
2960
0
0
0
0
0
0
0


0
0
0
0
0
0
0
0
2958
1818
0
2960
29
7
8
2905
2960
2955
2958
2951
2954
2960
2960


2961
2959
2949
2960
2961
2958
2958
2950

2
957
2958
2960
1449
0
0
0
0
0
0
0
0
0

0

0
0
0
0
0
0
0
0
0
0
2960
2956
2952


2958
2960
2959
2954
2955
2958
2959
2954
2
9
74
2960
2955
2958
2949
2960
2951
2959
29
5
5
2960
2954
2960
2956
2953
2955
2970
2959


2955
2956
2951
2951
2956
2979
2959
2954

2
960
2957
2962
2960
2959
2943
2957
2958
29
4
7
2958
2960
2954
2954
2960
2954
2955
2959


2960
2957
0
0
0
0
0
0
0
0
0
0
0
0

0

0
0
0
0
0
0
0
0
365
1077
0
0
157

0

736
3019
2960
2951
2959
2958
2959
2955


2959
2960
2961
2955
2955
2960
2959
2960
2
9
53
2960
2951
2955
2959
2956
2959
2955
29
5
7
2951
2946
2951
2956
2960
2955
2954
2960


2951
2955
2959
2957
2957
2951
2960
2960

2
959
2449
2958
2957
1015
1792
2678
0
0
0

2
961
2959
0
0
2960
2886
2953
2959
2962
2
6
