2
4
62
1585
1277
1198
1308

2
145
2672
2249
1646
1670
2234
2338
1472
859


508
402
863
1591
1574
765
420
1123
1701


1407
1023
631
311
249
869
1162
323
0
110


725
859
306
68
128
416
1345
2291
2369

1
872
1899
2742
2956
2783
2599
2559
2704
295
4

2960
2959
2955
2957
2959
2956
2960
2955


2960
2960
2960
2955
2955
2958
2957
2957
2
9
59
2958
2957
2954
2959
2959
2958
2957
29
5
0
2953
2959
2955
2968
2960
2956
2955
2957


2957
2955
2953
2951
2941
2960
2959
2959

2
959
2975
2955
2941
2931
2914
2704
1674
809


263
1
370
944
733
0
0
179
586
138
0

0

0
0
490
956
336
0
307
1053
1146
451
11
1

0
77
794
1504
1328
613
464
1201
1669
1
1
04
591
348
336
775
1681
2073
1344
888
1
4
39
2064
1910
1266
953
830
949
1779
2274
1
7
64
1099
1193
1950
2265
1609
1183
1010
10
5
9
1603
2367
2366
1613
1301
1990
2483
2122


1567
1302
1155
1328
2096
2422
1620
941
1
1
68
1739
1683
913
507
315
368
1130
1871
17
0
3
1053
1155
2015
2287
1373
528
53
0
112


855
1184
462
85
729
1533
1584
1146
1062

1
185
1513
2545
2951
2818
2518
2953
2955
2
9
57
2956
2957
2955
2960
2953
2958
2958
2953


2959
2949
2954
2955
2960
2960
2959
2954


2958
2959
2958
2944
2960
2958
2957
2956
29
5
6
2959
2947
2954
2957
2957
2949
2947
295
8

2957
2959
2959
2959
2956
2955
2958
2955

2
955
2951
2958
2959
2958
2951
2949
2502
1
6
16
1408
1680
1434
438
0
0
0
52
558
385

0

0
229
653
163
0
0
0
45
882
1334
650


160
607
1254
1195
529
203
95
186
1008
166
3

1369
655
597
1354
1760
1133
687
559
611


1174
2031
2159
1395
1001
1678
2203
1877

1
245
1997
1174
499
765
1417
1427
751
447

3
46
475
1443
2277
1889
864
403
864
1106
40
5

0
0
0
185
1106
1619
1075
832
1579
238
4

2439
2010
1893
1931
2198
2953
2957
2949


2928
2958
2959
2960
2954
2958
2951
2961
2
9
57
2960
2960
2951
2951
2957
2959
2960
29
5
9
2960
2957
2951
2959
2959
2950
2951
2957


2954
2941
2959
2958
2955
2960
2960
2959
2
9
57
2981
2954
2960
2955
2954
2954
2956
295
6

2958
2958
2960
2957
2960
2957
2958
2960


2128
2109
1125
225
235
740
736
0
0
0
0

1
7
578
511
0
0
405
912
550
73
0
0
222


1093
1513
779
229
685
1335
1338
657
333
1
7
7
253
1039
1726
1456
766
720
1509
1968

1
351
895
708
720
1201
2022
2203
1430
993
1
5
77
2043
1742
1113
878
807
1019
1952
2478


1903
1344
1535
2219
2314
1657
1278
1123

1
169
1859
2559
2434
1699
1409
1982
2293
1
6
35
957
590
407
656
1469
1757
993
511
1038


1702
1633
1184
1049
731
498
1023
1360
7
2
0
0
34
665
1006
436
87
86
326
1135
2175


2434
1915
1789
2608
2953
2839
2634
2593

2
682
2935
2961
2955
2959
2957
2958
2953
295
7

2954
2959
2959
2958
2958
2959
2956
2949


2958
2960
2976
2960
2958
2957
2945
2955
2
9
54
2959
2953
2954
2960
2959
2960
2958
29
5
7
2955
2960
2955
2957
2960
2960
2954
2944


2955
2955
2955
2953
2960
2959
2957
2944

2
313
1431
765
387
464
1073
1166
244
0
143


630
427
0
0
0
0
400
981
587
0
168
933


1279
624
190
16
62
607
1438
1517
720
373


1053
1557
1173
586
320
273
543
1471
202
6

1409
887
1235
1920
1985
1317
965
814
870


1562
2197
1955
1216
1023
1791
2281
1727


1255
1038
941
781
1590
1925
1197
301
0
0


0
474
941
336
0
336
1188
1504
1022
915


996
1302
2210
2927
2864
2530
2586
2951
295
9

2948
2946
2950
2951
2955
2956
2950
2960


2961
2956
2957
2960
2960
2959
2957
2959
2
9
59
2960
2955
2961
2960
2957
2955
2950
29
5
8
2958
2960
2957
2960
2959
2953
2951
2949


2957
2958
2960
2960
2958
2961
2961
2960

2
954
2957
2955
2959
2949
2957
2960
2951
295
6

2960
2955
2956
2960
2957
2959
2958
2954


2961
772
0
0
103
589
405
0
0
0
0
633


1257
821
211
339
1081
1366
703
284
112
15
6

735
1535
1581
768
443
1142
1673
1293
7
4
3
528
509
801
1745
2258
1638
1098
1430
20
8
7
2140
1441
1022
802
819
1535
2245
2062


1392
1275
2027
2450
1849
1330
1072
1023
14
2
4
2260
2547
1829
1386
1953
2526
2288
160
1

1195
931
870
1619
2053
1474
750
756
1441


1692
975
591
434
527
1248
2257
2160
113
3

431
804
1089
556
0
0
0
31
915
1566
113
4

786
1296
2198
2480
2038
1871
1904
2112


2879
2951
2949
2923
2953
2950
2959
2957
29
5
8
2953
2954
2958
2960
2961
2960
2960
295
1

2960
2959
2976
2959
2960
2959
2955
2958

2
960
2960
2958
2945
2951
2956
2963
2955
2
9
55
2954
2955
2955
2959
2951
2953
2955
2957


2951
2957
2959
2953
2958
2956
2953
2960

2
924
2591
2140
2384
2439
1618
618
431
911


1033
196
0
0
0
16
618
638
0
0
369
939


604
83
0
0
145
1059
1535
875
335
628
135
0

1438
730
352
177
208
945
1691
1527
806


624
1429
1941
1401
902
716
706
1105
1968


2257
1488
999
1470
2011
1789
1139
827
73
0

878
1793
2370
1963
1354
1419
2096
2352


1013
1388
1089
105
0
330
813
451
3
0
43


500
1658
2369
1943
1661
2192
2892
2907
2
6
40
2542
2551
2751
2955
2955
2960
2957
2959


2957
2959
2951
2951
2957
2961
2961
2949

2
959
2954
2951
2954
2955
2959
2955
2950
29
5
0
2951
2960
3010
2956
2945
2959
2954
2960


2957
2959
2955
2962
2959
2963
2957
2957
2
9
58
2960
2975
2955
2960
2960
2959
2959
29
5
7
2959
2957
2951
2957
2959
2959
2955
2951


2950
2959
2958
2954
2959
0
0
0
0
119
7
4
0
657
0
0
704
1235
707
212
0
0
350
1233


1622
879
391
857
1491
1374
703
385
289


370
1237
1910
1607
948
1034
1789
2160
150
5

1073
879
880
1398
2159
2159
1343
926
1
6
16
2139
1835
1299
1083
1001
1236
2126
2559


1936
1377
1691
2348
2420
1744
1412
1180


1169
1792
2336
2027
1151
818
1441
1791
111
3

531
260
247
641
1558
1907
1193
879
169
0

2225
1802
795
128
0
0
432
955
535
0
18
7

1072
1589
1153
944
981
1282
2045
2925

2
910
2608
2497
2956
2953
2956
2943
2951
294
5

2952
2960
2960
2953
2941
2959
2960
2957


2959
2941
2955
2942
2957
2959
2951
2957
2
9
59
2959
2954
2948
2960
2957
2953
2954
29
5
7
2950
2960
2957
2956
2955
2949
2959
2955


2960
2975
2960
2951
2955
2959
2949
2962

2
965
2949
2953
2941
2438
1847
2108
2148
126
2

411
0
0
16
663
876
48
0
65
586
465

0

0
0
0
556
1228
962
305
314
1056
1458
789
339
139
137
645
1501
1586
781
354
100
8

1589
1295
701
528
526
810
1751
2313
1751


1182
1441
2111
2192
1463
1023
742
727
1
3
75
2105
1978
1285
1158
1935
2431
1911
1416


1172
1149
1522
787
1040
627
0
0
0
0
5
5
8
1239
981
604
926
1914
2380
1938
1727
17
3
3
1913
2624
2956
2956
2887
2895
2953
296
2

2960
2960
2958
2955
2953
2951
2957
2959

2
955
2950
2956
2951
2950
2959
2957
2959
2
9
60
2959
2955
2960
2958
2960
2949
2959
2959


2954
2950
2960
2955
2955
2953
2960
2960

2
955
2960
2954
2959
2959
2957
2955
2953
295
8

2949
2951
2958
2959
2951
2956
2954
2954


2948
2950
2951
2953
2951
2957
2959
2958


2957
2951
0
0
14
547
511
0
0
0
0
691
1
3
49
1047
359
316
1076
1470
814
336
109
9
2

634
1495
1664
905
537
1247
1893
1649
107
7

816
782
991
1903
2389
1791
1171
1377
1
9
75
2005
1303
942
798
899
1639
2395
2279
1
5
75
1360
2087
2502
1971
1429
1186
1164
15
9
1
2422
2671
1877
1357
1790
2229
1927
1137


688
449
463
1266
1808
1375
704
787
1567


1910
1343
1199
1043
818
1039
1501
1264
275


0
401
962
624
154
38
149
594
1751
2466


2041
1746
2239
2914
2911
2672
2551
2538
2
7
68
2951
2955
2957
2955
2951
2954
2954
2950
2955
2959
2954
2958
2954
2956
2963
2953
2953
2960
2955
2958
2960
2955
2957
2956
2
9
58
2944
2955
2957
2950
2961
2959
2959
295
7

2960
2957
2958
2960
2953
2970
2949
2949


2959
2959
2959
2955
2953
2951
2956
2779
19
4
5
1237
685
418
1010
1378
751
0
0
559
7
8
5
82
0
0
0
109
820
912
185
0
623
1216

8
97
330
58
15
243
1170
1697
1077
493
785


1456
1529
812
425
256
353
1071
1825
174
4

1049
880
1658
2137
1587
1094
881
846
122
8

2023
2223
1409
877
1415
2013
1911
1314


1023
949
1087
1931
2034
1851
784
74
0
0

1
23
720
690
3
0
731
1441
1189
861
877
10
8
8
1667
2705
2938
2640
2387
2911
2960
2955


2935
2946
2956
2944
2956
2955
2957
2957

2
956
2954
2953
2955
2958
2946
2930
2957
295
9

2957
2959
2959
2954
2959
2954
2960
2948


2955
2954
2955
2953
2958
2955
2950
2949
2
9
55
2960
2957
2958
2956
2959
2957
2953
29
5
4
2947
2953
2957
2955
2949
2954
2953
2959


2953
2955
2958
2954
2955
2959
2953
2954

2
957
2951
2953
2949
432
579
0
0
0
0
257


1023
1076
337
80
771
1294
859
323
98
76


416
1301
1715
983
482
886
1555
1535
880
584
503
645
1478
2182
1945
1271
1201
1918
2289
1664
1167
861
752
1196
2024
2229
152
3

1143
1778
2332
2094
1465
1169
1072
1225


2117
2592
2034
1462
1731
2378
2451
1716
1
2
34
911
802
1315
1918
1719
859
528
1218

1
665
1139
619
435
401
861
2005
2448
1505
6
6
5
741
1104
845
43
0
0
0
583
1357
1227


739
957
1914
2517
2130
1885
1840
2010
2675


2959
2959
2924
2928
2957
2954
2955
2959


2956
2949
2950
2957
2961
2950
2960
2959
29
5
9
2957
2958
2954
2960
2953
2959
2951
295
7

2955
2943
2955
2957
2944
2958
2954
2943

2
947
2955
2955
2944
2951
2955
2960
2955
2
9
53
2951
2947
2959
2955
2955
2957
2954
2945


2713
2260
2375
2501
1856
784
366
866
11
1
1
351
0
0
0
0
502
768
30
0
203
807
733


146
0
0
47
903
1523
1072
403
478
1232


1535
852
430
217
240
811
1651
1689
920
56
0

1298
1883
1535
987
755
720
961
1856
23
2
2
1721
1152
1405
2003
2016
1293
912
771
8
5
4
1619
2335
2183
1470
1296
2000
2409
1847


1350
1215
162
0
138
661
540
6
0
0
306


1398
2229
2062
1671
1926
2782
2933
2640
2
4
84
2455
2672
2952
2957
2959
2949
2960
2959


2957
2950
2961
2960
2951
2954
2953
2950


2957
2958
2952
2960
2959
2960
2960
2958

2
955
2955
2957
2958
2960
2953
2951
2954
295
6

2944
2957
2960
2960
2955
2951
2958
2954


2951
2951
2957
2955
2956
2960
2955
2960
2
9
57
2953
2951
2955
2955
2960
2960
2952
29
5
7
2957
2950
2955
2951
2949
2956
0
0
0
46
6

831
159
0
372
1034
944
291
6
0
28
849
1471
1077
442
511
1263
1559
860
447
271
304
879
1730
1855
1109
778
1485
2066
1694
1101
834
769
1023
1877
2298
1587
987
1301
1988
2064
1416
1087
927
999
1707
2366
2165
1479
1336
2047
2514
1964
1483
1224
1117
1427
2169
2309
1397
778
1232
1726
1467

7
38
371
227
335
1218
1855
1462
870
1201
2
1
44
2286
1306
497
1
0
217
890
954
208
0


724
1443
1322
917
912
1065
1527
2583
2946


2646
2378
2815
2954
2945
2945
2943
2941

2
943
2960
2953
2953
2949
2956
2951
2958
295
1

2960
2961
2955
2961
2954
2960
2957
2946


2960
2955
2953
2954
2957
2959
2957
2960
2
9
59
2955
2960
2953
2959
2953
2960
2954
29
5
8
2954
2960
2951
2943
2959
2957
2957
2955


2958
2957
2960
2802
2160
2099
2271
1824

7
81
192
0
0
393
907
573
0
0
464
876
24
0

0
0
0
166
1023
1366
624
173
709
1334
1
1
36
496
191
114
255
1137
1712
1244
599
71
7

1438
1712
1040
623
496
591
1186
2015
208
5

1328
1003
1712
2205
1788
1210
903
783

9
88
1883
2352
1678
1168
1535
2206
2224
1535


1215
1995
994
583
976
1120
284
0
0
0

1
76
1038
1328
743
545
1427
2238
2160
1821

1
721
1840
2227
2955
2954
2935
2907
2957
2
9
60
2953
2936
2959
2958
2958
2958
2960
2959


2954
2955
2953
2957
2959
2949
2960
2957


2958
2940
2958
2982
2954
2953
2955
2944

2
947
2954
2953
2951
2954
2953
2956
2960
295
8

2951
2954
2957
2957
2953
2957
2957
2951


2956
2955
2959
2944
2958
2951
2959
2955

2
954
2949
2949
2955
2957
2951
2960
2957
0

1
35
573
166
0
0
489
816
214
0
0
0
413


1219
1267
489
144
818
1382
1061
478
231
1
5
9
392
1307
1814
1195
650
971
1718
1841

1
168
846
722
804
1500
2224
2063
1307
1125

1
806
2180
1601
1050
813
803
1235
2117
244
8

1722
1234
1773
2327
2145
1493
1205
1088

1
204
2096
2634
2197
1505
1518
2106
2225
14
0
3
793
492
427
888
1634
1642
833
470
1221


1799
1427
1043
1070
900
839
1411
1526
62
7

0
144
774
877
239
7
29
274
1201
2161

2
223
1731
1779
2647
2947
2765
2559
2541
2
6
73
2956
2959
2954
2950
2950
2947
2960
2953


2959
2958
2958
2960
2958
2957
2955
2960


2953
2954
2956
2957
2954
2960
2954
2955
29
6
0
2960
2955
2959
2959
2957
2957
2955
296
0

2960
2960
2958
2953
2951
2959
2954
2951

2
958
2957
2951
2957
2959
2956
2962
2956
25
8
6
1837
1146
718
827
1369
1257
247
0
254
702
329
0
0
0
0
442
960
431
0
192
947


1167
487
98
0
33
640
1425
1370
603
343
1
0
78
1584
1102
528
290
240
594
1517
1955

1
309
838
1303
1966
1921
1266
929
752
843
1
6
66
2223
1872
1146
1078
1809
2208
1578
11
2
2
935
960
1487
2288
2473
1594
703
101
0

7
1
752
986
237
0
496
1257
1305
875
784

9
11
1274
2341
2928
2719
2349
2625
2949
29
5
4
2941
2930
2937
2958
2960
2957
2953
2960


2960
2950
2951
2958
2957
2937
2953
2953

2
959
2959
2960
2960
2953
2953
2958
2957
295
8

2960
2956
2953
2954
2955
2956
2950
2954


2953
2960
2953
2959
2947
2960
2949
2957
2
9
77
2948
2957
2960
2957
2959
2953
2955
29
5
4
2959
2959
2964
2960
2961
2959
2957
2950


2959
2960
0
0
234
605
36
0
0
0
48
837


1213
497
74
608
1213
1061
412
133
38
178


1050
1662
1239
624
693
1433
1715
1008
6
2
8
496
575
1181
2014
2081
1360
995
1710
219
8

1812
1200
895
783
993
1849
2309
1703
1162
1493
2193
2268
1563
1206
1035
1090
1809


2471
2279
1616
1484
2228
2625
1988
1408
1072
880
1126
1835
2010
1111
545
993
1535


1360
715
417
340
528
1561
2390
1890
944
678
1098
1143
286
0
0
0
292
1149
1367
80
2

682
1595
2353
2177
1843
1774
1869
2281


2953
2956
2939
2909
2951
2960
2954
2959

2
954
2959
2950
2958
2954
2956
2954
2960
295
8

2960
2959
2961
2952
2956
2955
2955
2955


2950
2959
2954
2938
2953
2957
2951
2954
2
9
43
2959
2948
2957
2960
2953
2958
2960
296
5

2953
2954
2955
2953
2959
2951
2959
2957

2
855
2443
2177
2416
2224
1117
298
495
919


643
0
0
0
0
130
625
272
0
0
465
862
2
8
5
0
0
0
380
1232
1343
545
154
813
1392


1108
493
226
151
378
1277
1809
1173
640

9
24
1670
1846
1185
826
683
767
1479
2188


2064
1309
1088
1773
2172
1573
1018
784
7
6
9
1210
2099
2379
1649
1216
1722
2295
2110


1402
1515
645
0
64
658
816
193
0
0
184


1011
2015
2194
1695
1680
2549
2942
2745
2
5
01
2464
2599
2937
2955
2959
2960
2963
29
4
9
2955
2959
2949
2955
2955
2953
2958
2953


2954
2969
2955
2960
2954
2954
2951
2960
2
9
53
2958
2959
2955
2953
2955
2958
2949
29
5
4
2959
2953
2953
2944
2951
2953
2956
2947


2953
2953
2955
2955
2956
2959
2957
2955

2
953
2959
2958
2959
2954
2949
2955
2954
295
5

2953
2952
2948
2960
2943
2963
0
0
0
417
893
330
0
193
928
1123
449
109
0
43
6
7
7
1403
1339
639
416
1151
1654
1132
570
3
7
1
325
734
1633
2034
1346
880
1412
2062
19
3
6
1267
959
839
959
1805
2337
1811
1149

1
187
1904
2178
1519
1111
938
979
1535
2332


2336
1589
1264
1939
2450
2075
1526
1263

1
095
1243
2033
2352
1590
912
1122
1696
1675


880
462
272
325
1075
1801
1648
966
971


2005
2475
1648
765
214
0
105
822
1090
34
2

0
525
1271
1335
886
779
914
1303
2357

2
921
2731
2393
2672
2954
2957
2939
2935
29
4
2
2949
2960
2960
2958
2967
2959
2959
2954


2960
2957
2955
2954
2958
2955
2955
2939
2
9
55
2949
2960
2954
2949
2958
2951
2953
29
5
9
2953
2960
2948
2951
2956
2959
2949
2960


2958
2958
2959
2956
2953
2953
2955
2963

2
959
2951
2958
2955
2823
2165
1991
2170
181
7

750
114
0
0
227
741
448
0
0
311
714


167
0
0
0
64
866
1257
528
110
640
1277
1136
441
130
46
191
1034
1628
1175
508
620
1358
1667
976
560
422
496
1110
1955
2000
1293
958
1664
2192
1794
1179
878
765
957
1827
2289
1662
1150
1486
2142
2197
1535
1183
1023
1273
736
1113
1273
457
0
0
0


71
890
1343
763
502
1264
2123
2230
1794


1726
1779
2060
2933
2951
2937
2896
2955
29
5
1
2947
2950
2949
2953
2958
2955
2959
294
7

2960
2959
2955
2958
2960
2962
2929
2959

2
959
2961
2949
2958
2954
2962
2957
2954
2
9
60
2954
2947
2954
2955
2960
2950
2956
2950


2951
2955
2953
2953
2958
2960
2950
2955

2950
2959
2954
2955
2931
2956
2961
2959
29
5
4
2950
2959
2951
2960
2951
2955
2935
0

0

471
368
0
0
277
718
304
0
0
0
123
978
1380
637
132
585
1265
1245
590
279
140
233
1033
1686
1392
704
651
1447
1905
1274

8
43
688
720
1234
2082
2219
1456
1041
1652


2128
1759
1118
814
770
998
1918
2422
1831


1267
1519
2185
2278
1599
1222
1087
1140


1841
2517
2330
1535
1265
1877
2192
1519
84
7

529
405
694
1530
1827
1046
594
1105
17
4
4
1704
1151
1127
1162
1069
1584
1798
1015


182
124
742
1040
391
64
32
258
1023
204
5

2315
1805
1680
2514
2936
2773
2495
2435


2535
2877
2954
2951
2951
2951
2959
2959
2
9
50
2956
2959
2958
2955
2953
2957
2957
295
7

2956
2945
2958
2955
2960
2953
2954
2959

2
957
2950
2947
2954
2954
2965
2955
2955
2
9
53
2951
2967
2960
2955
2948
2958
2955
2958


2962
2958
2957
2955
2951
2960
2955
2958


2559
1751
1066
637
663
1274
1343
374
0
19
8

689
464
0
0
0
0
341
867
511
0
121
8
7
9
1241
610
194
11
49
610
1424
1479
701
3
7
7
1038
1535
1151
549
301
240
483
1411
1
9
78
1410
855
1209
1918
2023
1328
977
834


905
1610
2231
2006
1209
1008
1727
2202
169
3

1574
1598
821
586
1535
1984
1352
432
0


0
0
475
919
296
0
295
1104
1400
947
790


880
1200
2096
2900
2821
2423
2447
2950
2
9
51
2947
2928
2933
2945
2963
2956
2959
29
5
1
2944
2952
2949
2960
2951
2956
2958
2954


2956
2953
2957
2958
2960
2954
2958
2953

2
955
2960
2960
2956
2953
2951
2956
2966
295
5

2962
2958
2953
2958
2949
2955
2947
2959


2957
2951
2949
2958
2954
2955
2954
2958
2
9
58
2958
2955
2953
2950
2954
2957
2959
295
9

693
627
0
0
167
625
278
0
0
0
0
774


1328
721
224
542
1211
1296
574
208
76
16
1

867
1568
1447
678
498
1253
1716
1163
657


470
559
991
1869
2198
1454
997
1526
209
6

1950
1267
929
721
791
1645
2234
1869
128
0

1395
2118
2371
1681
1232
1046
1081
164
8

2402
2439
1712
1421
2101
2583
2177
1616

1
291
1122
1198
1886
2176
1363
703
915
1514


1510
777
407
290
388
1234
2139
1830
819


337
767
1019
290
0
0
0
50
912
1385
833


613
1363
2209
2288
1882
1794
1840
2129
294
4

2965
2939
2901
2951
2961
2958
2956
2960


2958
2957
2955
2960
2960
2957
2950
2955
2
9
60
2950
2958
2954
2943
2944
2958
2954
29
5
4
2956
2962
2959
2954
2957
2955
2962
2955


2959
2949
2959
2949
2953
2948
2950
2960

2
961
2957
2955
2954
2951
2956
2950
2955
290
7

2559
2230
2521
2435
1371
494
567
1007

8
80
53
0
0
0
173
761
559
0
0
511
1003
4
4
9
3
0
0
331
1174
1495
738
286
771
1417


1298
647
333
185
286
1139
1687
1275
647


719
1497
1841
1169
790
629
682
1292
2098


2143
1406
1069
1681
2103
1644
1047
810
7
7
4
1047
1968
2451
1808
1264
1575
2194
2231


1265
1488
906
21
0
479
885
310
0
0
115


746
1808
2254
1737
1579
2352
2919
2809
25
1
9
2423
2485
2826
2958
2948
2948
2957
295
9

2955
2957
2949
2958
2953
2958
2950
2949

2
951
2954
2957
2958
2949
2947
2951
2960
2
9
55
2953
2953
2963
2949
2950
2959
2961
2960


2954
2950
2951
2957
2960
2954
2956
2955


2951
2951
2957
2959
2951
2958
2958
2955
295
5

2954
2959
2955
2955
2953
2965
2974
2954


2955
2950
2951
2957
2954
2959
0
0
0
134


655
427
0
0
673
1149
538
109
0
0
405

1
227
1453
698
271
878
1445
1158
511
241
15
6

374
1303
1878
1379
854
1115
1871
2042

1
362
1008
853
911
1535
2205
2037
1204
931

1
680
2177
1693
1208
991
964
1296
2161
250
5

1789
1324
1737
2368
2301
1637
1287
1101

1
078
1790
2263
1819
1038
917
1535
1807
10
8
1
554
302
295
811
1666
1845
1109
811
1712


2541
2135
1232
576
162
90
795
1196
542


2
357
1137
1451
944
779
849
1181
2036
2
8
83
2835
2451
2433
2945
2956
2939
2927
2899


2941
2950
2956
2949
2950
2951
2960
2951

2
957
2960
2959
2949
2970
2954
2959
2960
295
8

2951
2958
2960
2955
2960
2956
2959
2959


2958
2954
2957
2958
2957
2958
2960
2950
2
9
59
2955
2945
2950
2948
2958
2957
2952
29
5
3
2959
2960
2958
2944
2596
2240
2395
2165


1072
294
0
0
81
659
605
0
0
144
591
2
7
2
0
0
0
0
649
1201
622
112
403
1104
119
7

479
141
7
118
816
1521
1387
656
480
1
2
17
1725
1168
653
457
528
976
1850
2177
14
7
9
1018
1535
2138
1950
1280
926
797
817

1
635
2201
1811
1235
1334
2084
2335
1642
12
0
5
1019
1052
1606
1331
1438
729
0
0
0
0


752
1297
791
458
1023
1925
2197
1760
1622


1649
1919
2763
2947
2941
2865
2944
2955


2951
2960
2958
2960
2960
2965
2948
2957
29
6
0
2951
2960
2956
2958
2954
2960
2954
296
0

2957
2933
2948
2960
2951
2959
2960
2958

2
951
2951
2960
2958
2951
2958
2957
2956
2
9
56
2957
2953
2955
2954
2955
2961
2955
2957


2958
2943
2959
2950
2947
2953
2957
2958


2951
2953
2952
2958
2954
2956
2951
2959
29
6
0
511
538
0
0
228
737
456
0
0
0
46
90
6

1408
800
220
461
1178
1328
618
267
112


166
835
1585
1489
756
569
1318
1872
1380


867
657
685
1073
1933
2258
1508
1046
1509


2057
1877
1189
848
755
914
1799
2390
19
9
4
1392
1451
2128
2372
1705
1298
1122
1201


1771
2543
2551
1812
1429
2015
2373
1840

1
105
683
471
596
1410
1795
1090
540
843
15
6
5
1665
1019
903
960
903
1280
1616
1125

1
80
0
551
985
459
26
0
113
702
1776
2331


1810
1598
2289
2914
2827
2496
2415
2495
2
7
54
2957
2955
2958
2948
2960
2958
2955
295
4

2955
2943
2949
2953
2959
2959
2959
2955


2957
2960
2951
2955
2959
2949
2949
2955
29
5
5
2951
2954
2958
2966
2954
2960
2949
295
1

2962
2954
2957
2959
2960
2953
2960
2950

2
959
2950
2955
2957
2955
2949
2954
2857
2
1
15
1371
787
572
1132
1382
586
0
5
531
60
5

0
0
0
0
109
748
736
49
0
627
1212
8
1
4
283
64
41
316
1194
1635
951
431
834

1
499
1456
756
425
313
397
1169
1845
1651
1
0
23
976
1766
2181
1563
1083
864
877
1328


2128
2231
1429
958
1578
2159
1921
1328
108
4

1003
1171
2058
2546
1973
1281
528
0
0


332
907
731
33
0
771
1410
1041
711
728
9
6
6
1614
2626
2907
2499
2289
2894
2946
295
3

2928
2941
2945
2947
2958
2953
2959
2939

2
959
2955
2955
2953
2954
2947
2959
2960
2
9
55
2955
2950
2959
2951
2963
2958
2955
2954


2950
2958
2959
2960
2959
2955
2956
2959


2957
2949
2955
2948
2954
2956
2928
2951
29
6
0
2960
2960
2954
2950
2955
2950
2959
2953


2958
2953
2960
2948
2954
2953
2939
2959

2
963
2964
2953
2960
336
418
0
0
0
0
144


879
941
240
55
789
1314
874
282
63
32
31
7

1217
1678
1009
461
786
1462
1520
844
4
9
6
405
560
1323
2042
1878
1186
1072
1813
2
2
43
1633
1117
858
781
1126
1943
2201
1473


1061
1614
2199
2047
1392
1103
976
1090
19
4
2
2465
2047
1457
1563
2288
2475
1705
119
1

909
817
1237
1881
1791
924
539
1173
16
4
6
1234
663
436
423
721
1751
2497
1936
115
5

1143
1456
1217
275
0
0
0
454
1231
1169


640
688
1673
2321
1985
1697
1701
1847
24
1
1
2946
2953
2911
2877
2959
2959
2954
2951


2960
2950
2955
2954
2958
2959
2951
2951

2
951
2950
2955
2954
2953
2974
2954
2958
29
5
6
2960
2960
2955
2955
2957
2945
2957
2953


2955
2951
2955
2951
2950
2976
2957
2955

2
953
2955
2951
2951
2955
2960
2957
2946
295
1

2937
2721
2559
2734
2416
1219
448
764

1
114
641
0
0
0
0
215
653
149
0
0
528
79
9

161
0
0
0
493
1279
1282
496
190
891

1
425
1049
470
227
176
431
1339
1808
1145

6
25
976
1679
1791
1151
821
703
814
1559

2
229
2014
1329
1202
1891
2256
1599
1055
842


843
1302
2140
2443
1714
1264
1808
934
8
9
8
1403
1573
688
0
59
630
767
119
0
0
82


869
1882
2080
1568
1535
2432
2917
2662

2
370
2303
2433
2868
2960
2958
2951
2956
295
7

2955
2960
2950
2955
2959
2959
2957
2954


2958
2960
2956
2957
2973
2956
2956
2959
2
9
57
2955
2955
2951
2958
2955
2955
2958
29
5
9
2960
2955
2955
2958
2953
2950
2943
2948


2960
2958
2951
2957
2960
2950
2954
2955

2
957
2955
2957
2951
2957
2958
2960
2956
295
7

2955
2956
2958
2953
2954
2956
0
0
0
3
5
2
809
266
0
165
882
1073
401
37
0
0
601


1354
1273
549
347
1091
1573
1022
466
27
8

262
667
1535
1925
1261
818
1337
1987
190
6

1235
907
816
923
1779
2291
1835
1152
1
2
00
1925
2208
1523
1109
944
995
1535
2332

2
335
1593
1252
1931
2426
2073
1495
1217
1
1
15
1274
2047
2395
1611
965
1141
1726
1702


905
493
304
351
1066
1775
1639
954
887

1
867
2524
1830
977
381
60
187
880
1084
294


0
511
1252
1310
858
752
880
1266
2307

2
913
2704
2339
2617
2957
2955
2932
2928
292
8

2947
2963
2959
2960
2955
2955
2957
2956


2948
2957
2959
2951
2955
2958
2958
2953
29
5
0
2938
2955
2954
2960
2955
2954
2959
295
5

2957
2953
2960
2954
2951
2960
2955
2951

2
960
2951
2955
2960
2950
2954
2960
2951
2
9
53
2957
2949
2953
2885
2315
2131
2250
1856


764
85
0
0
179
688
407
0
0
253
653
8
7

0
0
0
27
843
1204
476
85
600
1225
1103


434
118
35
171
1046
1654
1220
573
654

1
403
1711
1017
592
437
550
1140
1974
2022


1287
983
1679
2177
1808
1214
912
805
963


1807
2273
1646
1150
1470
2135
2234
1558

1
200
1011
1093
1794
1235
1254
359
0
0
0
5
2

827
1177
592
380
1232
2043
2081
1683
1
6
15
1712
2095
2943
2975
2913
2869
2955
2955


2957
2951
2957
2954
2953
2951
2959
2959


2955
2956
2951
2954
2957
2950
2957
2954
29
5
8
2954
2959
2960
2960
2953
2960
2951
295
7

2960
2957
2957
2959
2945
2954
2946
2960

2
951
2959
2956
2955
2960
2957
2958
2960
29
6
2
2957
2956
2954
2954
2954
2957
2958
2948


2956
2954
2948
2950
2949
2960
2958
2953

9
3
544
212
0
0
399
794
200
0
0
0
355
11
9
4
1399
656
210
853
1457
1233
633
337
25
4

429
1307
1866
1304
720
971
1710
1907
124
5

897
777
845
1471
2235
2158
1428
1171
1
8
55
2269
1703
1102
839
795
1153
2032
2413


1702
1227
1653
2219
2145
1487
1178
1050
1
1
28
1938
2550
2202
1447
1360
1991
2209
14
4
0
827
511
427
829
1602
1684
875
454
1117


1703
1438
898
832
1038
1161
1702
1803
848


55
173
752
851
176
0
0
144
966
1935
20
6
0
1573
1589
2485
2959
2663
2401
2357
2494


2900
2954
2947
2954
2950
2950
2960
2963
2
9
56
2957
2955
2950
2958
2954
2958
2950
29
5
7
2953
2951
2957
2956
2951
2947
2959
2959
2959
2954
2949
2954
2957
2957
2955
2960

2
950
2954
2950
2958
2960
2959
2959
2957
295
7

2960
2959
2960
2954
2961
2960
2951
2787


2082
1361
862
822
1347
1359
368
0
176
6
2
4
402
0
0
0
0
301
822
454
0
75
821
1
1
85
528
131
0
15
540
1337
1417
666
326
99
0

1526
1155
567
334
263
527
1408
1968
14
1
5
892
1209
1890
1986
1299
975
831
884
158
5

2256
2013
1220
1034
1764
2205
1664
1164


965
994
1367
2207
2471
1958
992
350
0
0


593
1054
448
0
242
1045
1399
863
701
79
7

1098
1934
2813
2819
2395
2347
2944
2960

2
933
2900
2919
2939
2954
2950
2951
2947
2
9
32
2959
2954
2951
2960
2960
2957
2960
2960


2965
2954
2954
2958
2955
2950
2954
2952


2955
2957
2957
2953
2960
2955
2955
2951
29
6
0
2961
2950
2958
2962
2949
2953
2954
296
0

2960
2949
2953
2960
2957
2960
2948
2951

2
958
2961
2947
2959
2958
2956
2944
2947
2
9
52
2951
2957
0
87
525
237
0
0
0
0
567

1
138
631
99
336
1072
1274
560
175
18
105


753
1494
1461
689
406
1134
1659
1186
649


416
426
832
1763
2161
1482
989
1426
2074


1984
1319
960
799
798
1575
2160
1851
1182


1199
1936
2321
1669
1222
997
1007
1506

2
341
2427
1690
1332
1987
2549
2213
1589
126
6

1043
1089
1811
2155
1403
704
857
1478

1
535
818
433
291
391
1125
2079
2099
1231
6
7
9
1091
1251
511
0
0
0
5
848
1344
750
4
8
2
1187
2067
2215
1811
1713
1783
2070
2919


2953
2943
2886
2955
2960
2960
2951
2957

2
955
2955
2959
2959
2955
2955
2949
2957
295
0

2949
2960
2960
2955
2957
2956
2957
2954


2957
2955
2957
2960
2956
2956
2957
2938
2
9
62
2959
2957
2953
2959
2953
2957
2961
29
5
3
2958
2949
2941
2959
2953
2961
2954
2924


2625
2256
2523
2467
1421
511
544
973
865


33
0
0
0
94
656
458
0
0
425
934
434
0


0
0
299
1168
1533
785
305
768
1407
129
6

652
336
189
240
1088
1709
1362
706
731


1485
1872
1279
835
663
686
1265
2090
2159


1375
1008
1665
2140
1748
1103
822
746
9
8
9
1919
2411
1834
1289
1602
2239
2284
1615


1267
1106
0
0
290
696
176
0
0
0
543
1
6
36
2206
1722
1504
2245
2902
2827
2506
2413


2468
2731
2952
2955
2955
2956
2953
2953

2
954
2958
2950
2955
2957
2960
2955
2955
29
5
5
2951
2954
2958
2958
2958
2956
2960
2956


2957
2955
2955
2960
2958
2955
2953
2959

2
956
2954
2958
2954
2946
2954
2962
2958
29
5
7
2951
2956
2950
2948
2951
2961
2958
2961


2945
2955
2953
2961
2946
2956
2954
2950

2
957
2949
2958
2954
2961
2955
2954
2960
295
5

910
688
16
0
731
1255
710
229
32
33

3
95
1263
1603
877
418
922
1535
1401
734

4
30
307
421
1305
1904
1529
961
1071
1808
2
1
22
1459
1015
816
838
1424
2181
2194
1355


987
1648
2157
1788
1206
977
962
1212
2082


2539
1895
1345
1645
2284
2365
1727
1390

1
261
1344
2063
2725
2527
1788
1456
2012
22
5
7
1477
790
417
336
650
1497
1821
1081
65
0

1360
1936
1532
533
0
0
0
299
809
439
0


83
939
1442
1008
825
874
1149
1961
2885


2899
2548
2443
2946
2951
2947
2934
2941
2
9
60
2953
2953
2958
2951
2971
2953
2953
29
5
0
2958
2959
2959
2960
2961
2953
2960
2960


2950
2949
2951
2958
2960
2960
2960
2956

2
959
2960
2960
2951
2955
2949
2955
2957
29
5
9
2953
2958
2960
2954
2960
2959
2955
2957


2951
2951
2960
2687
1814
1440
1746
1671

6
66
5
0
0
64
670
677
0
0
231
702
365

0

0
0
0
822
1393
785
292
598
1305
1387
6
5
7
298
119
246
940
1659
1489
757
554
129
8

1754
1197
680
458
511
960
1869
2204
1468


993
1530
2147
2000
1350
1021
850
901
17
0
7
2245
1840
1189
1318
2064
2341
1677
1247


1041
1077
1616
2373
2416
197
0
0
0
0
6
4
5
1201
693
432
1104
1995
2197
1789
1712
1
7
71
2031
2894
2954
2941
2877
2950
2957
29
5
5
2948
2958
2955
2957
2965
2957
2958
2955


2960
2959
2951
2949
2949
2942
2955
2959
29
5
8
2953
2951
2969
2951
2955
2949
2961
295
7

2957
2960
2958
2955
2959
2950
2956
2951


2959
2956
2963
2962
2949
2957
2951
2954
2
9
57
2957
2955
2960
2951
2951
2954
2957
29
8
3
2959
2958
2961
2959
2951
2953
2955
2953


2957
2957
0
0
290
775
458
0
0
0
96
10
1
7
1535
880
317
607
1318
1435
765
414
258


293
979
1705
1569
839
643
1394
1906
1429


943
741
747
1151
1999
2319
1567
1091
1610


2159
1947
1241
880
767
878
1766
2375
199
9

1392
1437
2142
2356
1705
1283
1104
1133


1697
2480
2528
1819
1489
2110
2535
2006
1
2
53
815
592
662
1435
1823
1081
496
759
145
4

1563
888
688
713
619
1023
1366
909
0

0

396
835
317
0
0
16
603
1681
2224
1734

1
501
2231
2897
2825
2503
2406
2438
2677
2
9
54
2960
2944
2953
2954
2959
2956
2958
2951


2958
2953
2957
2951
2957
2959
2953
2957


2960
2960
2953
2953
2958
2959
2959
2957
29
5
5
2955
2955
2960
2960
2960
2955
2960
295
7

2959
2951
2957
2960
2949
2950
2959
2934


2966
2960
2958
2949
2957
2957
2814
2062
1
3
45
799
582
1177
1438
633
0
70
607
694

0

0
0
0
185
847
838
128
0
734
1309
869

3
50
150
81
391
1266
1662
929
432
858
149
3

1418
719
438
275
379
1216
1872
1626
970


960
1727
2116
1503
1051
833
829
1311
2142


2223
1407
954
1574
2102
1807
1231
979
93
3

1171
2039
2513
1897
1369
1588
2251
2352


149
644
388
0
0
699
1314
903
644
661
926


1670
2690
2897
2480
2288
2926
2960
2949


2935
2939
2941
2957
2954
2957
2958
2958
29
5
6
2956
2959
2955
2959
2955
2960
2959
293
8

2953
2959
2960
2957
2951
2957
2953
2954

2
953
2955
2958
2950
2955
2959
2959
2938
2
9
51
2964
2950
2951
2960
2959
2953
2958
2957


2951
2954
2947
2957
2957
2958
2954
2951


2970
2945
2953
2956
2949
2960
2958
2959

2
957
2960
2960
2954
2950
720
0
0
0
0
511


1231
1072
383
310
1070
1509
880
374
155

1
58
611
1458
1745
961
469
999
1604
1424
77
3

482
422
608
1511
2103
1712
1094
1185
1
9
18
2171
1470
1040
821
798
1327
2071
2091

1
355
1036
1750
2291
1903
1338
1083
990
12
2
5
2114
2549
1914
1382
1732
2387
2417
1783


1449
1303
1360
1973
2455
2063
1136
816
1
3
83
1683
979
403
176
142
621
1676
1933
908


133
381
764
419
0
0
0
0
473
1163
918


499
837
1808
2342
1948
1747
1754
1982
2673


2957
2950
2903
2917
2955
2947
2955
2960


2955
2957
2956
2950
2959
2955
2948
2955
2
9
57
2958
2949
2958
2951
2956
2953
2954
29
5
7
2958
2957
2957
2956
2955
2960
2959
2957


2953
2951
2953
2950
2949
2953
2949
2949

2
956
2944
2960
2955
2953
2959
2954
2959
293
7

2666
2192
2256
2438
1904
820
341
813
1
1
22
461
0
0
0
0
496
854
123
0
210
871
8
0
7
186
0
0
31
828
1485
1169
474
432
117
8

1590
947
470
263
248
752
1574
1707
924

5
11
1175
1756
1535
959
720
661
889
1822

2
301
1715
1130
1365
2011
2055
1305
920
727


788
1483
2235
2139
1424
1206
1922
2365
27
2

752
782
0
0
38
496
405
0
0
0
198
128
9

2123
1987
1591
1914
2768
2927
2657
2486


2479
2660
2957
2957
2954
2951
2957
2946
2
9
51
2951
2954
2959
2951
2957
2959
2949
29
6
1
2947
2959
2955
2957
2948
2954
2959
2957


2957
2951
2959
2950
2953
2960
2957
2953

2
957
2954
2957
2945
2958
2950
2951
2951
295
0

2945
2950
2957
2950
2954
2953
2953
2951


2953
2957
2951
2950
2954
2959
2951
2958
2
9
47
2949
2958
2945
2947
2959
2947
2957
29
5
0
671
1023
333
0
400
1102
1110
448
174
5
5

143
927
1574
1277
591
531
1283
1657
100
8

511
304
320
816
1682
1835
1136
775
1473


2033
1781
1167
885
815
1023
1893
2363
17
0
5
1105
1309
1957
2095
1440
1072
943
1040

1
692
2394
2250
1530
1330
2039
2510
1983
1
4
79
1270
1258
1667
2503
2768
2034
1443
1786


2174
1800
956
484
245
261
1088
1665
127
1

651
816
1729
1855
916
124
0
0
53
651
7
2
3
16
0
576
1244
1104
746
720
915
1404

2
490
2944
2623
2350
2790
2955
2955
2933
293
9

2950
2931
2949
2958
2951
2957
2957
2957


2960
2957
2957
2959
2953
2958
2955
2959
2
9
57
2960
2928
2959
2956
2957
2951
2949
29
5
0
2959
2953
2955
2957
2955
2957
2949
294
7

2954
2950
2948
2954
2958
2951
2949
2951

2
954
2939
2959
2957
2958
2774
2128
2160
2
2
65
1746
741
199
0
0
529
956
451
0
0
546


837
192
0
0
0
319
1146
1268
511
188
8
7
9
1454
1104
476
215
143
377
1308
1793
115
5

556
829
1499
1600
894
544
400
562
1290


2033
1933
1250
1057
1801
2262
1696
1159
8
9
3
819
1150
1965
2271
1535
1071
275
156
3
7
7
1341
2081
1535
779
698
1079
951
81
0
0


0
218
994
1041
471
482
1451
2163
1907

1
613
1573
1712
2246
2957
2953
2880
2817
295
9

2955
2959
2963
2956
2955
2957
2961
2954


2955
2960
2953
2960
2960
2951
2954
2948
2
9
59
2949
2958
2957
2960
2955
2953
2950
29
4
6
2953
2954
2957
2959
2959
2959
2953
295
3

2957
2953
2955
2954
2949
2953
2949
2957

2
959
2959
2954
2958
2960
2958
2947
2950
29
5
5
2946
2955
2959
2949
2959
0
0
0
0
227


592
0
0
0
524
629
19
0
0
0
547
130
3

1168
432
247
981
1449
915
414
174
163
5
3
1
1419
1763
1003
526
1068
1712
1637
1037


750
649
802
1680
2258
1855
1221
1274
1978


2206
1456
976
778
799
1374
2193
2246
151
8

1168
1847
2324
1948
1347
1132
1045
1323


2185
2641
1964
1351
1595
2143
2091
1253
7
6
7
496
470
1089
1723
1486
717
535
1290
178
5

1232
800
761
1021
1363
1938
1872
772
6
3

391
925
771
141
0
0
185
1232
2013
1829


1435
1725
2612
2901
2487
2301
2283
2438
2
9
46
2944
2949
2957
2951
2959
2951
2955
29
5
8
2957
2955
2949
2951
2959
2955
2958
2960


2957
2957
2955
2959
2954
2954
2948
2956

2
943
2958
2953
2949
2956
2947
2954
2953
2
9
65
2957
2957
2946
2960
2957
2960
2960
2951


2953
2945
2960
2951
2960
2955
2957
2671


1965
1293
862
1129
1521
1130
149
0
359
74
0

138
0
0
0
0
487
832
147
0
304
978
9
8
0
345
82
0
79
882
1513
1179
525
503
1260


1619
944
455
256
282
798
1657
1835
1135


787
1472
2064
1776
1198
925
851
1046
1918


2384
1763
1154
1343
1987
2119
1445
1088
9
3
4
1037
1697
2384
2286
1560
869
257
0
17
9

828
933
128
0
463
1136
1023
598
565
703


1142
2250
2881
2544
2201
2587
2955
2949


2896
2886
2901
2944
2955
2960
2958
2959
29
6
0
2951
2958
2954
2951
2954
2962
2957
295
2

2959
2955
2965
2960
2950
2955
2955
2957


2957
2954
2954
2957
2956
2954
2958
2954
2
9
55
2962
2950
2957
2953
2950
2954
2950
29
5
1
2958
2955
2951
2953
2951
2954
2957
2961


2955
2961
2953
2935
2960
2955
2954
2961

2
957
2956
2949
2953
235
499
0
0
0
0
46
7
7
5
983
307
0
639
1238
959
345
96
26
222


1153
1706
1136
525
733
1429
1619
944
576


412
511
1229
1993
1965
1264
999
1733
221
1

1707
1133
877
801
1063
1879
2257
1554
10
7
2
1517
2185
2117
1473
1165
1023
1098
190
4

2509
2211
1535
1530
2269
2610
1967
1489

1
216
1088
1424
2091
2083
1154
656
1179
16
4
8
1303
661
377
329
551
1513
2242
1830
111
1

1022
1399
1217
289
0
0
0
302
1104
116
1

579
560
1493
2203
1935
1664
1609
1766
22
7
0
2953
2956
2885
2870
2953
2960
2955
2958


2959
2960
2956
2959
2957
2949
2951
2967

2
955
2956
2951
2958
2950
2959
2956
2960
29
5
8
2959
2958
2960
2956
2960
2953
2957
2955


2951
2960
2959
2957
2955
2959
2955
2959

2
960
2960
2957
2957
2955
2950
2952
2953
295
6

2947
2818
2764
2853
2496
1315
560
881

1
171
695
0
0
0
0
309
720
146
0
22
608
7
5
9
132
0
0
0
555
1342
1267
526
257
987


1505
1020
484
246
227
529
1411
1808
1097


603
1044
1709
1707
1099
790
678
765
1616


2250
1962
1261
1218
1922
2239
1563
1037

7
78
789
1323
2163
2318
1596
1190
663
856
1
0
81
1713
1851
850
14
190
752
793
130
0

0

67
897
1867
1943
1482
1535
2460
2928
260
5

2321
2263
2383
2855
2955
2958
2955
2941


2951
2957
2954
2960
2954
2960
2959
2978
2
9
60
2956
2960
2955
2946
2951
2948
2945
294
7

2949
2956
2950
2955
2954
2960
2954
2950

2
950
2953
2955
2955
2946
2957
2957
2957
2
9
55
2958
2955
2955
2957
2959
2959
2965
2954


2957
2955
2957
2949
2955
2958
2956
2960


2957
2958
2953
2956
649
121
0
0
0
0
301


754
156
0
151
833
999
337
27
0
7
656

1
387
1250
505
336
1077
1562
1000
485
251


223
638
1535
1869
1177
741
1296
1936
1814


1171
881
774
880
1744
2304
1845
1141
116
3

1869
2150
1487
1077
907
956
1518
2303
23
2
6
1567
1219
1891
2405
2043
1482
1248
120
1

1351
2150
2512
1786
1108
1259
1809
1755


955
511
293
317
1018
1729
1578
896
761
16
2
2
2346
1840
1077
479
139
229
901
1154
3
3
5
0
446
1155
1167
703
588
693
1061
2128

2
849
2619
2215
2451
2950
2946
2899
2892
2
8
85
2941
2948
2939
2960
2955
2954
2956
2960


2955
2960
2956
2954
2985
2958
2957
2946


2961
2958
2949
2951
2953
2958
2957
2960
29
5
1
2958
2951
2955
2959
2954
2959
2958
294
6

2956
2956
2950
2961
2951
2947
2960
2955

2
955
2949
2960
2972
2946
2619
2448
2547
2
1
71
1081
336
0
0
238
782
596
0
0
240
672


170
0
0
0
0
757
1222
551
99
543
1237

1
227
538
193
81
176
1003
1658
1375
656
58
7

1322
1735
1098
633
431
492
1086
1946
2
1
07
1369
990
1643
2181
1899
1267
966
820
9
7
3
1808
2271
1705
1137
1415
2143
2259
160
2

1247
1054
1439
1077
1447
1534
609
0
0
0


74
816
1173
537
302
1114
1947
1936
1561


1502
1600
1963
2903
2944
2895
2802
2959
2
9
49
2959
2965
2950
2954
2955
2957
2955
29
6
0
2960
2949
2955
2947
2957
2957
2960
2950


2959
2953
2947
2934
2960
2951
2954
2954

2
955
2956
2949
2949
2959
2954
2955
2958
295
5

2960
2957
2943
2961
2959
2961
2947
2939


2960
2960
2950
2951
2955
2953
2960
2949
2
9
53
2957
2960
2958
2960
2953
2958
0
0
90


574
282
0
0
353
790
206
0
0
0
238
1079


1387
633
157
688
1293
1135
487
212
95

1
78
1085
1654
1232
578
678
1430
1774
1145

7
56
586
659
1249
2057
2119
1355
1007
1671


2160
1703
1063
758
685
944
1889
2359
1755


1219
1557
2182
2211
1535
1205
1007
1101

1
823
2511
2317
1603
1424
2055
2384
1680
100
8

641
499
793
1578
1777
979
466
1014
163
0

1495
882
675
821
1035
1676
1892
1148
247


110
713
942
269
0
0
25
691
1739
2018

1
486
1381
2269
2881
2699
2346
2282
2343
270
4

2959
2955
2954
2941
2955
2957
2957
2957


2954
2986
2950
2958
2955
2960
2954
2961
2
9
54
2947
2960
2959
2949
2950
2955
2952
29
4
8
2960
2960
2955
2958
2954
2959
2960
296
0

2954
2950
2951
2959
2943
2958
2957
2957

2
954
2964
2958
2954
2954
2955
2949
2822
2
1
13
1379
832
721
1261
1327
367
0
107
569

3
94
0
0
0
0
197
736
457
0
0
711
1155

5
53
116
0
13
463
1314
1457
697
341
989
15
3
5
1258
626
352
268
486
1393
1927
1360
8
6
3
1136
1843
2003
1337
991
845
901
1563
22
5
6
2097
1298
1019
1703
2171
1662
1159
962


963
1371
2215
2535
1799
1326
1777
347
155


784
1149
474
0
204
998
1267
731
544
603


896
1781
2714
2747
2281
2244
2942
2953

2
913
2874
2892
2945
2960
2956
2960
2960
295
7

2961
2958
2954
2960
2957
2959
2955
2961


2949
2954
2953
2959
2957
2947
2954
2957
2
9
65
2964
2947
2975
2955
2957
2959
2957
29
5
1
2955
2955
2955
2955
2953
2959
2959
2957


2950
2960
2954
2955
2955
2960
2961
2956

2
956
2958
2955
2957
2947
2954
2951
2950
295
5

2955
2954
2954
103
550
339
0
0
0
0
5
2
9
1073
640
107
299
1036
1282
564
164
0
6
4

673
1488
1507
725
417
1117
1630
1230
6
4
9
400
385
715
1649
2137
1487
959
1314
198
9

2031
1354
967
818
817
1488
2142
1894
12
0
0
1123
1863
2320
1739
1255
1023
1007
139
2

2200
2436
1728
1286
1843
2427
2231
1535

1
196
975
947
1648
2077
1522
767
758
1399

1
616
912
456
282
342
985
1867
2147
1569
1
0
55
1400
1601
871
92
0
0
0
675
1280
747


420
891
1819
2128
1680
1579
1618
1844
2665


2960
2933
2814
2908
2946
2955
2966
2958


2953
2947
2960
2953
2955
2959
2951
2954
29
5
5
2955
2960
2954
2961
2961
2955
2953
296
1

2959
2960
2959
2955
2956
2959
2957
2958

2
959
2960
2960
2960
2954
2958
2959
2959
2
9
60
2961
2960
2960
2955
2956
2959
2960
2950


2943
2768
2898
2818
1927
943
727
1162

1
122
230
0
0
0
14
558
535
0
0
262
768
4
3
2
0
0
0
69
959
1493
847
265
560
1233

1
332
657
320
146
255
916
1662
1515
769
591


1345
1840
1336
832
656
663
1041
1932
226
3

1531
1032
1535
2107
1917
1216
845
708
8
1
5
1728
2347
1977
1351
1418
2130
2378
1723


1281
1578
441
0
489
894
399
0
0
0
346


1406
2039
1555
1307
1936
2746
2783
2381
2
2
43
2254
2476
2960
2954
2959
2960
2953
2954


2956
2951
2956
2957
2959
2957
2957
2960


2957
2959
2955
2957
2956
2953
2950
2958
29
5
5
2959
2954
2957
2957
2954
2959
2946
296
0

2957
2948
2960
2949
2952
2958
2955
2958

2
960
2950
2952
2950
2957
2958
2960
2957
2
9
55
2953
2976
2951
2951
2956
2956
2953
2960


2957
2959
2954
2954
2951
2952
2954
0
76


631
464
0
0
560
1083
578
107
0
0
318
1
1
53
1485
748
300
799
1441
1346
656
353
2
3
1
355
1222
1838
1443
871
943
1695
2014

1
360
944
798
811
1359
2160
2198
1378
953
1
5
93
2093
1742
1168
930
880
1148
2064
2511


1882
1337
1630
2269
2324
1653
1310
1157
1
1
78
1808
2373
2112
1279
993
1600
1925
123
2

642
343
278
624
1493
1850
1127
690
1265


2031
2178
1457
847
379
144
736
1186
662


0
128
926
1339
818
560
615
860
1649
2641


2811
2314
2158
2897
2967
2921
2855
2875
2
9
13
2945
2959
2960
2947
2947
2958
2960
2954


2946
2955
2954
2960
2960
2956
2955
2957


2948
2959
2958
2955
2958
2951
2954
2960
29
5
5
2955
2955
2958
2955
2960
2953
2953
295
8

2960
2944
2957
2960
2961
2960
2957
2950

2
953
2950
2959
2956
2894
2541
2710
2595
1
6
03
688
126
0
68
688
875
21
0
77
579
438


0
0
0
0
478
1113
749
165
277
1065
136
7

676
235
58
94
678
1498
1595
805
429
110
8

1650
1302
704
454
402
694
1648
2165
15
6
3
1037
1327
2017
2096
1403
1045
848
861


1497
2150
1974
1269
1119
1868
2351
1808
12
8
6
1075
1023
1072
1350
1535
863
16
0
0
0


555
1134
617
238
761
1669
1995
1535
1393


1471
1717
2530
2957
2922
2737
2845
2954

2
958
2958
2949
2948
2950
2960
2955
2949
296
0

2954
2954
2960
2960
2957
2953
2956
2960


2959
2960
2951
2960
2960
2959
2960
2947
2
9
62
2960
2961
2951
2955
2950
2962
2960
29
5
8
2960
2955
2954
2949
2960
2955
2950
2955


2955
2943
2959
2963
2954
2959
2958
2957

2
960
2957
2960
2959
2961
2955
2962
2960
0

3
19
504
0
0
95
592
400
0
0
0
0
766
13
4
5
851
238
403
1139
1381
707
327
173
226


802
1590
1586
830
528
1242
1794
1407
897

6
81
634
969
1887
2305
1598
1120
1515
2128


2047
1335
944
773
877
1687
2353
2107
14
4
5
1378
2113
2480
1845
1351
1170
1175
1667


2484
2598
1831
1375
1923
2339
1925
1168

7
78
583
671
1490
1897
1253
645
863
1590
17
3
4
1087
751
752
1129
1777
2196
1743
663

1
49
695
1088
490
0
0
0
458
1506
2096
1579


1342
2037
2791
2775
2355
2267
2283
2496


2953
2954
2947
2938
2955
2959
2954
2955
29
5
4
2954
2960
2957
2957
2958
2949
2960
294
7

2960
2955
2958
2960
2952
2955
2959
2960

2
954
2955
2949
2950
2951
2955
2949
2954
295
8

2961
2962
2958
2959
2957
2957
2956
2960


2955
2955
2961
2949
2957
2958
2926
2342


1603
989
695
1200
1409
549
0
0
432
461
0


0
0
0
7
553
526
0
0
429
978
583
96

0

0
208
1072
1493
781
310
763
1429
1399
6
9
7
374
239
330
1121
1793
1535
881
881
16
7
0
2084
1464
1008
816
821
1338
2169
2267
1
4
58
998
1575
2099
1829
1248
991
934
1143


2018
2511
1904
1349
1599
2256
2352
1696
13
5
7
1210
1268
1878
814
1234
699
447
473
7
1
3
1535
2544
2782
2277
2096
2858
2957
2919


2859
2847
2899
2955
2957
2957
2958
2949

2
955
2955
2943
2960
2960
2957
2961
2959
296
0

2951
2958
2958
2954
2949
2954
2957
2961


2938
2959
2949
2957
2958
2961
2963
2958
29
5
8
2953
2953
2959
2958
2953
2959
2959
296
0

2954
2953
2962
2957
2955
2946
2955
2960

2
949
2960
2956
2954
2955
2959
2947
2954
2
9
61
2960
2957
2955
2949
459
0
0
0
0
303

9
74
801
173
117
913
1373
767
256
50
55

4
64
1338
1654
880
427
942
1557
1397
734
43
4

349
541
1473
2086
1685
1081
1193
1931

2
179
1487
1053
850
854
1344
2107
2101
1350


1019
1717
2238
1870
1312
1056
971
1188
2
0
76
2522
1895
1363
1679
2334
2398
1684
1247


993
919
1516
2047
1752
928
687
1342
171
2

1102
576
341
342
766
1689
2151
1699
12
4
5
1497
1758
1264
326
0
0
0
543
1199
890


398
655
1623
2128
1679
1461
1487
1702
2400
2955
2947
2789
2783
2951
2955
2958
2947


2954
2951
2957
2957
2960
2958
2956
2954

2
958
2955
2957
2949
2953
2949
2958
2954
295
7

2955
2946
2951
2953
2957
2955
2949
2959


2946
2960
2951
2960
2953
2956
2949
2961
2
9
60
2959
2950
2951
2953
2956
2951
2957
29
5
2
2949
2880
2911
2896
2394
1255
615
1001

1
233
502
0
0
0
0
321
654
0
0
66
623
62
4

0
0
0
0
631
1339
1091
389
313
1019
144
7

826
355
173
176
637
1462
1701
932
498


1125
1741
1535
976
731
655
873
1781
2299


1747
1168
1360
2013
2133
1388
938
731
781


1450
2217
2201
1459
1234
1937
2397
1890


1339
1129
963
157
393
862
673
16
0
0
23


1015
1808
1642
1251
1535
2448
2845
2416

2
177
2160
2304
2897
2957
2954
2947
2951
295
5

2953
2955
2951
2951
2947
2959
2957
2951


2955
2951
2960
2960
2959
2959
2960
2958
2
9
51
2962
2951
2958
2953
2958
2950
2951
29
6
1
2960
2941
2951
2955
2957
2955
2958
2950


2951
2957
2948
2955
2959
2951
2960
2958
2954
2949
2960
2953
2954
2953
2959
2959
2953
2957
2957
2958
2960
2958
2958
0
0
0
455


741
27
0
283
912
827
209
10
0
38
863


1447
1063
416
489
1232
1569
862
420
240
2
7
8
857
1680
1741
1041
741
1449
1997
1648


1077
832
769
986
1885
2366
1712
1093
1354


1989
2041
1371
1001
902
1035
1713
2407
2
2
47
1518
1328
2059
2463
1936
1461
1238
1239


1614
2384
2603
1756
1162
1486
1938
1666


867
461
283
338
1180
1746
1379
743
848
16
8
0
2272
1660
1004
467
155
395
1013
985
1
3
8
0
550
1221
977
589
547
711
1162
2261
2
8
66
2449
2145
2592
2957
2949
2865
2834
28
7
4
2938
2953
2958
2953
2951
2955
2955
2954
2958
2954
2958
2951
2960
2955
2957
2951
2958
2954
2960
2958
2963
2955
2957
2950
295
5

2958
2955
2960
2949
2958
2950
2958
2958


2960
2958
2957
2960
2954
2960
2959
2954
2
9
54
2949
2951
2954
2928
2512
2471
2512
19
0
4
825
176
0
0
317
770
321
0
0
306
623

0

0
0
0
79
852
1055
345
23
701
1301
98
9

373
95
20
235
1131
1683
1091
534
752
14
4
0
1598
896
535
378
438
1198
1963
1882
1
1
68
979
1712
2192
1675
1126
882
814
1106
1
9
36
2223
1474
1021
1497
2139
2064
1418
11
1
3
977
1072
1916
2462
1604
528
0
0
0
199


907
998
339
251
1181
1911
1726
1392
1393


1535
2009
2917
2958
2815
2673
2959
2954


2949
2954
2949
2950
2950
2957
2959
2960
29
5
8
2949
2951
2945
2959
2955
2947
2953
295
1

2960
2955
2957
2957
2955
2949
2960
2948

2
959
2955
2960
2951
2955
2955
2960
2955
2
9
55
2949
2958
2949
2957
2946
2959
2945
2951


2955
2956
2960
2951
2958
2949
2951
2953


2959
2974
2958
2959
2955
2954
2960
2934
29
5
5
2946
242
0
0
368
725
102
0
0
0
339


1197
1349
585
203
841
1413
1104
496
237
1
5
4
365
1237
1770
1179
614
862
1587
1773
1
1
33
805
658
780
1461
2191
2081
1357
1149

1
849
2271
1699
1114
832
757
1125
2021
2411


1732
1269
1703
2299
2164
1508
1199
1072
1
1
85
2019
2596
2171
1521
1519
2142
2303
15
2
5
974
666
606
1055
1762
1744
911
557
1203


1756
1418
826
634
794
1295
2085
2210
12
3
0
321
383
892
892
176
0
0
0
783
1731
18
0
8
1289
1332
2255
2853
2496
2173
2129
225
6

2736
2960
2960
2951
2931
2958
2947
2959

2
960
2953
2954
2955
2955
2956
2959
2950
2
9
53
2951
2960
2957
2955
2955
2955
2951
2950


2955
2953
2953
2949
2956
2951
2952
2955


2960
2949
2950
2959
2949
2959
2949
2951
29
5
3
2955
2948
2960
2957
2956
2959
2955
283
2

2201
1491
970
1067
1503
1271
270
0
269
691
262
0
0
0
0
381
833
252
0
151
847
1008
383
78
0
55
702
1443
1367
629
434

1
195
1653
1135
573
340
306
685
1566
1953
1
2
37
817
1322
1952
1878
1232
915
784
910

1
756
2320
1888
1186
1202
1877
2129
1459
104
5

865
919
1488
2261
2174
1738
1104
566
2
4
0
342
959
1066
199
0
418
1091
979
560
47
4

619
1001
2118
2807
2522
2144
2433
2951


2950
2859
2832
2847
2933
2954
2960
2960
29
6
0
2959
2959
2960
2959
2957
2955
2961
295
9

2958
2958
2955
2955
2949
2955
2954
2955

2
959
2955
2960
2953
2957
2949
2957
2959
29
5
4
2961
2959
2955
2960
2962
2958
2959
295
3

2955
2955
2955
2957
2957
2953
2949
2956


2957
2951
2957
2963
2959
2957
2960
2962
2
9
51
765
388
0
0
199
558
0
0
0
0
0
659


1040
373
0
538
1200
1083
400
128
16
97

9
77
1591
1186
560
586
1327
1655
957
528

3
50
400
1008
1895
1973
1264
927
1622
2127

1
765
1161
894
778
955
1793
2223
1584
1036


1342
2055
2128
1454
1104
946
1017
1715
23
9
5
2227
1535
1392
2127
2554
2011
1491
1213


1119
1334
2021
2176
1293
703
1085
1599
1
3
89
677
351
241
378
1253
1920
1758
1249
1
1
41
1520
1488
496
0
0
0
145
865
1080
433


240
1124
1892
1792
1447
1414
1555
1947

2
897
2950
2852
2733
2955
2958
2960
2960
294
7

2953
2959
2953
2957
2949
2955
2954
2958


2958
2957
2956
2947
2954
2951
2955
2954
2
9
58
2959
2959
2951
2960
2957
2959
2960
29
5
1
2954
2957
2958
2951
2955
2960
2947
2951


2955
2963
2960
2951
2959
2960
2950
2949

2
942
2795
2559
2766
2535
1408
572
715
1120


834
16
0
0
0
187
682
358
0
0
539
943


335
0
0
0
425
1319
1494
717
274
903
1473


1181
565
305
230
419
1325
1857
1250
665


942
1648
1792
1173
828
667
770
1459
2176


2081
1366
1141
1847
2263
1715
1104
841
7
8
4
1153
2034
2405
1706
1255
1730
2297
2186


1296
1427
496
0
0
461
552
0
0
0
0
694


1673
1850
1360
1376
2315
2894
2610
2295
22
6
3
2395
2842
2948
2958
2944
2959
2962
295
7

2958
2960
2954
2960
2954
2957
2956
2961

2
961
2959
2955
2960
2953
2955
2960
2954
2
9
55
2957
2957
2950
2947
2958
2962
2955
2949


2956
2957
2957
2960
2954
2957
2955
2956


2959
2963
2955
2958
2960
2957
2955
2960
29
5
8
2958
2955
2949
2955
2953
2960
2960
295
9

2960
2957
2949
2950
2960
2957
2954
2955

5
11
975
343
0
176
924
1111
489
161
53
1
1
8
784
1514
1402
667
457
1221
1687
1117
57
5

322
304
673
1531
1903
1216
785
1290
19
2
6
1853
1207
896
769
886
1727
2288
1859

1
191
1189
1855
2107
1434
1013
867
939
1506


2291
2320
1574
1213
1877
2368
2011
1454

1
199
1152
1408
2303
2743
2141
1600
1808
226
5

2148
1282
734
400
358
960
1634
1433
69
1

560
1411
2013
1285
433
0
0
0
510
768
4
6

0
267
960
981
525
454
576
973
2058
28
1
8
2593
2213
2437
2956
2953
2885
2849
2883


2930
2951
2958
2953
2945
2958
2956
2949
2
9
55
2958
2957
2951
2942
2950
2954
2960
296
0

2950
2957
2957
2953
2955
2957
2954
2954


2957
2955
2955
2957
2959
2948
2961
2960

2
956
2960
2960
2950
2958
2965
2953
2960
295
5

2959
2955
2951
2880
2304
2149
2274
1922


885
239
0
0
361
924
688
0
0
453
881
31
1

0
0
0
127
977
1374
678
272
797
1456

1
321
609
298
194
313
1175
1775
1360
686
69
7

1397
1677
989
579
400
437
1048
1898
19
8
7
1264
927
1622
2131
1778
1203
930
813
95
3

1771
2208
1559
995
1317
2004
2141
1462


1111
960
1005
534
912
1094
257
0
0
0
0

5
96
1066
494
200
896
1765
1895
1506
1442

1
554
1855
2799
2957
2907
2790
2935
2960
29
5
3
2957
2953
2949
2944
2953
2953
2957
2947


2953
2957
2960
2962
2985
2950
2954
2958

2
958
2955
2955
2959
2957
2957
2962
2955
296
0

2951
2957
2951
2954
2949
2954
2954
2960


2954
2955
2953
2960
2960
2961
2958
2951
2
9
58
2947
2959
2956
2950
2953
2955
2957
29
5
7
2960
2950
2949
2950
2949
2979
2953
2950


2960
581
0
0
355
849
411
0
0
0
239
11
5
2
1572
849
311
727
1395
1338
671
383
241


305
1104
1773
1451
763
721
1461
1858
125
7

848
688
700
1225
2081
2236
1485
1072
170
5

2194
1851
1168
838
746
973
1915
2442
1
8
98
1347
1588
2236
2351
1650
1287
1118
1178


1830
2529
2437
1759
1535
2257
2688
2106


1467
1070
829
1002
1710
1876
1018
511
929


1557
1430
789
507
565
789
1458
1731
1049


102
16
595
879
212
0
0
0
618
1648
1946


1421
1296
2187
2857
2663
2337
2267
2351

2
655
2957
2951
2958
2962
2955
2959
2960
296
0

2954
2960
2992
2960
2951
2950
2959
2957


2958
2960
2956
2950
2960
2957
2957
2958
2
9
57
2974
2960
2958
2960
2959
2959
2958
29
5
7
2951
2951
2955
2956
2955
2955
2957
2960


2953
2949
2951
2957
2958
2959
2959
2883

2
292
1569
985
855
1353
1410
434
0
137
599


422
0
0
0
0
205
764
477
0
0
678
1119


537
109
0
13
464
1324
1469
688
294
941
1
5
20
1231
595
336
258
464
1366
1887
1311

7
86
1107
1823
1952
1296
955
781
848
1499


2192
2062
1293
988
1669
2122
1596
1095
878


897
1299
2142
2444
1689
1221
1727
432
1
8
1
758
1105
463
0
112
830
1124
584
387
43
4

720
1558
2544
2682
2183
2096
2874
2961


2885
2768
2789
2869
2953
2949
2951
2954
29
5
3
2949
2957
2957
2960
2956
2959
2954
295
9

2950
2960
2960
2959
2958
2959
2947
2949

2
959
2957
2960
2955
2960
2960
2954
2955
2
9
61
2955
2957
2958
2948
2960
2949
2955
2954


2951
2957
2948
2959
2954
2959
2957
2958

2
960
2953
2954
2955
2959
2957
2953
2959
294
5

2955
2957
0
111
550
189
0
0
0
0
555


1088
528
79
356
1099
1270
587
196
29
99

7
52
1567
1483
734
468
1197
1679
1173
647


432
410
832
1744
2135
1430
994
1470
2095

1
983
1323
1017
862
910
1694
2203
1804
119
4

1262
2013
2338
1694
1249
1085
1072
1616

2
357
2407
1655
1303
2001
2511
2159
1579
1
2
36
1081
1197
1919
2221
1466
789
972
1578

1
593
833
463
311
404
1143
1906
1877
1434


1249
1712
1840
923
154
0
0
54
819
1219


598
270
976
1819
1908
1470
1402
1492
1810


2751
2951
2879
2721
2926
2955
2955
2961
2
9
50
2945
2951
2954
2960
2956
2947
2954
2960


2955
2955
2959
2959
2960
2953
2954
2959


2951
2959
2954
2957
2954
2950
2960
2951
29
5
9
2955
2949
2957
2945
2954
2956
2949
295
1

2953
2959
2950
2955
2958
2954
2965
2950

2
954
2940
2849
2928
2827
1794
816
747
113
5

943
63
0
0
0
23
491
326
0
0
288
733

2
26
0
0
0
143
999
1375
624
175
658
1302


1186
528
257
162
266
1132
1712
1310
666

6
94
1470
1808
1168
814
675
716
1316
2093


2177
1419
1058
1723
2211
1797
1130
794
7
0
1
937
1846
2350
1744
1227
1526
2183
2241

1
703
1983
1280
255
20
579
838
133
0
0
0


459
1492
1821
1296
1151
2034
2759
2600
2
2
13
2165
2237
2584
2959
2957
2953
2945
2955


2960
2953
2957
2953
2953
2949
2951
2959


2955
2960
2955
2960
2958
2959
2950
2961
29
5
9
2960
2954
2954
2965
2945
2960
2955
2959


2958
2958
2960
2962
2959
2954
2960
2955

2
953
2960
2960
2958
2959
2955
2958
2960
29
6
1
2951
2960
2958
2954
2952
2945
2939
2959


2957
2951
2955
2960
2953
2955
0
0
0
281


834
549
0
10
766
1217
638
235
68
80
560


1424
1558
775
368
1039
1631
1315
691
41
7

336
574
1477
1985
1394
857
1189
1886
201
4

1346
987
829
868
1535
2239
2133
1355

1
049
1725
2163
1637
1136
915
927
1344
2189


2478
1735
1241
1744
2309
2147
1531
1232

1
131
1263
2117
2664
2278
1653
1584
2131
222
5

1381
761
437
341
784
1526
1611
828
477


1205
1945
1675
858
271
0
0
554
931
275

0

151
882
1113
580
418
470
784
1723
2661


2688
2210
2213
2925
2957
2896
2819
2842
2
9
13
2957
2955
2957
2954
2935
2958
2965
295
7

2950
2955
2951
2954
2951
2951
2957
2959

2
960
2959
2956
2957
2958
2960
2959
2957
2
9
60
2954
2957
2955
2953
2963
2957
2953
2955


2957
2957
2959
2955
2956
2960
2961
2954


2946
2951
2960
2917
2480
2219
2365
2017
89
5

242
0
0
246
811
607
0
0
271
718
225


0
0
0
0
785
1262
585
173
624
1306
1270

5
80
231
107
176
978
1670
1393
697
625
13
7
9
1795
1136
655
453
462
1013
1926
2086
13
4
6
970
1617
2176
1881
1275
978
873
1023

1
826
2288
1670
1121
1383
2099
2224
1534
119
1

1023
1058
1690
1475
1466
464
0
0
0
66


765
1013
368
144
1005
1766
1715
1351
1313


1435
1874
2846
2954
2829
2659
2950
2957


2955
2951
2955
2955
2955
2953
2953
2951
29
4
7
2958
2953
2959
2950
2957
2958
2957
295
9

2957
2960
2956
2945
2956
2959
2958
2958


2959
2954
2955
2950
2953
2953
2960
2954
2
9
60
2960
2960
2955
2950
2951
2959
2949
295
5

2960
2947
2956
2955
2953
2958
2959
2958

2
957
2951
2957
2950
2947
2954
2959
2954
2
9
54
621
339
0
0
336
779
213
0
0
0
224
1
0
94
1449
689
230
737
1371
1240
595
305
2
0
6
322
1195
1796
1367
739
784
1555
1860
12
1
6
832
657
706
1299
2110
2166
1424
1084

1
743
2261
1818
1197
848
740
960
1873
2368

1
798
1258
1535
2198
2257
1566
1195
1049
1
1
11
1821
2501
2333
1644
1427
2064
2397
1715


1091
722
593
845
1626
1846
1040
510
101
8

1627
1520
882
630
598
974
1971
2333
15
8
7
575
336
837
1018
260
0
0
0
531
1558
1
8
26
1264
1137
2022
2730
2525
2143
2042
214
3

2474
2960
2953
2945
2943
2959
2956
2960


2959
2963
2959
2960
2957
2960
2960
2955
2
9
58
2957
2949
2959
2960
2960
2955
2956
2960


2975
2961
2956
2949
2958
2951
2956
2956


2951
2957
2955
2951
2954
2956
2945
2956
29
5
8
2958
2957
2953
2958
2949
2951
2955
294
2

2539
1853
1266
1114
1535
1535
528
0
181


642
400
0
0
0
0
198
717
338
0
0
676

1
092
456
38
0
16
525
1326
1403
621
275
96
0

1508
1168
586
330
255
471
1407
1936
13
2
6
785
1150
1852
1963
1295
959
800
880
15
6
9
2256
2098
1341
1115
1776
2179
1639
1146


944
933
1345
2227
2499
1918
1326
790
349


205
784
1145
451
0
126
841
1115
547
357


416
691
1595
2551
2649
2142
2096
2883
29
5
4
2881
2762
2781
2879
2960
2958
2955
2955


2958
2953
2957
2958
2958
2945
2960
2950

2
949
2970
2954
2949
2960
2953
2950
2962
295
8

2957
2960
2950
2951
2947
2955
2955
2948


2953
2955
2960
2960
2960
2957
2954
2926


2960
2950
2948
2953
2960
2951
2957
2960
29
5
0
2950
2960
2950
2953
2950
2955
2958
294
9

2959
752
0
0
47
481
276
0
0
0
0
455

1
023
596
75
294
1072
1335
622
214
21
70
6
6
3
1488
1559
786
464
1175
1695
1281
707

4
63
400
690
1667
2171
1535
1038
1373
2037

2
103
1424
1078
921
942
1607
2219
1972
125
6

1157
1899
2338
1792
1319
1081
1067
1431

2
256
2501
1791
1319
1836
2416
2240
1629
1
3
01
1122
1185
1903
2281
1650
909
909
1507

1
643
886
447
262
318
939
1793
1872
1377

1
117
1601
1769
1021
172
0
0
0
690
1172

5
90
237
784
1686
1902
1450
1360
1446
1723

2
629
2955
2897
2734
2847
2953
2958
2954
2
9
53
2957
2955
2954
2954
2955
2960
2951
2957


2955
2956
2957
2954
2955
2954
2955
2959


2960
2958
2961
2961
2959
2959
2957
2958
29
6
1
2959
2959
2961
2956
2954
2955
2957
2959


2960
2963
2963
2906
2949
2959
2949
2948

2
955
2943
2859
2939
2886
2147
1094
747
117
3

1228
311
0
0
0
0
496
560
0
0
234
734


446
0
0
0
85
991
1534
907
347
615
1284


1404
727
372
238
279
959
1671
1559
790
6
0
4
1359
1850
1312
863
663
646
1067
1931

2
275
1535
1057
1530
2117
1945
1216
879
717


797
1670
2307
1898
1283
1345
2063
2334
1
5
35
2039
1620
531
16
510
904
383
0
0
0
2
1
4
1261
1902
1394
1140
1781
2602
2676
226
4

2111
2159
2355
2958
2947
2955
2941
2958

2
951
2953
2951
2960
2960
2957
2955
2956
2
9
48
2955
2957
2953
2960
2960
2952
2958
2955


2959
2954
2953
2953
2953
2946
2953
2948


2958
2970
2957
2955
2951
2955
2956
2949
29
4
5
2953
2960
2960
2953
2958
2956
2954
295
1

2961
2945
2951
2955
2949
2955
2960
2960

2
953
2953
2959
2950
2959
2951
0
0
0
0
5
7
8
574
0
0
474
1009
675
190
4
11
286
1
1
78
1617
915
415
821
1486
1468
778
404
275


352
1101
1834
1611
944
883
1697
2149
15
6
4
1102
866
869
1340
2155
2351
1600
1086
1
6
38
2148
1886
1249
1007
911
1098
1999
250
7

1969
1393
1568
2224
2370
1681
1318
1159
1
2
23
1864
2507
2352
1535
1168
1735
2058
14
2
4
752
403
281
575
1413
1779
1018
579
1072


1776
1909
1427
934
491
211
769
1147
625


0
43
757
1181
615
377
400
661
1434
2463


2692
2178
2055
2799
2949
2896
2768
2770

2
833
2953
2959
2959
2958
2953
2958
2938
295
0

2951
2949
2954
2951
2946
2946
2950
2940


2949
2960
2954
2955
2961
2949
2958
2955
2
9
51
2951
2953
2943
2957
2945
2951
2953
29
5
1
2949
2957
2958
2960
2960
2957
2957
295
6

2950
2959
2959
2955
2918
2611
2736
2641

1
664
694
143
0
2
621
845
16
0
17
449
3
6
1
0
0
0
0
291
922
717
107
133
910
1360


698
240
19
39
539
1410
1598
819
411
1044


1613
1343
731
477
404
624
1586
2157
160
2

1035
1313
2011
2118
1421
1049
881
914
14
9
5
2170
2026
1287
1044
1803
2295
1830
1312


1110
1049
1414
1715
1938
1327
366
0
0
0


569
1113
654
179
547
1485
1872
1427
1281


1318
1578
2378
2950
2921
2704
2712
2953
2
9
60
2944
2957
2950
2935
2953
2955
2955
29
5
7
2961
2960
2960
2957
2955
2957
2950
2959


2953
2955
2954
2960
2959
2960
2961
2951

2
951
2954
2957
2957
2957
2955
2958
2961
295
4

2956
2959
2957
2959
2954
2955
2956
2960


2957
2971
2953
2959
2960
2956
2960
2959

2
954
2958
2955
2959
2954
2951
2961
2948
0


339
464
0
0
38
511
363
0
0
0
0
739
13
5
0
929
311
406
1150
1378
686
290
158
208


772
1535
1588
821
502
1214
1746
1369
870


669
611
944
1877
2277
1603
1118
1462
2112


2045
1269
896
711
764
1557
2256
2025
1378


1310
2047
2419
1787
1302
1067
1040
1506


2305
2532
1814
1373
1891
2375
2044
1315
87
8

677
693
1477
1900
1269
629
799
1479
16
7
0
1011
651
547
822
1708
2331
1966
862
292


765
1081
560
0
0
0
270
1301
1931
1425


1146
1790
2611
2681
2257
2113
2128
2330
29
4
7
2957
2946
2943
2955
2955
2955
2954
295
5

2951
2953
2953
2953
2956
2949
2960
2955

2
933
2958
2955
2960
2959
2955
2957
2961
2
9
60
2955
2953
2961
2959
2951
2955
2953
2949


2953
2958
2953
2959
2951
2954
2950
2960


2960
2945
2954
2951
2955
2955
2947
2651
20
0
5
1360
1023
1508
1622
701
0
115
592
578


0
0
0
0
94
660
576
0
0
538
1090
631
1
8
4
23
19
344
1203
1575
826
345
811
1456


1389
702
368
250
320
1150
1807
1476
834
8
8
0
1665
2032
1410
981
813
819
1387
2171

2
254
1456
1045
1647
2123
1776
1179
961
89
9

1178
2103
2554
1949
1382
1626
2272
2352

8
58
1206
704
0
0
689
1141
595
303
313
5
3
3
1264
2347
2693
2151
1937
2704
2944
2895


2738
2702
2797
2933
2958
2955
2952
2953
2
9
60
2953
2951
2957
2960
2949
2947
2955
2959


2955
2959
2958
2957
2959
2958
2958
2956


2960
2958
2943
2950
2959
2941
2956
2960
29
5
9
2957
2957
2960
2953
2959
2959
2951
294
9

2960
2947
2960
2955
2951
2950
2959
2960

2
960
2949
2956
2955
2954
2956
2954
2973
2
9
69
2949
2957
2957
2960
404
0
0
0
0
231

8
68
724
86
73
880
1358
779
281
79
51
43
5

1329
1680
923
432
950
1579
1407
761
453


368
455
1419
2071
1680
1046
1153
1872
21
5
8
1454
1050
847
848
1331
2047
2043
1266

9
54
1637
2198
1854
1303
1098
1006
1232
2098


2537
1904
1354
1678
2358
2416
1735
1379


1190
1202
1797
2319
1961
1098
781
1414
174
9

1067
487
262
237
660
1559
1918
1392
10
7
2
1434
1722
1231
257
0
0
0
455
1072
752


288
524
1471
1969
1519
1328
1373
1617
23
3
5
2951
2935
2737
2695
2955
2954
2958
2943


2949
2958
2954
2958
2956
2951
2959
2953

2
956
2946
2960
2959
2955
2949
2960
2955
297
4

2954
2953
2960
2957
2957
2959
2954
2957


2951
2950
2953
2957
2953
2950
2935
2955
2
9
60
2954
2951
2954
2957
2959
2971
2955
295
1

2953
2907
2933
2915
2463
1342
702
1097


1318
614
0
0
0
0
417
754
43
0
82
663
6
6
9
61
0
0
0
699
1427
1221
528
394
1132


1582
961
490
283
279
691
1527
1743
957
52
6

1104
1713
1488
923
694
640
853
1773
23
3
7
1775
1203
1409
2078
2197
1465
1011
755


791
1439
2183
2149
1457
1263
1943
2397
11
8
9
1843
1719
624
0
291
756
481
0
0
0
1
0

939
1711
1472
1073
1439
2366
2765
2310
2
0
97
2099
2265
2886
2953
2954
2946
2945
29
6
0
2956
2951
2954
2958
2954
2955
2960
2960


2954
2957
2954
2960
2955
2959
2953
2958
2
9
45
2954
2961
2957
2945
2957
2959
2960
296
2

2951
2951
2953
2955
2960
2960
2955
2950

2
953
2945
2951
2953
2953
2958
2960
2951
2
9
60
2957
2961
2948
2955
2954
2955
2953
2949


2955
2959
2958
2949
2955
2959
2951
0
0


465
598
0
0
325
885
637
117
0
0
141
102
3

1515
894
358
639
1346
1485
763
423
256


319
1013
1776
1661
928
791
1601
2099
1606


1099
866
849
1211
2081
2391
1635
893
15
2
9
2070
1903
1225
930
848
989
1875
2475

2
096
1466
1488
2191
2464
1802
1377
1186
120
0

1747
2480
2467
1637
1150
1694
2064
1582


867
509
354
525
1375
1839
1214
671
976
1
7
27
1969
1535
1136
736
423
775
1260
931

1
14
0
675
1217
752
371
358
560
1139
2254

2
777
2266
1914
2641
2958
2922
2779
2737
28
0
0
2901
2954
2956
2954
2969
2959
2943
2956


2953
2954
2949
2949
2951
2957
2954
2957

2
955
2960
2953
2960
2958
2956
2960
2956
294
7

2957
2957
2958
2957
2950
2947
2956
2954


2955
2943
2958
2959
2959
2961
2960
2951
2
9
60
2951
2958
2951
2954
2795
2867
2815
21
2
5
1055
385
0
0
571
913
254
0
0
398
560


0
0
0
0
177
880
942
271
48
797
1347
9
1
9
362
115
64
358
1271
1781
1088
576
918

1
584
1565
880
560
415
478
1299
2015
1838


1139
1062
1806
2226
1617
1123
907
877
1293


2040
2199
1396
938
1555
2160
1981
1392

1
118
1021
1168
2035
1939
1386
385
0
0
0
3
9
8
980
682
137
305
1262
1791
1351
1165
1
1
85
1430
2155
2932
2928
2656
2547
2957
29
4
9
2953
2950
2956
2956
2951
2950
2948
2950


2953
2951
2955
2951
2954
2951
2958
2951

2
959
2960
2956
2949
2955
2953
2960
2957
295
5

2949
2949
2955
2962
2949
2950
2944
2945


2949
2945
2960
2977
2961
2949
2958
2959
2
9
57
2959
2956
2955
2951
2954
2955
2958
295
4

2951
2961
2953
2960
2955
2957
2957
2960


2956
533
0
0
0
375
489
0
0
0
0
453
11
8
1
1091
400
223
963
1442
867
346
161
159

5
11
1399
1736
992
494
998
1641
1561
945

7
04
613
759
1650
2256
1893
1239
1290
1994

2
274
1564
1070
820
780
1325
2129
2223
150
9

1184
1866
2371
1979
1383
1094
1007
1228


2112
2559
1985
1469
1743
2336
2334
1535
1
0
79
763
693
1265
1871
1602
799
571
1265

1
732
1184
700
511
583
1289
2158
2243
1195

3
59
589
996
763
75
0
0
9
942
1746
1535

1
120
1417
2336
2786
2323
2096
2070
2229
28
2
2
2953
2946
2945
2951
2947
2950
2957
2960


2955
2954
2958
2955
2954
2949
2955
2955
2
9
60
2955
2954
2954
2955
2954
2958
2949
29
5
7
2952
2956
2959
2955
2955
2955
2956
2954


2979
2946
2958
2957
2967
2950
2960
2949
2
9
65
2950
2959
2960
2949
2957
2955
2943
26
7
3
2053
1491
1519
1853
1557
490
0
394
775


308
0
0
0
0
327
774
176
0
87
769
936


304
39
0
13
641
1395
1296
511
316
1094
1
5
93
1079
509
272
242
624
1510
1867
1132

6
93
1270
1905
1811
1221
941
827
943
1801
2
3
65
1977
1296
1282
1933
2192
1503
1088
89
6

963
1529
2339
2431
1703
1314
1954
566
46
7

1041
1174
306
0
208
847
898
362
226
3
0
3
623
1681
2544
2423
1950
2115
2889
2951

2
787
2640
2640
2809
2955
2959
2957
2946

2
960
2960
2949
2954
2958
2957
2949
2960
2959


2954
2954
2957
2959
2947
2953
2956
2963


2951
2951
2957
2958
2959
2954
2958
2957
29
5
3
2960
2951
2955
2959
2958
2960
2955
294
8

2898
2951
2957
2947
2958
2951
2958
2953

2
958
2959
2960
2954
2958
2955
2950
2947
2
9
54
2957
2954
0
102
449
0
0
0
0
0
542
9
3
1
259
0
432
1107
1057
379
64
0
36
881


1535
1162
485
577
1300
1647
983
546
348
3
8
3
965
1881
1997
1255
897
1575
2151
1807


1217
975
878
1083
1893
2334
1678
1117
1408


2090
2222
1578
1229
1058
1110
1755
2434


2247
1520
1357
2062
2509
1981
1462
1158
10
5
9
1335
2032
2215
1360
759
1151
1670
1462


720
400
279
410
1296
1962
1646
1232
1456


2012
2006
981
236
0
0
189
939
1072
381


127
977
1744
1627
1267
1221
1367
1776
2791


2953
2787
2613
2915
2957
2957
2957
2961


2949
2954
2959
2960
2957
2955
2951
2951
29
5
8
2955
2947
2948
2959
2943
2950
2954
297
1

2955
2961
2963
2957
2955
2956
2949
2946

2
960
2959
2957
2960
2951
2960
2957
2954
2
9
54
2958
2959
2960
2954
2958
2955
2955
29
5
3
2954
2950
2947
2896
1931
1038
1170
1409


996
118
0
0
0
150
566
132
0
0
359
685


54
0
0
0
288
1135
1253
481
117
766
1319


982
405
149
103
331
1229
1750
1131
564

8
56
1567
1715
1042
716
608
678
1402
2148
2
0
32
1312
1110
1819
2246
1680
1099
810
752


1098
1968
2319
1631
1214
1719
2320
2156
1
5
19
2417
1648
656
419
884
1011
272
0
0

0

458
1423
1712
1174
1008
1911
2633
2449
2
0
83
1981
2065
2397
2954
2957
2944
2964
29
5
5
2954
2956
2951
2958
2949
2953
2959
2960


2953
2950
2955
2953
2951
2957
2959
2959

2
951
2957
2947
2957
2955
2959
2959
2957
294
5

2950
2950
2958
2954
2951
2942
2956
2951


2961
2958
2949
2954
2953
2950
2956
2955

2
955
2954
2951
2947
2956
2955
2960
2960
295
5

2955
2954
2951
2955
562
0
0
0
0
66
5
8
2
363
0
0
506
966
427
34
0
0
398
1215

1
461
705
254
892
1513
1286
649
351
229
3
6
8
1283
1826
1349
743
924
1709
1970
1315
9
2
7
780
784
1409
2202
2218
1435
1082
1707


2142
1696
1130
895
873
1181
2085
2515
1840


1286
1657
2267
2242
1589
1233
1117
1184


1965
2549
2227
1429
1236
1808
2065
1323
72
1

421
337
752
1583
1746
969
587
1267
189
5

1801
1468
1150
735
503
1082
1364
611
0

1
51
842
1075
496
273
327
599
1447
2441
2
5
59
2055
2017
2815
2958
2859
2691
2689
281
9

2959
2960
2957
2957
2957
2955
2959
2951

2
956
2958
2959
2960
2953
2959
2958
2960
2
9
55
2960
2945
2953
2956
2956
2956
2956
2953


2958
2955
2959
2954
2958
2955
2957
2955


2960
2944
2955
2953
2953
2953
2954
2957

2
960
2956
2951
2952
2928
2825
2866
2622
1518
659
118
0
212
816
752
0
0
153
561
210
0
0
0
0
528
1063
511
48
387
1136
1309
623
222
48
98
765
1526
1456
709
487
123
2

1712
1152
641
401
369
775
1722
2101
1390
794
1471
2075
1957
1315
1019
863
955
171
5

2256
1836
1139
1188
1938
2267
1657
1255


1068
1093
1604
2384
2439
1175
272
0
0
9

7
29
1101
442
119
752
1594
1711
1311
1232


1343
1628
2635
2958
2853
2639
2847
2955
29
5
4
2949
2948
2947
2946
2949
2960
2960
295
9

2945
2959
2958
2958
2955
2959
2955
2958

2
962
2950
2955
2960
2955
2958
2962
2960
2
9
59
2949
2960
2955
2950
2958
2960
2960
29
5
7
2955
2960
2956
2951
2955
2935
2953
2960
2959
2951
2955
2948
2955
2970
2953
2958

2950
2957
2959
2958
2930
2956
2957
2953
295
9

2955
304
0
0
103
510
109
0
0
0
0
787
1269
611
112
501
1183
1171
481
185
69
151
937
1594
1317
602
538
1273
1718
1099
666
553
598
1105
1991
2175
1435
989
1647
2
1
86
1923
1230
899
737
898
1813
2320
1789

1
266
1526
2196
2327
1653
1242
1081
1114
176
0

2476
2384
1680
1440
2119
2471
1870
1242


819
652
899
1667
1905
1088
574
988
1584

1
467
836
549
501
769
1917
2433
1767
781

4
96
944
1104
332
0
0
0
464
1428
1721
1168


1042
1918
2630
2461
2069
1984
2063
2403


2941
2949
2947
2943
2951
2944
2954
2952
29
5
1
2950
2960
2957
2960
2960
2960
2950
296
0

2955
2960
2954
2949
2959
2950
2960
2958

2
953
2953
2948
2949
2953
2957
2955
2955
2
9
55
2960
2953
2955
2954
2944
2956
2949
2960


2954
2957
2954
2954
2950
2959
2951
2836


2336
1693
1347
1744
1838
869
87
192
666
6
3
7
0
0
0
0
78
653
532
0
0
491
1052
56
8

96
0
0
332
1211
1565
814
332
803
1443


1342
682
362
239
325
1206
1813
1460
843

9
33
1725
2063
1437
997
830
859
1391
2199


2288
1501
1087
1712
2161
1775
1172
923
870


1128
2032
2541
1931
1369
1589
2246
2329


910
1213
676
0
0
638
1069
529
230
238
46
4

1232
2298
2602
2070
1893
2656
2949
2874


2678
2640
2746
2942
2957
2957
2949
2951
2954
2950
2960
2957
2951
2960
2961
2951
2957
2960
2946
2953
2949
2960
2960
2957
2957
2953
2958
2952
2954
2955
2960
2953
2960
2947
2955
2955
2949
2955
2956
2957
2953
2953


2955
2960
2955
2956
2955
2954
2954
2959


2960
2959
2953
2957
2960
2960
2954
2955
29
5
1
2954
2960
2957
2955
366
0
0
0
0
183


770
620
27
26
784
1295
691
223
29
32
4
4
8
1314
1597
823
367
957
1535
1341
697
439


335
537
1473
2105
1591
1023
1254
1954
2
1
43
1445
1070
878
885
1461
2139
2064
1265
1015
1743
2245
1789
1295
1090
1042
1392
2
2
41
2585
1881
1421
1861
2457
2358
1737
1408


1200
1158
1918
2347
1811
1039
955
1584
1
8
08
1042
562
353
379
937
1779
1934
1285

1
189
1862
2153
1481
539
1
0
0
642
1173
597


153
552
1435
1733
1286
1142
1199
1450
2317
2944
2883
2559
2599
2950
2954
2950
2946
2945
2952
2959
2960
2960
2950
2953
2954
2958
2953
2951
2951
2949
2955
2959
2959
2950
2954
2957
2960
2957
2954
2958
2954
294
4

2957
2954
2951
2950
2959
2957
2958
2955

2
958
2960
2951
2960
2958
2951
2957
2957
2
9
60
2960
2945
2953
2949
2503
1489
946
1285


1387
470
0
0
0
0
385
581
0
0
85
594

4
26
0
0
0
0
746
1347
922
318
417
1143
13
9
2
701
279
137
186
734
1535
1592
802
479


1185
1714
1328
803
617
572
906
1846
2289


1628
1127
1483
2119
2097
1378
998
812
84
8

1616
2275
2033
1379
1319
2033
2448
1840

1
333
2337
1239
434
709
1058
643
0
0
0
0


861
1616
1304
912
1328
2267
2636
2159
197
9

1968
2187
2857
2955
2949
2939
2951
2955


2958
2958
2960
2960
2960
2958
2957
2957
2
9
60
2966
2954
2960
2960
2957
2957
2955
29
5
9
2951
2953
2960
2956
2956
2956
2953
2950


2954
2948
2960
2958
2954
2956
2960
2958

2
957
2959
2957
2949
2954
2954
2951
2955
295
7

2958
2961
2954
2959
2948
2955
2950
2946


2950
2957
2960
2953
2957
2958
2950
0
0
4
0
0
481
0
0
217
772
544
29
0
0
94
945

1
488
890
350
593
1309
1451
727
370
206
263


944
1712
1618
894
693
1484
2000
1508
10
0
3
793
772
1147
2016
2338
1618
1110
1526
2
0
86
1911
1264
977
880
1009
1875
2466
2086


1445
1445
2159
2436
1759
1328
1166
1179
1
7
27
2480
2469
1657
1199
1731
2107
1591
89
5

529
369
500
1344
1838
1215
678
961
1706


1885
1451
1277
918
627
944
1375
1034
163


0
609
1132
701
295
252
407
1010
2137
2
6
81
2178
1936
2535
2947
2909
2717
2661
2717


2871
2955
2953
2947
2957
2955
2951
2960


2959
2951
2962
2961
2960
2960
2961
2957
29
4
8
2960
2959
2955
2938
2959
2958
2955
295
8

2951
2959
2950
2957
2963
2955
2947
2945
2
9
58
2960
2954
2959
2954
2953
2960
2955
29
6
0
2942
2957
2958
2958
2871
2947
2896
2274


1265
570
106
16
671
1019
315
0
0
428
5
5
9
0
0
0
0
143
849
881
179
1
757
1301
8
9
0
326
117
77
420
1312
1735
1050
511
928


1558
1519
864
539
390
498
1297
2030
1798


1132
1104
1849
2238
1638
1154
934
908
1370
2128
2211
1421
998
1647
2202
1973
1394
1138
1046
1197
1639
2140
1861
806
132
0

0

316
943
768
157
121
1040
1686
1306
1049


1055
1259
1851
2825
2939
2647
2449
2941

2
955
2935
2944
2942
2949
2953
2949
2953
29
5
8
2953
2959
2960
2960
2960
2957
2949
2937


2953
2955
2955
2955
2960
2954
2960
2966

2
951
2948
2955
2955
2950
2958
2957
2939
295
5

2950
2945
2958
2957
2944
2957
2951
2954


2951
2958
2959
2951
2960
2943
2955
2959
2
9
54
2961
2950
2958
2947
2953
2954
2957
0


177
465
0
0
0
298
377
0
0
0
0
363
1079


921
260
126
878
1392
810
313
129
121
5
0
6
1377
1717
973
493
1011
1642
1514
848
64
2

573
672
1578
2191
1829
1165
1212
1925

2
209
1535
1023
770
752
1278
2102
2187
1487


1161
1846
2368
2005
1425
1154
1069
1293
2
1
51
2626
2026
1487
1762
2337
2334
1583
10
8
3
773
703
1273
1870
1610
798
551
1264
174
3

1159
679
511
531
1118
2221
2405
1361
5
1
1
702
1091
836
93
0
0
0
827
1616
1435
9
8
3
1269
2208
2703
2277
2039
2003
2147
277
4

2955
2954
2938
2939
2972
2955
2951
2960

2
953
2962
2955
2959
2947
2958
2955
2958
2
9
58
2950
2960
2958
2960
2955
2953
2963
2959


2951
2950
2951
2957
2957
2960
2960
2955


2960
2949
2954
2949
2958
2954
2957
2960

2
951
2955
2955
2958
2962
2955
2943
2940
263
1

1975
1418
1476
1808
1417
373
0
409
778


208
0
0
0
0
393
798
119
0
174
837
901


319
67
0
64
812
1488
1287
592
464
1216
1664
1046
558
340
285
755
1617
1872
1133
698
1353
1984
1786
1178
918
820
987
1885
2391
1852
1241
1359
1988
2112
1405
1004
84
3

923
1593
2350
2313
1580
1271
1952
810
73
9

1231
1293
378
0
250
878
826
285
144
2
1
3
576
1651
2485
2327
1899
2103
2890
2950

2
754
2608
2596
2777
2947
2957
2960
2958
2
9
71
2951
2958
2958
2960
2951
2955
2959
2959


2953
2954
2956
2953
2947
2957
2992
2958


2959
2950
2960
2957
2957
2959
2957
2953
29
5
7
2955
2953
2955
2949
2950
2956
2950
295
7

2960
2954
2953
2959
2959
2959
2957
2951

2
953
2960
2965
2957
2957
2956
2960
2957
2
9
60
2960
2947
0
229
575
9
0
0
0
0
609

1
023
345
0
460
1146
1091
449
139
16
115

9
45
1597
1237
585
614
1327
1629
982
573
3
7
1
404
958
1851
2000
1245
896
1600
2124
18
0
8
1203
919
842
1023
1872
2315
1663
1072


1311
1990
2154
1523
1200
1021
1088
1744
24
2
9
2301
1535
1360
2064
2515
2012
1535
129
8

1227
1510
2259
2432
1571
928
1247
1755
1
5
35
802
431
282
375
1289
1936
1571
1094

1
365
1949
1941
925
172
0
0
144
838
967
27
7

51
842
1632
1511
1140
1127
1281
1675
2
7
15
2951
2770
2537
2897
2960
2960
2950
2936


2953
2951
2959
2955
2959
2959
2951
2939


2951
2959
2950
2960
2959
2971
2953
2954
29
5
3
2954
2949
2957
2949
2960
2970
2947
295
9

2957
2957
2954
2959
2950
2947
2954
2960

2
960
2958
2960
2952
2960
2948
2958
2955
2
9
51
2953
2933
2944
2854
1785
861
881
1193

8
39
0
0
0
0
81
529
175
0
0
328
688
99


0
0
0
208
1071
1315
570
165
778
1360
10
8
8
464
208
143
347
1242
1766
1183
583
78
4

1491
1674
1014
675
558
646
1316
2093
2
0
07
1287
1066
1770
2244
1731
1135
855
758

1
067
1930
2292
1633
1189
1655
2271
2202
15
3
5
1196
1602
505
210
699
891
166
0
0
0
3
0
6
1255
1599
1014
866
1771
2494
2405
2026


1938
2032
2363
2951
2954
2947
2922
2951
2
9
50
2955
2951
2950
2954
2964
2946
2960
29
5
8
2956
2954
2958
2950
2954
2955
2954
2957


2960
2957
2954
2960
2949
2949
2959
2955

2
955
2955
2954
2956
2960
2949
2956
2960
295
1

2961
2947
2961
2955
2953
2960
2961
2958


2953
2957
2951
2958
2960
2953
2958
2960
2
9
55
2957
2958
2958
2946
2955
2958
0
0
67


609
411
0
0
503
1036
500
106
0
0
396
1
2
64
1578
827
349
846
1483
1360
689
411
2
7
7
361
1249
1847
1454
813
912
1696
1994
1
3
69
979
803
816
1386
2190
2242
1470
1073

1
671
2158
1761
1175
899
833
1094
2031
2527


1916
1360
1605
2256
2320
1665
1307
1143

1
233
1926
2607
2434
1703
1419
2000
2270
153
5

903
543
391
673
1474
1776
1015
537
107
2

1737
1678
1304
1081
712
451
976
1323
717


0
12
685
1084
533
282
234
478
1243
230
2

2606
2062
1904
2717
2943
2872
2726
2658

2
779
2945
2947
2954
2959
2950
2958
2963
2
9
54
2958
2959
2955
2954
2955
2947
2958
2942


2956
2958
2960
2957
2957
2960
2950
2959


2959
2958
2953
2958
2955
2951
2957
2958
29
5
9
2955
2945
2958
2946
2960
2961
2956
2951


2958
2957
2957
2955
2955
2939
2946
2903


2034
1109
475
131
234
910
1069
165
0
129


631
491
0
0
0
0
436
1043
723
147
240
1
0
13
1400
736
235
99
118
637
1482
1630
83
8

464
1126
1658
1298
702
441
363
590
1521


2101
1521
967
1245
1962
2064
1385
1021
8
6
3
901
1535
2205
2000
1228
1006
276
196
64
6

1517
1837
1117
909
1723
2190
1683
710

1
11
0
0
531
1070
611
86
335
1237
1698
124
3

1072
1135
1383
2148
2925
2913
2599
2498


2947
2960
2947
2942
2938
2947
2957
2960
2
9
59
2953
2983
2947
2960
2957
2949
2951
29
5
7
2949
2959
2955
2956
2955
2953
2954
2960


2957
2954
2955
2957
2959
2957
2960
2960

2
955
2959
2960
2951
2957
2960
2960
2955
296
0

2958
2953
2953
2955
2957
2967
2950
2959


2954
2943
2953
2960
1475
530
0
0
0
0
35
7

550
0
0
79
566
378
0
0
0
0
712
131
5

881
309
407
1149
1394
717
304
137
219
7
6
6
1597
1606
843
498
1191
1726
1330
777

5
95
577
885
1808
2255
1577
1086
1459
2064

2
037
1334
934
747
752
1501
2189
1968
1298


1231
1983
2399
1776
1270
1056
1034
1456
2
2
83
2491
1759
1360
1907
2398
2121
1413
10
0
8
752
763
1523
1949
1313
631
752
1425
1
6
37
944
592
431
528
1396
2309
2091
995
364


763
1056
461
0
0
0
79
988
1617
1106
7
9
6
1439
2303
2461
2021
1874
1901
2127
2928


2952
2951
2918
2957
2954
2954
2958
2959

2
955
2959
2957
2954
2949
2957
2950
2943
295
0

2951
2958
2954
2960
2954
2957
2954
2958


2960
2959
2957
2954
2951
2956
2957
2959
2
9
54
2960
2955
2951
2956
2953
2965
2955
29
6
1
2957
2960
2949
2959
2956
2955
2927
2559


1952
1518
1901
1983
1076
191
215
720
724


0
0
0
0
35
628
561
0
0
451
1008
610
1
3
9
0
0
267
1169
1600
878
329
778
1450
14
4
9
784
430
281
315
1115
1795
1581
868
81
6

1618
2087
1486
1059
858
828
1315
2174
23
0
1
1535
1087
1654
2144
1845
1216
925
873


1073
1981
2512
1967
1363
1589
2224
2353
16
9
7
1443
800
0
0
611
1001
432
117
90
317


1104
2165
2482
1959
1793
2588
2950
2836
2
6
25
2559
2662
2913
2958
2957
2954
2958
29
5
3
2958
2947
2959
2954
2957
2955
2946
2955


2953
2939
2958
2957
2954
2967
2952
2959

2
955
2955
2953
2955
2949
2967
2955
2959
295
8

2957
2949
2958
2957
2951
2949
2949
2955


2951
2948
2948
2957
2951
2955
2960
2953
2
9
57
2957
2958
2943
2954
2953
2959
2953
29
5
7
2953
2959
2961
2959
2960
0
0
0
0
188


809
629
26
45
831
1302
716
236
48
38
449


1302
1613
848
415
971
1563
1362
720
448


347
503
1419
2031
1628
1039
1168
1911
215
0

1458
1061
855
870
1445
2143
2115
1328
9
8
8
1675
2182
1840
1296
1072
994
1276
2150

2
559
1893
1350
1727
2375
2352
1723
1411
1
2
06
1185
1859
2351
1978
1127
887
1501
1827


1124
576
306
313
736
1626
1943
1233
985


1778
2191
1666
667
75
0
0
543
1072
634
1
0
6
307
1221
1681
1227
1040
1099
1360
2143


2935
2902
2640
2546
2957
2928
2928
2947
2
9
41
2951
2953
2960
2957
2961
2958
2959
29
5
5
2954
2960
2951
2958
2955
2954
2953
2957


2956
2960
2960
2959
2953
2954
2952
2959


2954
2955
2947
2957
2960
2950
2958
2956
29
5
7
2961
2958
2965
2954
2953
2950
2951
2953


2955
2946
2947
2949
2464
1462
1047
1380

1
367
420
0
0
0
0
477
540
0
0
130
593
3
3
3
0
0
0
0
794
1367
772
240
481
1200
132
3

640
279
112
190
864
1603
1489
763
524


1265
1773
1263
747
618
609
1005
1906
2270


1535
1082
1535
2128
1986
1315
944
751
77
9

1623
2224
1841
1249
1339
2066
2367
1733

1
269
2230
1136
418
747
1071
560
0
0
0
0


909
1576
1191
836
1333
2256
2547
2112
193
5

1973
2186
2893
2949
2951
2929
2944
2947


2954
2954
2958
2960
2953
2960
2960
2957
2
9
55
2958
2949
2954
2947
2959
2953
2951
29
5
5
2957
2955
2960
2951
2954
2958
2959
296
0

2949
2949
2959
2954
2955
2956
2957
2954

2
960
2959
2958
2958
2951
2958
2950
2952
2
9
54
2955
2942
2949
2959
2961
2958
2961
2957


2951
2950
2948
2958
2960
2960
2955
0
0


281
507
0
0
139
688
581
62
0
0
10
851

1
429
962
362
463
1211
1505
822
419
213
2
7
2
832
1655
1686
943
622
1351
1938
1575
10
4
0
806
753
1077
1959
2409
1713
1170
1472


2067
2011
1299
976
848
935
1744
2413
2187


1491
1393
2076
2469
1863
1418
1213
1191

1
671
2502
2583
1759
1245
1728
2147
1730
999


624
383
486
1342
1835
1238
631
912
1657


1856
1331
1257
1049
818
1096
1482
1149
22
4

0
576
1053
629
224
171
320
873
1970
25
5
9
2106
1815
2398
2941
2900
2667
2559
2623


2810
2974
2955
2954
2953
2959
2960
2990

2
958
2954
2951
2954
2956
2957
2954
2949
294
1

2949
2962
2957
2955
2954
2954
2954
2959


2958
2952
2959
2955
2960
2958
2949
2959
2
9
57
2961
2947
2950
2953
2954
2959
2954
29
5
7
2959
2960
2960
2954
2925
2951
2938
2429


1455
743
272
139
774
1126
397
0
0
457

5
62
0
0
0
0
157
869
886
219
23
755
130
9

901
345
83
63
336
1258
1718
1019
495
84
9

1486
1475
799
480
358
419
1227
1978
17
5
1
1111
1046
1783
2181
1570
1100
866
844
1
3
43
2117
2224
1423
946
1557
2116
1881
1334


1078
978
1152
1592
2031
1645
650
46
0
0


397
976
619
64
223
1103
1667
1242
1020

1
071
1338
2055
2907
2912
2588
2450
2957
295
4

2954
2934
2942
2957
2958
2951
2957
2953
2949
2958
2955
2960
2958
2957
2955
2957
2959
2957
2960
2935
2951
2959
2949
2960
2957
2953
2960
2958
2959
2953
2955
2931
2959


2951
2961
2960
2957
2950
2955
2955
2960
2
9
60
2959
2957
2959
2960
2943
2960
2956
29
5
9
2960
2959
2951
2954
2961
2958
2953
2953


272
599
0
0
0
394
509
0
0
0
0
405
11
7
5
1075
345
166
909
1380
836
332
142
137

4
96
1389
1744
1008
528
1001
1646
1582
914


676
614
717
1590
2224
1863
1200
1247
19
5
1
2252
1535
1088
821
801
1306
2127
2224
1
4
94
1139
1819
2314
1968
1373
1104
1010
12
3
4
2147
2603
2007
1479
1747
2389
2402
1680


1221
912
791
1360
1959
1697
866
609
1287


1740
1187
691
482
509
1003
2170
2473
1487


646
810
1154
880
135
0
0
0
817
1585
1
4
07
957
1200
2172
2651
2241
2005
1988
2163


2800
2955
2955
2945
2934
2960
2959
2960
29
4
7
2951
2960
2957
2958
2948
2954
2960
296
0

2949
2949
2951
2960
2951
2950
2959
2960

2
956
2960
2954
2955
2950
2951
2960
2954
2
9
54
2955
2960
2950
2959
2953
2955
2951
2945


2959
2955
2956
2954
2950
2955
2957
2945


2813
2225
1661
1697
1967
1555
483
0
453
8
1
1
243
0
0
0
0
353
734
59
0
112
738
8
0
7
203
0
0
17
762
1440
1218
476
374
111
5

1597
990
497
255
224
667
1520
1786
1035


619
1229
1879
1721
1133
871
789
933
1840


2358
1857
1211
1315
1951
2080
1361
955
79
1

859
1509
2273
2254
1520
1252
1930
755

7
69
1277
1259
305
0
286
875
697
202
81
17
5

506
1623
2430
2207
1803
2112
2895
2940


2725
2559
2547
2739
2957
2954
2957
2960
29
5
6
2957
2960
2959
2957
2956
2954
2960
295
7

2947
2957
2953
2957
2951
2958
2960
2949

2
960
2955
2959
2955
2960
2953
2949
2960
2
9
63
2955
2946
2953
2958
2957
2954
2955
2960


2955
2957
2960
2955
2948
2956
2955
2956


2951
2951
2950
2960
2959
2954
2954
2954
29
5
7
2956
2958
2959
261
590
0
0
0
0
0
56
0

949
263
0
400
1105
1064
421
124
3
105
945
1590
1226
575
595
1314
1648
961
528
337
356
901
1791
1963
1233
857
1555
2096
1
8
05
1225
944
860
1057
1936
2366
1702
1096


1321
2000
2125
1488
1132
989
1040
1712
240
7

2256
1555
1349
2066
2501
2000
1505
1298


1200
1483
2227
2429
1561
924
1264
1776
15
3
5
817
442
282
368
1238
1904
1557
1002
1
2
97
2064
2094
1109
365
0
0
161
871
1006
2
8
5
47
823
1583
1467
1085
1059
1202
1641

2
670
2951
2757
2512
2864
2954
2956
2945
2
9
44
2950
2955
2953
2960
2951
2967
2954
2929


2961
2951
2954
2955
2955
2881
2945
2956


2957
2952
2950
2959
2957
2959
2958
2957
29
4
2
2960
2951
2933
2957
2956
2957
2950
296
0

2953
2946
2952
2958
2954
2957
2959
2954
2
9
60
2951
2960
2960
2946
2384
1477
1339
16
1
8
1360
419
0
0
0
138
673
496
0
0
362
8
2
2
302
0
0
0
185
1069
1488
767
351
770


1398
1313
631
329
209
304
1153
1763
1362

6
86
710
1441
1773
1121
707
578
646
1215

2
069
2207
1458
1077
1747
2251
1888
1298
952


801
967
1838
2330
1760
1232
467
287
405


1374
2179
1789
729
258
714
976
274
0
0

0

122
1043
1535
1008
754
1502
2331
2434

2
010
1905
1943
2192
2946
2954
2937
2911
296
0

2957
2951
2951
2957
2959
2954
2953
2949


2954
2950
2953
2950
2960
2959
2957
2960

2
963
2958
2953
2954
2960
2958
2951
2955
2
9
54
2960
2947
2949
2950
2954
2960
2953
2956

