2
959
2963
2951
2957
2959


2961
2960
2969
2955
2956
2953
2959
2964
29
5
9
2961
2960
2959
2962
2950
2959
2955
296
0

2962
2954
2957
2959
2955
2928
2962
2842

2
955
2954
2961
2960
2956
2961
1419
1111
2
9
63
2959
2128
0
2960
2954
2693
2954
2960
4
6
9
0
1983
2958
2773
0
0
2960
1435
1359

2
947
1503
0
0
2954
2951
0
0
1403
1302
0

2
368
2494
0
0
1168
2956
0
0
0
1102
0
3


2535
0
0
0
2951
2197
0
0
213
0
0
1168


0
0
0
1088
2960
0
0
0
555
0
176
1905


0
0
0
2949
609
0
0
0
0
0
632
0
0
0
1
6
16
2958
0
0
114
692
0
1722
2935
0
0
1
5
93
2959
2831
0
1194
2957
2955
2955
2960
2
9
60
1264
2953
2957
2960
2928
2958
2957
295
9

2960
2957
2957
2962
2960
2955
2980
2958


2953
2960
2958
2960
2947
2960
2960
2954
2
9
55
2960
2957
2955
2957
2955
2955
2960
29
5
7
2957
2958
2958
2956
2958
2960
2955
2958


2960
2958
2960
2955
2951
2953
2958
2958

2
955
2961
2956
2959
2541
2954
2959
2960
107
1

2955
2959
2949
2958
2955
2946
0
211
29
5
9
2961
22
0
2950
2910
1152
2954
2951
0
0


1718
2957
1333
0
0
2736
0
688
2954
70


0
0
2960
2926
0
0
1267
125
0
2483
1854

0

0
1327
2950
0
0
0
5
0
0
1818
0
0
0


2959
1535
0
0
31
0
0
1333
0
0
0
1775

2
955
0
0
0
0
0
0
677
0
0
0
2943
0
0


0
0
0
0
1369
0
0
0
2731
2953
0
0
1246


2031
0
2959
2951
0
0
2960
2947
2923
0

2
959
2960
2954
2960
2958
2960
2366
2955
296
0

2960
2480
2953
2958
2957
2959
2954
2953


2958
2951
2959
2954
2959
2951
2955
2954
2
9
57
2958
2958
2960
2957
2961
2960
2961
29
6
0
2960
2960
2960
2955
2956
2962
2960
2961


2959
2960
2960
2945
2953
2957
2959
2955
2
9
40
2931
2960
2969
2957
2955
2960
2963
283
1

895
2960
2954
2959
0
2352
2955
2951
295
9

2954
2834
0
609
2958
2956
0
0
2953
29
3
0
1775
2951
2955
0
0
2939
2954
1088
0
44
2

2937
96
1097
2959
0
0
0
2956
2756
0

0

1467
0
0
1857
416
0
0
1106
2959
0
0
0


0
0
0
929
0
0
0
2959
982
0
0
115
0


0
1567
0
0
0
2146
2956
0
0
0
0
0
0
0


0
0
0
2957
0
0
0
46
0
0
1904
0
0
0


2955
2943
0
0
2731
2866
1566
2960
2956
0


0
2951
2960
2960
353
2951
2958
2954
2958


2954
2951
2953
2960
2960
2962
2955
2954
2
9
59
2960
2954
2958
2957
2960
2954
2961
295
8

2959
2960
2958
2957
2958
2956
2960
2955


2957
2959
2957
2953
2961
2957
2954
2957
2
9
53
2954
2954
2958
2959
2959
2958
2957
294
6

2939
2955
2960
2950
2959
2957
2944
2960


2960
2951
2955
2960
2960
2957
2959
2959
2
9
62
2957
2959
2951
2332
1361
2959
1819
0


0
2960
2957
0
0
1072
2471
0
1343
2530
0


0
532
2948
1120
0
0
1802
0
0
2224
0
0


0
2928
2906
0
0
592
220
0
545
303
0
0


411
2957
0
0
0
421
0
0
1068
0
0
0
29
5
7
1985
0
0
1388
40
0
1507
0
0
0
1386
2
9
53
0
0
0
0
0
0
640
0
0
0
2954
166
4

0
0
2503
941
269
2960
1937
0
0
2954
29
6
3
345
0
2957
2959
2957
2963
2948
2890
2
8
37
2953
2954
2962
2958
2956
2955
2934
2955


2945
2960
2953
2966
2951
2949
2960
2960

2
958
2957
2951
2949
2959
2957
2958
2958
29
5
0
2957
2955
2951
2959
2961
2960
2960
294
7

2957
2971
2961
2961
2959
2959
2960
2959

2
960
2960
2960
2955
2960
2946
2960
2955
2
9
54
2960
2957
2959
2955
2963
2964
2960
2960


2956
2951
2957
2959
2952
2960
2960
2958


2957
2955
98
2956
2926
2640
2959
2816
0
0


2958
2938
0
0
1671
2951
494
2165
2943

0

0
707
2961
1817
0
0
2553
176
0
2928
14
1

0
0
2954
2939
0
0
358
0
0
477
397
0
0
324
2960
0
0
0
288
0
0
1011
0
0
0

2
951
2263
0
0
561
0
0
432
0
0
0
640
2911
0
0
0
0
0
0
662
0
0
0
2950
1856
0
0
2734
1216
492
2957
2269
0
0
2955
2947
1183
0
2954
2947
2957
2957
2957
2959

2
960
2957
2961
2957
2957
2954
2955
2938
2
9
60
2960
2949
2950
2960
2960
2959
2955
2961


2959
2959
2954
2957
2958
2953
2955
2960


2957
2960
2954
2951
2953
2960
2959
2955
29
5
9
2958
2953
2959
2960
2953
2960
2959
296
2

2960
2959
2954
2959
2957
2961
2960
2956

2
950
2955
2951
2955
2960
2965
2956
2953
2
9
58
2955
2952
2963
2957
2956
2957
2957
2960
2954
0
0
2803
1314
0
2947
1709
0
0
29
5
5
2957
0
0
245
1306
0
583
2256
0
0
0
2
9
56
1162
0
0
995
0
0
1730
0
0
0
2249

2
768
0
0
0
0
0
0
256
0
0
0
2960
0


0
0
0
0
0
1703
0
0
0
2958
2035


0
0
0
0
0
0
0
0
0
97
2684
0


0
0
0
0
0
2190
0
0
0
2961
2865


0
0
2961
2629
2243
2953
2957
0
451
2949
2954
2877
1522
2944
2960
2960
2963
2954

2
951
2962
2960
2960
2959
2958
2960
2953
2
9
56
2958
2960
2959
2961
2960
2959
2958
2960


2960
2956
2962
2949
2956
2960
2951
2955


2958
2953
2960
2962
2957
2959
2960
2951
29
5
0
2951
2960
2949
2957
2946
2955
2971
295
9

2951
2960
2958
2955
2958
2946
2960
2955

2
954
2960
2959
2955
2959
2960
2959
2960
29
5
4
2949
2958
2960
2961
2958
2949
0
0
295
0

2953
0
0
2059
1746
0
2832
2679
0
0
229
9

2957
0
0
0
1314
0
122
2923
0
0
0
295
1

1963
0
0
459
0
0
1411
346
0
0
1773
2
9
11
0
0
0
0
0
0
1285
0
0
0
2960
385


0
0
507
0
0
1630
0
0
0
1941
2017
0
0
0
0
0
0
401
0
0
157
2960
0
0
0
1093
0
98
2957
1007
0
342
2953
29
5
1
0
69
2947
2962
2961
2955
2962
2138
25
2
9
2960
2954
2956
2955
2960
2959
2949
2960
2950
2951
2959
2955
2954
2953
2957
2955
2961
2946
2960
2960
2959
2959
2956
2986
2958
2958
2955
2959
2949
2960
2955
2969
2959


2957
2953
2955
2955
2965
2965
2960
2955
2956
2962
2960
2957
2953
2955
2959
2959
296
0

2957
2949
2959
2966
2959
2960
2960
2957


2949
2960
2953
2955
2960
2957
2950
2951
2
9
59
2951
2962
2960
1714
1264
2958
1717
0

0

2960
2906
0
0
1434
1493
0
2559
2791
0

0

2672
2955
0
0
0
1251
0
74
2960
0
0

0

2960
1265
0
0
0
0
0
1332
661
0
0
19
0
5
2662
0
0
0
0
0
0
2134
0
0
92
2960
9
3
2
0
0
15
0
0
1263
0
0
0
1782
1694
0
0
0
0
0
187
2309
0
0
1182
2960
260
0
0
2719
1072
1235
2957
2240
0
1974
2954
2960
1762
2224
2954
2957
2954
2954
2958
2928
2957
2953
2970
2959
2962
2958
2951

2954
2958
2954
2945
2960
2949
2951
2959

2
951
2957
2960
2957
2958
2960
2958
2957
296
0

2960
2949
2950
2967
2953
2959
2955
2949


2960
2950
2959
2955
2949
2951
2954
2954
2
9
63
2960
2957
2960
2956
2957
2959
2960
29
6
0
2956
2951
2959
2958
2959
2958
2954
2954


2954
2960
2957
2963
2955
2954
32
0
2774
2960
2340
0
0
2519
951
0
2960
1731
0
0
2955
2863
0
0
395
1090
0
1609
2934
0
0
1746
2957
0
0
0
917
0
0
2951
0
0
0
295
8

1424
0
0
0
0
0
896
1713
0
0
1141
27
2
2
0
0
0
0
0
0
2951
0
0
0
2958
315


0
0
0
0
0
445
0
0
0
991
1853
0


0
0
0
0
97
2960
0
0
1313
2949
2
4
89
0
0
2958
2693
2401
2960
2955
0
2357
2
9
58
2967
2957
2954
2963
2955
2953
2951
29
5
1
2954
2959
2957
2954
2951
2953
2954
2960


2960
2954
2960
2957
2955
2960
2950
2961

2
960
2955
2960
2951
2948
2959
2957
2962
29
5
5
2960
2949
2960
2959
2958
2959
2954
2957


2958
2953
2954
2958
2958
2961
2951
2960

2
951
2954
2960
2956
2951
2959
2961
2958
295
7

2958
2957
2959
2955
2955
2958
2955
2962


2960
2953
2955
2956
2959
2959
0
0
1495
2
9
60
2266
0
0
1629
497
0
2947
1962
0
0

2
958
2769
0
0
0
880
0
1035
2960
0
0
134
3

2961
0
0
0
287
0
0
2679
0
0
0
2480
8
5
7
0
0
0
0
0
871
1619
0
0
983
2442

0

0
0
663
0
0
2953
0
0
0
2097
0
0


0
0
0
0
1023
426
0
0
1670
2496


0
0
0
1487
0
1083
2961
0
0
2899
2959
2
9
38
342
1136
2955
2955
2961
2951
2955
161
9

2958
2959
2955
2960
2955
2946
2952
2960

2
955
2956
2955
2960
2953
2960
2961
2953
2
9
59
2961
2953
2960
2949
2960
2957
2959
2953


2949
2953
2959
2959
2961
2960
2955
2957


2957
2956
2949
2953
2960
2959
2959
2958
29
4
9
2958
2957
2958
2966
2959
2958
2954
2955


2960
2958
2945
2960
2957
2957
2961
2960


2959
2954
2960
2962
2954
2961
2955
2954
29
6
0
2953
0
1287
2914
0
2158
2958
0
0
208
7

2959
1201
0
0
1670
0
0
2958
354
0
0
2
9
60
2196
0
0
210
173
0
2047
2679
0
0
1
5
64
2831
0
0
0
0
0
0
2701
0
0
0
2125
0


0
0
0
0
0
1687
1142
0
0
2154
2780


0
0
0
0
0
0
2283
0
0
0
1431
0
0


0
0
0
0
2475
816
0
0
2963
2842


0
0
1075
2912
41
2962
2954
0
0
2960
2960


2950
2474
2951
2954
2959
2955
2953
2952
2955
2959
2951
2955
2960
2951
2959
2959
29
5
9
2955
2947
2960
2954
2959
2961
2954
295
5

2950
2955
2955
2963
2961
2956
2954
2960


2960
2960
2957
2961
2955
2960
2958
2953
2
9
60
2954
2957
2957
2951
2956
2948
2955
29
6
0
2959
2949
2947
2960
2959
2953
2954
2963


2949
2958
2960
2950
2958
2959
2960
2955

2
953
2959
2958
2955
2961
2965
2954
2964
295
1

2957
0
0
770
2250
0
1975
2960
0
0
18
7
2
2961
789
0
0
1191
0
0
2959
0
0
0
296
0

1987
0
0
278
0
0
2042
2368
0
0
1183


2320
0
0
0
0
0
0
2838
0
0
0
1952
0
0


0
0
0
0
2608
2017
0
0
1867
2201


0
0
0
0
0
0
1809
0
0
0
1597
0
0


0
64
0
0
2958
1769
0
0
2953
2956


889
0
2789
2959
2145
2957
2949
1559
687

2941
2959
2959
2963
2958
2958
2960
2954
2
9
60
2957
2957
2962
2954
2959
2960
2956
2955


2957
2951
2957
2958
2958
2955
2947
2963


2955
2956
2955
2948
2959
2960
2960
2960
2
9
59
2962
2957
2960
2955
2958
2960
2953
2955


2961
2957
2954
2960
2941
2945
2959
2960


2962
2956
2960
2958
2966
2958
2960
2958
29
5
1
2954
2957
2956
2958
2953
2956
2954
296
1

2946
2956
2960
2112
0
2957
2736
0
0
295
9

2951
0
0
0
1567
0
605
2960
0
0
548

2
955
1071
0
0
362
0
0
2959
940
0
0
2418


2256
0
0
0
0
0
191
2416
0
0
0
1306
0


0
0
0
0
0
2090
0
0
0
1229
146

0

0
0
0
0
1666
2245
0
0
246
861
0


0
0
0
0
0
2061
0
0
0
2092
742


0
0
720
339
0
2958
2864
0
0
2956
2955


2841
752
2960
2958
2960
2949
2954
2949
295
1

2951
2960
2957
2956
2959
2960
2959
2955


2956
2955
2960
2960
2953
2959
2953
2950
2
9
52
2960
2954
2945
2947
2959
2955
2961
29
5
7
2958
2960
2954
2960
2959
2963
2958
2958


2960
2963
2955
2960
2962
2967
2957
2961

2
957
2959
2955
2953
2957
2961
2957
2960
295
4

2960
2950
2953
2957
2954
2955
2950
2954


2955
2954
2954
2958
2954
2945
2959
2960
2
9
60
2954
0
2465
1644
0
2957
2529
0
0
29
5
5
2954
0
0
0
1445
0
765
2957
0
0
635


2955
818
0
0
491
0
0
2955
589
0
0
2286


1673
0
0
0
0
0
576
2176
0
0
158
1289


0
0
0
0
0
0
2416
0
0
0
2609
1811

0
0
0
0
0
755
803
0
0
0
112
0
0
0
0
0
0
2948
0
0
16
2966
2158
0
0
2295
2116
415
2950
2954
0
1243
2957
2950
2960
2959
2960
2959
2955
2959
2955
2958
2953
2958
2951
2958
2951
2960
2960
2
8
76
2949
2949
2951
2960
2955
2960
2950
2947


2960
2953
2957
2958
2956
2958
2960
2951


2956
2950
2960
2958
2954
2957
2960
2957
29
6
0
2960
2960
2960
2955
2959
2960
2953
2955


2959
2958
2958
2960
2954
2957
2957
2959

2
960
2948
2957
2959
2960
2957
2953
2970
2
9
55
2965
2963
2959
2946
2957
2962
0
2879
2
9
60
2680
0
0
2367
468
0
2969
1457
0
0

2
960
2699
0
0
135
496
0
1761
2866
0
0
12
3
2
2863
0
0
0
327
0
0
2960
0
0
0
1424


62
0
0
0
0
0
752
829
0
0
1
251
0

0

0
0
0
0
2959
0
0
0
1261
0

0

0
0
0
0
263
0
0
0
0
0
0

0

0
0
0
0
2949
0
0
1077
2958
2
6
98
0
0
2957
2714
2639
2960
2955
197
2966


2957
2958
2955
2960
2955
2960
2957
2952

2
960
2963
2954
2945
2954
2958
2949
2963
294
9

2962
2957
2957
2958
2952
2954
2954
2960


2955
2963
2960
2959
2949
2962
2955
2954
2
9
55
2961
2960
2951
2942
2954
2955
2957
296
2

2960
2959
2947
2960
2960
2951
2961
2951


2955
2959
2959
2954
2960
2951
2960
2958
2
9
48
2963
2959
2959
2959
2951
2960
2960
29
5
6
2960
2960
2960
2958
2961
2963
0
0
2205


2959
2384
0
0
1821
16
0
2957
1254
0
0


2959
2497
0
0
0
212
0
1634
2852
0
0
124
3

2849
0
0
0
122
0
0
2957
0
0
0
1360


96
0
0
0
0
0
811
921
0
0
126
551
0


0
0
0
0
0
2466
0
0
0
0
0

0

0
0
0
0
561
0
0
0
443
854
0


0
0
786
0
1217
2960
0
0
2957
2958

2
958
1724
2111
2953
2956
2958
2959
2953
290
3

2957
2960
2955
2956
2956
2938
2951
2959


2960
2959
2960
2948
2955
2948
2950
2949
2
9
59
2960
2962
2959
2957
2956
2959
2949
29
5
6
2957
2960
2951
2950
2957
2955
2958
2954


2954
2957
2947
2954
2960
2959
2945
2951

2
955
2950
2956
2960
2958
2962
2947
2955
295
0

2959
2959
2958
2960
2951
2952
2953
2951


2944
2959
2954
2961
2949
2960
2954
2955
2
9
57
2949
0
1281
2957
447
2432
2956
0
0
1
8
57
2957
2390
0
0
1360
26
0
2954
1492
0


0
2747
2470
0
0
0
238
0
1281
2930
0
0


604
2059
0
0
0
0
0
0
2309
0
0
0
529
0


0
0
0
0
0
687
774
0
0
918
2177
0


0
0
0
0
0
1808
0
0
0
0
0
0


0
0
0
0
1637
752
0
0
1885
2692


0
0
190
2750
140
2958
2954
864
0
2959
29
5
8
2951
2958
2971
2958
2959
2951
2958
296
0

2956
2953
2946
2956
2956
2956
2957
2956

2
957
2959
2951
2957
2960
2959
2955
2959
29
5
6
2960
2958
2958
2957
2959
2960
2957
296
2

2949
2953
2959
2940
2960
2956
2960
2967

2
960
2961
2960
2955
2962
2954
2956
2960
2
9
53
2957
2960
2953
2959
2932
2957
2949
2960


2958
2947
2960
2958
2959
2945
2960
2957


2960
2959
2957
2959
2960
2945
2949
206
29
6
0
2957
1743
0
618
2651
0
2099
2959
0
0


1626
2961
1834
0
0
811
0
0
2957
597
0
0


2416
1993
0
0
0
0
0
1270
2449
0
0
14
3

771
0
0
0
0
0
0
2069
0
0
0
216
0
0


0
0
0
0
1776
2333
0
0
953
1318

0

0
0
0
0
0
1241
0
0
0
89
0
0


0
0
0
0
2957
2064
0
0
2960
2961


2120
0
1827
2957
2501
2957
2960
2434
1566


2960
2959
2959
2956
2970
2957
2960
2953


2960
2955
2950
2959
2960
2963
2958
2957
29
6
0
2962
2958
2961
2953
2950
2957
2951
295
8

2960
2953
2950
2958
2960
2958
2962
2951

2
954
2955
2957
2951
2949
2978
2957
2958
29
4
9
2957
2955
2957
2960
2957
2951
2950
2956


2960
2951
2949
2943
2957
2954
2951
2959
2
9
61
2957
2959
2960
2957
2962
2953
2955
29
6
0
2944
2958
2955
2853
1386
2930
2937
0
0


2949
2959
1643
0
49
2123
0
1391
2958
0


0
983
2958
1765
0
0
422
0
0
2955
1205
0


0
2273
2293
0
0
0
13
0
998
2795
0
0


279
1363
0
0
0
0
0
0
2319
0
0
0
504
0


0
0
0
0
0
1359
1125
0
0
0
0
0

0

0
0
0
0
1366
0
0
0
944
24
0


0
450
105
0
2957
2806
0
371
2951
296
0

2946
2112
2947
2955
2950
2935
2957
2960

2
961
2949
2957
2960
2957
2955
2957
2956
2
9
54
2954
2958
2951
2953
2955
2960
2955
296
0

2957
2957
2957
2950
2958
2956
2955
2967

2
955
2958
2959
2983
2955
2960
2947
2960
2
9
51
2955
2957
2960
2960
2950
2960
2959
2957


2970
2950
2948
2967
2951
2955
2958
2955


2960
2959
2960
2960
2971
2958
2948
2956
29
3
8
2959
2960
2956
2960
2951
2959
2955
295
1

2957
1067
0
2880
2207
390
2954
2608
0
0


2960
2955
869
0
0
1535
0
1440
2958
0

0

992
2903
1232
0
0
380
0
0
2954
529
0

0

1629
944
0
0
0
0
0
444
1559
0
0
0

1
97
0
0
0
0
0
0
2156
0
0
0
1842
158
2

0
0
0
0
0
1127
797
0
0
0
0
0

0

0
0
0
0
2938
0
0
201
2939
229
0

0
0
2203
2366
1274
2956
2960
0
2015
2
9
58
2947
2960
2957
2962
2953
2961
2958
2960


2958
2959
2958
2958
2960
2960
2960
2950


2887
2958
2960
2959
2958
2956
2956
2951
29
5
1
2953
2960
2954
2956
2955
2951
2959
294
6

2960
2958
2947
2951
2958
2960
2957
2949

2
959
2955
2959
2958
2957
2957
2959
2954
2
9
49
2960
2958
2955
2959
2951
2953
2955
2957


2960
2959
2945
2959
2960
2949
2959
2951


2945
2955
2955
2954
2954
2951
491
0
2650

2
957
2819
0
0
1634
693
0
2958
1806
0
0

2
947
2732
0
0
0
527
0
1535
2913
0
0
96
6

2433
397
0
0
254
0
0
2960
0
0
0
1669


689
0
0
0
0
0
1319
1229
0
0
141
179

0

0
0
0
0
0
2950
0
0
0
463
0
0


0
0
0
0
379
0
0
0
0
0
0


0
0
0
0
461
2959
0
0
1814
2960
29
4
2
534
78
2951
2955
2959
2955
2958
1462

2
957
2954
2960
2957
2953
2960
2955
2960
295
9

2958
2960
2955
2952
2953
2963
2955
2956


2958
2951
2954
2959
2960
2961
2960
2961
2
9
57
2959
2950
2960
2958
2958
2951
2956
29
5
8
2960
2954
2959
2960
2945
2959
2959
2956


2979
2955
2950
2960
2958
2960
2960
2953

2
960
2960
2955
2957
2954
2955
2957
2959
295
8

2951
2954
2958
2959
2957
2960
2960
2958


2960
2959
2960
2954
1238
2828
2958
0
0
1
7
28
2957
2618
0
0
1165
374
0
2959
1743

0

0
2731
2530
0
0
0
294
0
1579
2927
0
0


1153
2549
693
0
0
442
0
0
2960
0
0
0


2226
1393
0
0
0
0
0
1490
1370
0
0
225


395
0
0
0
0
0
0
1523
0
0
0
0
0
0


0
0
0
0
467
0
0
0
224
410
0


0
0
950
0
2007
2955
0
0
2953
2959
2
9
55
2722
2951
2959
2958
2958
2958
2966
29
5
8
2959
2960
2959
2951
2953
2957
2959
2962


2960
2961
2959
2960
2953
2951
2962
2960

2
959
2954
2960
2960
2961
2958
2955
2949
295
9

2960
2955
2965
2957
2955
2959
2960
2960

2
954
2954
2957
2954
2957
2955
2951
2958
2
9
55
2951
2954
2955
2960
2955
2950
2956
29
5
8
2951
2957
2793
2957
2954
2950
2959
2955


2960
2957
2959
2950
2958
2964
2959
2947

2
960
2960
0
452
2802
263
2373
2958
0
0
17
0
9
2960
2360
0
0
834
0
0
2960
1344
0
0


2337
2206
0
0
0
176
0
1666
2910
0
0
10
2
3
2215
487
0
0
0
0
0
2960
0
0
0
683


0
0
0
0
0
0
1134
1057
0
0
976
1392
0


0
0
0
0
0
1056
0
0
0
0
0

0

0
0
0
0
1783
720
0
0
1867
2551

1
014
0
213
2841
1283
2960
2950
1321
0
29
6
1
2957
2959
2959
2951
2959
2958
2958
2958


2958
2960
2960
2973
2960
2961
2961
2959
29
6
0
2960
2958
2960
2947
2960
2989
2960
296
0

2960
2943
2960
2960
2960
2961
2958
2954


2956
2967
2971
2955
2955
2960
2954
2958
2
9
54
2960
2960
2951
2958
2951
2954
2946
29
6
0
2959
2958
2956
2959
2960
2942
2957
2957


2958
2951
2951
2960
2963
2957
2956
2960

2
957
2960
2951
2958
2953
2960
2823
0
87
29
5
1
2961
1834
0
0
1365
0
1885
2954
0
0

1
211
2611
1600
0
0
66
0
0
2954
298
0
0

1
698
1449
0
0
0
0
0
1755
2385
0
0
266


484
0
0
0
0
0
0
2464
0
0
0
71
0
0


0
0
0
0
2397
2384
0
0
1051
998
0


0
0
0
0
0
1424
0
0
0
0
0
0


0
0
0
0
2957
2226
0
0
2961
2957

2
946
985
2151
2955
2959
2959
2958
2832
29
5
9
2953
2954
2951
2963
2945
2960
2957
2954


2959
2961
2956
2957
2950
2958
2958
2958

2
949
2959
2957
2957
2951
2947
2963
2950
2
9
60
2960
2955
2954
2951
2960
2954
2959
2960


2958
2954
2956
2949
2955
2960
2959
2955


2960
2950
2953
2953
2957
2953
2949
2957
29
5
9
2949
2949
2949
2962
2947
2954
2956
296
1

2957
2958
2957
2960
2960
2953
2960
2959

2
960
2955
0
1948
2443
1535
2960
2271
0
0


2753
2850
1808
0
0
635
0
1843
2941
0
0


835
1726
1527
0
0
0
0
0
2961
97
0
0
1
2
89
1386
0
0
0
0
0
1357
1719
0
0
0
0


0
0
0
0
0
0
2071
0
0
0
0
1
0


0
0
144
0
2411
1406
0
0
0
0
0

0

0
0
0
0
1792
0
0
0
665
1327


0
0
447
1535
1595
2954
2832
0
2023
295
9

2949
2955
2955
2956
2955
2958
2957
2957

2
960
2961
2959
2960
2950
2954
2955
2958
29
5
1
2961
2959
2953
2960
2954
2960
2957
2960


2960
2960
2958
2957
2957
2955
2951
2957

2
959
2960
2941
2959
2957
2951
2955
2958
295
9

2957
2955
2959
2949
2963
2962
2957
2958


2954
2966
2954
2953
2960
2960
2945
2958
2
9
59
2957
2941
2955
2957
2952
2954
2954
29
5
4
2955
2956
2956
2959
2959
2957
0
2960
29
5
6
2965
1890
0
986
2013
1675
2956
1565
0


30
1883
2474
2213
0
0
670
0
2018
2601
0


0
528
889
1840
0
0
0
0
233
2955
0
0


0
786
1648
656
0
0
0
0
1808
1179
0
0
0


0
530
0
0
0
0
0
1777
0
0
0
252
1117


0
0
0
0
0
230
0
0
0
0
0
0

0

0
0
0
14
1894
0
0
411
1483
295
8

1624
0
1565
2955
2945
2955
2958
1621
2
9
56
2960
2960
2958
2958
2957
2960
2958
2957


2954
2958
2955
2955
2975
2961
2959
2955


2958
2959
2957
2954
2948
2955
2956
2957
29
5
0
2959
2949
2955
2959
2957
2959
2962
296
3

2947
2958
2960
2960
2955
2972
2955
2951

2
953
2950
2928
2960
2956
2956
2957
2958
2
9
55
2960
2960
2962
2959
2954
2956
2953
2947


2954
2951
2959
2958
2947
2955
2959
2955


2960
2957
2953
2953
2928
2953
2959
645
0

1
426
1933
2956
1573
0
0
1356
1168
2960
11
0
9
0
0
431
1616
2689
0
0
343
0
1301
211
2

0
0
0
48
2288
0
0
0
244
234
2547
0

0

0
0
756
695
0
0
0
0
702
98
0
0
0
0


1237
0
0
0
0
414
2819
0
0
0
0
976

0

0
0
0
0
65
0
0
0
0
0
1496


0
0
64
497
1827
2929
22
0
2019
2944

2
961
2882
240
2960
2960
2960
2962
2959
295
1

2957
2950
2960
2958
2956
2959
2959
2951


2958
2963
2945
2951
2960
2955
2957
2958
2
9
59
2959
2960
2959
2960
2959
2960
2949
296
0

2955
2956
2950
2959
2959
2959
2951
2973

2
951
2959
2960
2959
2976
2957
2953
2960
2
9
61
2961
2960
2961
2957
2961
2960
2960
2958


2955
2960
2959
2958
2959
2959
2954
2960


2957
2955
2960
2957
2961
2954
2955
2957
29
5
6
2962
554
0
2383
2787
2960
2851
0
0
2
8
5
490
2955
1006
0
0
1293
1110
2689
2
0

0

0
1584
2510
0
0
491
225
1402
1181
0

0

0
336
2955
0
0
0
237
267
1486
0
0
0

0

1197
448
0
0
0
0
447
0
0
0
0
0
230
6

0
0
372
775
896
1204
0
0
0
0
563


0
0
0
0
0
320
0
0
0
0
967
29
2
7
0
0
1791
2805
2958
2959
1184
1567
296
0

2953
2959
2949
1838
2949
2958
2951
2957

2
956
2954
2959
2954
2960
2950
2960
2949
2
9
57
2958
2958
2954
2951
2967
2951
2951
2955


2947
2941
2951
2951
2962
2963
2957
2960


2955
2957
2958
2956
2960
2957
2957
2951
29
5
9
2955
2951
2959
2946
2953
2959
2951
295
3

2955
2960
2957
2946
2959
2960
2957
2959

2
955
2958
2936
2955
2954
2949
2960
2960
2
9
57
2957
2955
2960
2956
2957
2615
1119
2363


2038
2959
2939
0
0
2160
2372
2960
1755


0
0
0
770
2955
0
0
143
1321
1618
2188
0


0
0
0
2418
1736
0
0
763
762
1857
0
0


0
0
306
2751
0
0
0
0
6
0
0
0
0
0
13
4
9
0
0
0
0
0
531
0
0
0
0
1557
2
8
53
0
0
0
0
0
0
0
0
0
0
961

0

0
0
0
111
1471
0
0
128
161
2960


2951
0
349
2956
2959
2956
2954
2937
2959

2
960
2960
2959
2956
2960
2960
2957
2959
2
9
53
2960
2960
2954
2955
2958
2957
2951
2951


2955
2947
2960
2948
2955
2956
2959
2959


2951
2951
2958
2955
2958
2960
2953
2955
29
5
8
2950
2953
2951
2956
2955
2955
2957
296
0

2947
2959
2958
2960
2959
2949
2959
2949


2956
2953
2953
2953
2954
2953
2953
2960
2
9
61
2950
2960
2958
2955
2958
2958
2961
2961


2960
2958
2960
2950
2958
2960
1402
0
12
7
8
792
2953
2871
0
0
1274
1927
2901
1159

0

0
0
303
2950
0
0
0
687
1479
1776
0

0

0
0
1983
1811
0
0
371
680
1680
0
0
0


0
0
1823
0
0
0
0
125
0
0
0
0
0
965


0
0
0
0
399
2225
0
0
0
0
496
246
6

0
0
0
0
42
0
0
0
0
0
1766


0
0
0
880
2137
2953
559
0
1755
2106
2
9
46
2958
1294
1238
2960
2946
2953
2960
29
6
5
2960
2958
2955
2954
2960
2951
2957
2956


2950
2955
2963
2971
2959
2955
2960
2957
2
9
54
2960
2955
2961
2960
2960
2950
2954
29
6
2
2961
2960
2960
2957
2960
2953
2960
2956


2960
2955
2958
2953
2955
2958
2961
2954

2
951
2955
2960
2961
2951
2959
2950
2955
295
4

2959
2950
2960
2955
2952
2959
2959
2944


2960
2955
2953
2960
2958
2960
2963
2955


2947
2961
2602
0
240
2166
2957
2960
218
0


496
442
1630
2871
0
0
144
898
2930
146
5

0
0
0
0
2405
0
0
0
0
1433
2735
0
0

0

0
1219
1654
0
0
0
118
2022
0
0
0
0

0

1042
0
0
0
0
657
1066
0
0
0
0
558
6
0
2
0
0
159
1227
2949
0
0
0
0
0
12
7

0
0
0
0
614
553
0
0
0
0
1829


1191
0
0
1520
2955
2948
2129
223
2958
29
5
8
2954
2959
2949
2951
2960
2951
2957
295
9

2946
2953
2958
2960
2957
2954
2953
2951

2
961
2958
2955
2960
2958
2956
2955
2955
2
9
56
2960
2951
2960
2962
2959
2960
2957
2959


2955
2957
2950
2958
2960
2960
2957
2950

2
954
2963
2958
2950
2960
2959
2958
2958
29
5
8
2955
2960
2983
2957
2960
2959
2960
2960


2960
2954
2957
2960
2957
2957
2958
2960
2
9
60
2957
2959
2962
2951
2953
0
71
2960
2
9
37
2954
905
0
0
0
2171
2967
0
0
403
157
9

1952
1104
0
0
0
62
2956
1611
0
0
848


945
1237
0
0
0
0
1878
2943
0
0
207
78
1

1023
0
0
0
0
0
2853
65
0
0
0
0
0

0

0
0
0
1088
2434
0
0
438
1723
201
8

0
0
0
0
0
2624
0
0
0
0
0
0


0
0
0
0
1963
2497
0
0
1340
2803
2
9
28
933
74
2315
2287
2950
2960
2876
1214


2957
2960
2959
2948
2955
2955
2951
2960
29
5
7
2955
2960
2965
2949
2951
2957
2946
296
1

2949
2955
2960
2956
2958
2951
2955
2954

2
958
2960
2956
2956
2955
2948
2951
2959
29
6
0
2955
2944
2964
2949
2960
2948
2960
2955


2960
2958
2958
2967
2954
2951
2957
2960

2
960
2957
2947
2955
2960
2960
2958
2957
29
5
5
2954
2960
2957
2955
2960
2953
2945
2953


2960
2955
2559
2818
923
2960
2951
0
0
1
5
92
2935
2704
0
0
713
0
591
2959
677
0

0

1918
2642
0
0
0
0
0
2935
2416
0
0
53
2

2006
923
0
0
0
0
682
2955
0
0
0
327

4
21
0
0
0
0
0
2512
442
0
0
0
474
0


0
0
0
0
1434
2954
0
0
349
2081
158
7

0
0
0
0
0
2643
0
0
0
113
1009

0

0
0
0
0
2957
2928
0
0
2724
2960
29
5
1
1649
2337
2960
2946
2959
2960
2954
293
5

2960
2960
2949
2960
2959
2960
2959
2953

2
951
2960
2948
2955
2957
2964
2958
2955
2
9
54
2960
2954
2951
2951
2957
2957
2957
2958


2960
2951
2955
2954
2960
2957
2958
2955


2956
2951
2957
2961
2959
2955
2960
2953

2
950
2950
2959
2960
2960
2959
2951
2955
295
6

2948
2959
2958
2959
2959
2953
2950
2954


2986
2959
2955
2953
2960
2955
2949
2957
2
9
58
2949
0
1379
2189
0
2952
2951
0
0
96
7

2956
2391
0
0
880
0
175
2954
511
0
0

1
691
2646
0
0
15
0
0
2672
2609
0
0
486


2367
833
0
0
0
0
7
2957
0
0
0
368
495


0
0
0
0
0
2320
688
0
0
20
1125
0


0
0
631
0
1392
2948
0
0
0
378
0
0


0
0
0
0
2685
0
0
0
827
2401

5
0
0
411
1398
0
2960
2955
197
0
2953
2956


2960
2671
2945
2953
2974
2951
2960
2953


2956
2955
2961
2955
2955
2954
2953
2963
29
5
6
2957
2958
2961
2958
2955
2958
2932
2953


2955
2960
2959
2960
2960
2959
2960
2958
2
9
60
2960
2946
2961
2960
2928
2957
2953
29
5
8
2957
2956
2954
2954
2969
2960
2957
295
8

2958
2955
2960
2960
2953
2956
2960
2955

2
959
2959
2951
2960
2953
2954
2957
2958
2
9
60
2954
2971
2948
2959
2962
2935
2955
2955


2961
1765
0
496
1410
0
2359
2957
0
0

4
89
2915
2338
0
0
896
0
0
2954
789
0
0

1
654
2678
0
0
144
0
0
2595
2713
0
0
26
7

2111
414
0
0
0
0
0
2960
0
0
0
365
59
3

0
0
0
0
0
2174
1277
0
0
883
2909

7
53
0
0
0
0
0
2726
0
0
0
3
0
0


0
0
0
0
2947
1034
0
0
2128
2954


1430
0
1668
2865
775
2955
2957
1581
625
2
9
54
2954
2940
2959
2956
2959
2955
2951
29
5
1
2949
2954
2951
2959
2960
2954
2959
2951


2961
2960
2960
2957
2959
2951
2956
2956

2
949
2950
2960
2959
2953
2955
2963
2930
295
8

2959
2959
2961
2957
2956
2954
2958
2960


2967
2955
2949
2960
2949
2957
2956
2953
2
9
55
2957
2951
2955
2954
2958
2953
2960
29
6
0
2951
2960
2963
2954
2951
2959
2955
2947


2941
2954
2951
2957
880
2947
2502
0
0
2
7
94
2960
906
0
294
777
0
2224
2955
0
0


336
2871
2167
0
0
673
0
0
2960
320
0
0


1535
2749
0
0
209
0
0
2672
2775
0
0
56
0

2757
1043
0
0
13
0
0
2960
0
0
0
827


993
0
0
0
0
0
2957
1605
0
0
0
547
0


0
0
0
0
0
1265
0
0
0
86
0
0


0
74
0
0
2960
2079
0
0
2960
2954


2704
176
2959
2960
2848
2958
2954
2883
295
4

2956
2951
2951
2960
2966
2957
2960
2961


2958
2954
2958
2955
2957
2954
2954
2958
2
9
59
2957
2954
2956
2963
2960
2958
2951
29
4
7
2958
2949
2951
2950
2955
2962
2951
2958


2953
2961
2954
2955
2949
2963
2960
2953

2
960
2954
2958
2960
2959
2960
2954
2956
296
0

2958
2960
2957
2956
2960
2954
2958
2955


2955
2959
2953
2945
2951
2956
2950
2959
2
9
49
2992
0
2929
693
438
2957
2106
0
0
2
6
72
2955
612
0
465
811
0
2601
2955
0
0
4
5
8
2928
1968
0
0
738
0
34
2959
192
0
0


2031
2864
0
0
639
0
0
2950
2769
0
0

1
227
2960
1316
0
0
198
0
220
2954
0
0
0


917
1473
0
0
0
0
0
1232
0
0
0
0
0
0


0
0
0
0
0
1517
0
0
0
848
1102


0
0
1345
0
284
2955
2737
0
755
2954
2
9
55
2961
2416
2949
2960
2947
2950
2960
2960


2957
2953
2959
2958
2953
2960
2959
2955


2961
2946
2954
2951
2960
2949
2975
2963
29
5
7
2961
2957
2958
2948
2951
2946
2963
295
5

2959
2951
2958
2958
2952
2960
2962
2960
2
9
59
2960
2954
2966
2960
2953
2960
2961
29
5
9
2949
2969
2958
2955
2957
2960
2960
2958


2958
2954
2955
2955
2959
2960
2955
2955

2
951
2960
2960
2959
2950
2959
2958
2946
294
9

2948
0
0
2253
213
0
2960
2122
0
0
22
6
9
2934
665
0
205
731
0
2182
2953
0
0
25
3

2793
2077
0
0
781
0
0
2954
763
0
0

2
027
2948
0
0
627
326
0
2953
2903
0
0
56
9

2791
889
0
0
0
0
0
2947
0
0
0
533

3
84
0
0
0
0
0
347
0
0
0
0
0
0

0

0
0
0
0
2854
0
0
0
2714
2771


0
0
2955
1614
1985
2961
2958
198
2799
2
9
60
2960
2958
2957
2947
2962
2957
2956
29
5
9
2960
2958
2960
2955
2960
2958
2947
2959


2959
2967
2962
2956
2960
2960
2955
2954

2
958
2958
2937
2963
2957
2960
2958
2943
296
0

2956
2956
2953
2940
2957
2951
2950
2961


2946
2951
2956
2955
2949
2955
2961
2960
2
9
60
2950
2959
2959
2958
2960
2961
2954
295
7

2960
2955
2959
2957
2954
2950
2960
2959

2
960
2951
2960
2958
2951
2960
0
0
1135
2
9
57
2781
0
0
1767
0
99
2965
1313
0
0
227
1

2953
0
0
399
0
0
2739
2749
0
0
429

2
761
1187
0
0
624
0
502
2960
0
0
0
232
0

2641
0
0
331
0
0
2926
1335
0
0
77
144
1

0
0
0
0
0
645
2941
0
0
0
201
0

0

0
0
0
0
1293
0
0
0
0
470
0


0
0
0
0
2225
2957
0
0
1984
2960

2
954
324
1575
2960
2823
2953
2957
2958
2558


2967
2960
2953
2952
2957
2951
2953
2960


2955
2957
2961
2960
2954
2950
2960
2948
29
6
0
2961
2953
2955
2944
2953
2960
2960
295
9

2951
2960
2953
2960
2960
2947
2960
2960

2
957
2958
2961
2963
2955
2962
2956
2958
2
9
54
2958
2953
2960
2955
2963
2960
2958
2955


2959
2951
2958
2954
2959
2938
2962
2965

2
958
2959
2956
2961
2958
2960
2958
2958
29
5
4
2970
0
1776
2239
0
2958
2958
0
0
995


2960
1943
0
0
1038
0
321
2941
0
0
0
19
6
8
2711
0
0
335
0
0
2946
2194
0
0
566

2
396
38
0
0
0
0
0
2725
0
0
0
272
109

0

0
0
0
0
2489
155
0
0
114
1460
0


0
0
468
0
2294
2957
0
0
0
1609
829


0
0
0
0
0
2959
0
0
0
1360
2834


0
0
1014
1318
0
2957
2958
0
0
2960
2950


2960
2153
2960
2960
2961
2957
2949
2954

2
950
2959
2958
2960
2957
2967
2962
2953
295
8

2950
2960
2955
2954
2959
2959
2955
2960


2959
2956
2955
2951
2958
2949
2960
2960
2
9
61
2959
2962
2962
2957
2958
2960
2963
29
5
1
2949
2951
2958
2955
2959
2957
2955
2951


2959
2960
2958
2957
2960
2959
2953
2958

2
959
2960
2958
2955
2960
2955
2956
2956
295
9

2956
2960
2954
2954
2951
2951
2960
2960


2960
1535
0
708
1482
0
2559
2949
0
0
46
6

2949
2004
0
0
887
0
0
2957
165
0
0

1
761
2710
0
0
297
0
0
2875
2518
0
0
563


2624
590
0
0
0
0
0
2956
0
0
0
731
97
3

0
0
0
0
0
2190
1182
0
0
1003
2864

3
4
0
0
0
0
0
2057
0
0
0
0
0
0


0
0
0
0
2906
861
0
0
1744
2943

1
225
0
1439
2885
548
2960
2954
1533
227
2
9
59
2960
2956
2950
2960
2955
2960
2960
2954


2956
2957
2960
2955
2955
2950
2959
2969

2
951
2950
2951
2954
2953
2959
2960
2955
2
9
60
2951
2959
2958
2960
2954
2956
2963
29
5
1
2960
2958
2949
2959
2957
2955
2950
2955


2954
2960
2951
2942
2958
2955
2960
2955

2
958
2965
2955
2954
2955
2951
2961
2953
295
5

2953
2951
2960
2957
2957
2954
2960
2954


2943
2955
2954
2959
1503
2957
2266
0
0
2
9
55
2949
208
0
949
854
0
2948
2928
0
0


787
2949
1339
0
0
751
0
274
2954
0
0
0


2215
2586
0
0
733
0
0
2956
2042
0
0
5
3
5
2155
0
0
0
0
0
47
2911
0
0
0
783
45
4

0
0
0
0
0
2939
1569
0
0
743
1849

0

0
0
0
0
0
1866
0
0
0
717
93

0

0
314
0
0
2951
1630
0
0
2955
2960


2223
45
2954
2960
2953
2959
2960
2659
29
6
0
2960
2960
2956
2959
2953
2954
2954
2950


2974
2960
2960
2965
2960
2956
2960
2959

2
963
2959
2960
2956
2959
2961
2957
2959
295
5

2951
2956
2956
2959
2959
2949
2959
2962


2959
2955
2949
2956
2955
2959
2960
2959
2
9
55
2961
2959
2953
2960
2960
2953
2949
295
0

2955
2954
2951
2954
2959
2957
2947
2948


2950
2960
2948
2951
2955
2959
2960
2958
2
9
62
2955
0
2935
1636
0
2960
2787
0
0
225
9

2957
972
0
0
1158
0
1183
2954
0
0
0

2
519
2020
0
0
653
0
0
2961
1214
0
0
153
5

2835
0
0
0
0
0
850
2688
0
0
0
1138


0
0
0
0
0
0
2896
0
0
0
609
1153

0

0
731
0
0
2617
2225
0
0
0
883
0

0

0
0
0
0
2901
0
0
0
1726
2174


0
0
1433
389
0
2959
2949
0
150
2959
29
5
4
2974
2062
2963
2960
2948
2960
2957
2953


2957
2954
2960
2955
2959
2960
2945
2957

2
960
2959
2960
2953
2953
2960
2959
2961
296
6

2949
2959
2959
2958
2960
2960
2957
2959


2960
2962
2959
2954
2958
2961
2959
2951
2
9
57
2956
2957
2957
2959
2954
2958
2962
29
6
0
2957
2957
2953
2960
2953
2953
2957
2954


2957
2959
2960
2960
2949
2983
2933
2957
2
9
60
2957
2957
2955
2951
2960
2960
2952
29
6
0
2960
0
0
2162
1122
0
2960
2746
0
0
16
7
7
2954
716
0
0
927
0
811
2959
0
0
0

2
731
2200
0
0
857
0
0
2960
1369
0
0
1386


2608
0
0
0
0
0
751
2800
0
0
0
1328

0

0
0
0
0
0
2881
0
0
0
1942
2779

0

0
0
0
0
1018
1581
0
0
0
432
0

0

0
0
0
0
2965
0
0
0
2947
2930


0
0
2908
2384
1109
2980
2959
413
1565
2
9
59
2960
2958
2958
2957
2959
2960
2958
2961


2960
2959
2959
2959
2980
2961
2957
2957


2960
2960
2960
2951
2955
2965
2959
2958
29
6
0
2958
2960
2957
2961
2960
2958
2966
295
0

2960
2950
2961
2958
2957
2961
2955
2963


2944
2943
2960
2945
2960
2956
2956
2960
29
5
8
2953
2959
2956
2963
2965
2958
2959
296
0

2958
2957
2947
2960
2955
2960
2951
2959

2
960
2954
2954
2950
2960
2960
962
0
808

2
960
2923
0
0
1808
0
0
2960
2224
0
0
212
8

2955
124
0
0
528
0
1187
2949
0
0
71


2651
1775
0
0
681
0
0
2950
603
0
0
1060


1919
0
0
0
0
0
903
2437
0
0
0
971
0


0
0
0
0
0
2958
0
0
0
1510
1418


0
0
0
0
0
935
727
0
0
0
839
0

0

0
320
0
651
2951
0
0
1082
2951
295
9

919
657
2960
2942
2960
2960
2955
2059

2
961
2960
2960
2967
2957
2959
2959
2959
295
1

2954
2960
2960
2957
2947
2960
2958
2959


2953
2961
2955
2960
2955
2957
2960
2951

2
946
2955
2960
2954
2955
2932
2949
2953
295
5

2948
2956
2953
2960
2960
2951
2958
2948


2958
2935
2950
2959
2960
2955
2971
2954
2
9
59
2959
2960
2960
2958
2955
2941
2951
29
6
3
2957
2959
2957
2953
2951
2958
2956
2960


2958
2960
1105
2934
0
2069
2959
0
0
641


2954
2582
0
0
1515
0
0
2960
1685
0
0
1
9
67
2940
0
0
19
200
0
1535
2947
0
0
31
4

2853
1221
0
0
891
0
0
2950
145
0
0
18
7
2
2254
0
0
0
0
0
1627
1892
0
0
0
137
9

0
0
0
0
0
0
2903
0
0
0
0
0
0


0
0
0
0
983
192
0
0
253
2035
0


0
0
1230
0
2071
2960
838
0
2845
2960

2
955
2304
2957
2970
2960
2960
2961
2958
2
9
51
2955
2945
2951
2953
2954
2960
2951
2955


2955
2960
2959
2960
2960
2951
2960
2954


2954
2951
2958
2951
2953
2960
2956
2953

2
958
2959
2955
2955
2960
2957
2955
2957
294
6

2953
2960
2951
2957
2960
2958
2948
2958


2959
2960
2960
2955
2960
2961
2959
2960
2
9
55
2958
2953
2960
2960
2957
2955
2946
29
5
5
2959
2960
2960
2955
2958
2959
2960
2953


2949
1748
0
745
2202
0
2128
2955
0
0
68
8

2957
2366
0
0
1275
0
0
2948
960
0
0
1
8
76
2835
0
0
123
0
0
2019
2896
0
0
623


2937
1092
0
0
573
0
0
2960
0
0
0
1327


1424
0
0
0
0
0
1985
1469
0
0
715
2299


0
0
0
0
0
0
1680
0
0
0
0
0
0


0
0
0
0
2682
1159
0
0
1875
2951


885
0
1195
2911
241
2961
2951
1475
0
2949


2955
2949
2962
2958
2955
2956
2964
2960


2960
2954
2960
2963
2960
2961
2957
2947
29
5
7
2957
2957
2953
2959
2958
2960
2957
295
5

2954
2954
2958
2954
2951
2958
2956
2960

2
954
2958
2960
2960
2958
2960
2958
2954
2
9
65
2965
2955
2958
2958
2950
2957
2960
2976


2960
2959
2957
2954
2954
2955
2959
2953


2960
2953
2949
2957
2960
2955
2953
2951

2
951
2948
2960
2957
2960
2954
2559
0
0
296
2

2949
690
0
670
1403
0
2455
2960
0
0

7
84
2958
1654
0
0
853
0
0
2959
0
0
0
20
0
0
2628
0
0
368
0
0
2373
2016
0
0
0
13
1
1
0
0
0
0
0
0
2910
0
0
0
579
543

0

0
0
0
0
2960
2349
0
0
1413
2807


0
0
0
0
0
0
2425
0
0
0
1047
560


0
0
582
0
0
2960
1814
0
0
2955
2955


2146
0
2965
2960
2833
2958
2947
2480
2949


2960
2960
2959
2960
2957
2958
2955
2959


2961
2960
2951
2960
2960
2983
2955
2957
29
5
7
2950
2958
2959
2954
2958
2966
2949
295
4

2951
2958
2958
2956
2955
2958
2955
2953

2
953
2955
2941
2959
2958
2955
2960
2953
2
9
50
2951
2965
2955
2954
2957
2961
2950
2958


2950
2953
2958
2959
2949
2955
2963
2959


2960
2955
2957
2959
2949
2951
2953
2957
29
5
7
2957
2955
2941
762
143
2959
1936
0
0


2703
2946
226
0
302
757
0
2243
2938
0
0


409
2832
1346
0
0
559
0
0
2960
0
0
0


1919
2512
0
0
0
0
0
1839
1599
0
0
0
10
5
3
0
0
0
0
0
0
2878
0
0
0
778
1097


0
0
959
0
0
2960
1610
0
0
81
1082
0


0
0
0
0
0
2755
0
0
0
2096
211
2

0
0
1899
186
432
2955
2687
0
1091
2959


2956
2956
2258
2959
2951
2954
2957
2958

2
960
2951
2960
2957
2955
2951
2951
2959
296
0

2960
2959
2958
2959
2951
2945
2960
2959


2957
2960
2960
2951
2960
2948
2957
2961
2
9
54
2959
2960
2961
2958
2953
2949
2958
29
5
5
2955
2955
2951
2960
2960
2957
2957
2960


2956
2959
2969
2963
2947
2950
2954
2950

2
960
2960
2951
2962
2959
2957
2954
2958
296
0

2955
2954
2955
2959
2957
2950
2957
2183


2950
2928
0
0
2131
0
18
2962
1470
0
0

2
509
2958
0
0
390
176
0
2415
2768
0
0

4
39
2686
1046
0
0
563
0
129
2956
0
0
0

1
667
1872
0
0
0
0
0
2113
848
0
0
0
11
0
4
0
0
0
0
0
0
2815
0
0
0
2663
247
7

0
0
42
0
0
2261
0
0
0
0
321
0

0

0
0
0
795
2863
0
0
624
2960
28
1
6
0
0
2959
1713
2586
2975
2927
0
2951
29
5
8
2959
2965
2958
2955
2958
2960
2957
295
7

2957
2960
2958
2959
2953
2960
2947
2947

2
954
2958
2958
2960
2955
2960
2954
2960
2
9
58
2949
2960
2954
2954
2955
2958
2959
2960


2960
2960
2957
2957
2950
2951
2960
2957


2959
2902
2955
2957
2949
2950
2960
2939
29
5
7
2957
2954
2955
2954
2957
2958
2955
296
0

2955
2960
2949
2960
2959
2960
2956
2960

2
965
2959
2957
2950
2959
2955
0
0
1827
2
9
65
2387
0
0
1729
0
538
2959
172
0
0
261
1

2901
0
0
541
0
0
2947
2210
0
0
839

2
832
752
0
0
422
0
425
2953
0
0
0
1241

1
144
0
0
0
0
0
2500
78
0
0
54
1136
0


0
0
0
0
1289
2959
0
0
0
1818
944


0
0
0
0
0
2045
0
0
0
217
1245

0

0
0
0
0
2947
2946
0
0
2803
2959
2
9
60
162
2129
2957
2862
2957
2957
2958
276
8

2956
2956
2959
2957
2965
2957
2960
2951

2
959
2950
2954
2958
2948
2955
2955
2954
2
9
51
2953
2960
2954
2960
2953
2960
2957
2960


2955
2950
2959
2957
2950
2957
2962
2960


2959
2957
2957
2956
2960
2959
2955
2954
2
9
60
2951
2960
2954
2959
2957
2957
2957
295
7

2963
2951
2956
2954
2954
2951
2955
2957

2
949
2954
2951
2956
2960
2960
2952
2951
2
9
59
2959
0
1999
2055
0
2957
2905
0
0
1495


2953
1831
0
0
1251
0
686
2960
0
0
0

2
373
2719
0
0
502
0
0
2959
1867
0
0
1175


2922
397
0
0
0
0
363
2859
0
0
0
831


611
0
0
0
0
0
2464
0
0
0
167
1455
0


0
0
721
0
1644
2823
0
0
0
747
0

0

0
0
0
0
2807
0
0
0
1393
2877

0

0
1069
1751
0
2955
2935
0
0
2945
2961


2957
2368
2957
2959
2957
2947
2958
2960
2
9
54
2957
2955
2957
2959
2958
2958
2960
294
1

2961
2957
2954
2958
2960
2954
2953
2955


2958
2957
2953
2950
2961
2961
2961
2961
2
9
57
2967
2955
2954
2955
2956
2957
2956
29
5
1
2959
2955
2958
2959
2960
2960
2957
2955


2959
2960
2960
2955
2962
2960
2955
2949

2
949
2960
2960
2957
2961
2960
2960
2959
297
1

2960
2955
2957
2960
2961
2955
2956
2959


2939
1568
0
675
1700
0
2657
2960
0
0
74
7

2958
2190
0
0
1040
0
34
2953
0
0
0

1
781
2626
0
0
202
0
0
2727
2327
0
0
307


2037
0
0
0
0
0
0
2849
0
0
0
485
812


0
0
0
0
0
2199
1012
0
0
1198
2960
1
0
31
0
0
3
0
235
2725
0
0
0
317
48

0

0
0
0
0
2944
1040
0
0
2327
2941

1
469
0
1709
2945
1184
2959
2960
1516
779


2955
2958
2960
2954
2959
2950
2955
2960
29
5
8
2960
2951
2959
2954
2955
2960
2961
294
4

2953
2954
2951
2959
2954
2960
2960
2962

2
958
2958
2959
2960
2959
2945
2954
2955
2
9
61
2957
2958
2960
2959
2959
2956
2957
2957


2958
2954
2960
2957
2964
2957
2954
2946


2959
2953
2951
2957
2945
2950
2954
2956
29
5
6
2967
2958
2960
2950
2961
2957
2963
295
4

2950
2959
2948
1229
1008
2954
1658
0
0

2
768
2955
0
0
430
281
0
2543
2702
0
0

5
40
2782
1104
0
0
316
0
166
2959
0
0
0


1759
2350
0
0
359
0
0
2945
1488
0
0
3
1
5
1810
0
0
0
0
0
144
2769
0
0
0
704
5
1
1
0
0
0
0
0
2960
1375
0
0
927
2055


0
0
0
0
0
63
1565
0
0
0
821
382

0

0
443
0
0
2951
1498
0
277
2960
29
5
0
2351
190
2957
2960
2950
2962
2960
2723

2
953
2959
2955
2958
2951
2962
2951
2965
2
9
61
2954
2954
2958
2951
2954
2973
2956
2954


2957
2950
2957
2951
2960
2960
2955
2957


2954
2954
2960
2959
2958
2955
2977
2962
29
5
7
2949
2960
2951
2959
2959
2956
2956
295
7

2957
2953
2957
2949
2959
2962
2954
2960

2
959
2952
2951
2951
2957
2957
2953
2950
29
5
9
2951
2960
2960
2957
2955
2960
2953
2956


2951
295
0
2588
1215
69
2954
2256
0
0
2
2
88
2957
976
0
18
1036
0
1925
2954
0
0


301
2825
2298
0
0
743
0
0
2950
650
0
0


1990
2917
0
0
0
0
0
1758
2231
0
0
0

1
477
0
0
0
0
0
0
2946
0
0
0
784
1535

0

0
944
0
0
2957
1732
0
0
0
1036
0


0
0
0
0
0
2869
0
0
0
2128
2559


0
0
1901
880
599
2957
2864
0
1109
2960


2960
2961
2470
2943
2953
2950
2957
2957

2
966
2959
2960
2953
2961
2960
2951
2960
296
1

2957
2947
2957
2961
2957
2951
2957
2960


2957
2957
2954
2955
2960
2954
2960
2957

2
953
2959
2960
2963
2958
2958
2960
2957
295
9

2957
2959
2962
2957
2960
2960
2960
2956


2962
2954
2945
2955
2953
2958
2953
2959
2
9
60
2957
2947
2960
2955
2958
2939
2961
29
5
6
2960
2958
2955
2960
2958
2960
2955
1370


2945
2923
0
0
1597
0
0
2960
1580
0
0

1
967
2954
210
0
0
385
0
1809
2889
0
0
21
3

2553
1705
0
0
548
0
0
2954
0
0
0
196
5

2773
0
0
35
0
0
2240
1959
0
0
38
156
7

0
0
0
0
0
0
2938
0
0
0
2005
2307


0
0
0
0
0
1229
0
0
0
0
0
0

0

0
0
0
272
2941
0
0
263
2954
292
7

0
0
2955
2208
2448
2953
2949
275
2935

2
959
2949
2951
2951
2958
2955
2957
2956
296
0

2963
2956
2957
2950
2959
2951
2954
2954


2955
2962
2961
2951
2960
2960
2951
2955
2
9
54
2956
2955
2957
2950
2959
2956
2955
29
5
9
2955
2950
2954
2946
2957
2953
2960
2950


2954
2954
2955
2958
2957
2954
2960
2961

2
958
2951
2960
2954
2953
2957
2958
2955
296
0

2959
2960
2951
2957
2958
2953
2954
2963


2960
2959
2958
2947
2958
2956
0
0
647
29
5
9
2863
0
0
1251
0
0
2959
1712
0
0
189
8

2960
436
0
0
361
0
1676
2928
0
0
240

2
611
2078
0
0
662
0
0
2958
655
0
0
210
3

2935
0
0
0
0
0
2010
2352
0
0
0
1503


0
0
0
0
0
125
2961
0
0
0
98
0
0


0
0
0
0
730
0
0
0
0
720
0

0

0
147
0
1473
2958
0
0
1819
2942
295
5

1420
1060
2942
2960
2955
2956
2955
2743


2957
2957
2946
2951
2953
2991
2951
2957
2
9
51
2957
2964
2948
2959
2953
2955
2960
29
5
4
2953
2957
2950
2959
2949
2965
2953
2958


2956
2958
2958
2950
2954
2955
2950
2960

2
955
2958
2954
2949
2949
2960
2958
2951
2
9
58
2958
2960
2944
2960
2961
2955
2952
2954


2956
2958
2955
2958
2954
2961
2959
2959


2959
2955
2951
2945
2959
2957
2960
2960
29
5
5
2960
0
321
2378
0
1975
2955
0
0
447


2973
2733
0
0
1008
0
0
2961
1392
0
0
174
0

2938
128
0
0
154
0
1831
2886
0
0
349


2735
2045
0
0
864
0
216
2947
358
0
0
2
1
12
2833
0
0
0
0
0
2043
1865
0
0
3
14
9
2
210
0
0
0
0
0
2271
0
0
0
0
0
0


0
0
0
0
1263
174
0
0
355
2224
6
4
0
0
0
1843
0
2942
2955
1040
0
2953
2958


2955
2723
2954
2960
2958
2960
2958
2960

2
959
2955
2954
2955
2958
2960
2959
2953
295
1

2959
2944
2957
2954
2955
2960
2946
2955


2951
2951
2958
2960
2950
2955
2953
2963

2
959
2958
2946
2951
2959
2954
2959
2950
29
6
0
2959
2956
2957
2960
2959
2960
2959
2947


2958
2953
2953
2959
2955
2955
2950
2953
2
9
49
2956
2957
2949
2953
2960
2959
2954
29
5
8
2963
2957
2956
2957
2953
2959
2953
2970


2954
2046
0
318
1805
0
2374
2960
0
0
7
8
3
2959
2659
0
0
1061
0
0
2954
873
0
0

2
025
2928
0
0
98
42
0
2673
2747
0
0
97
3

2961
1743
0
0
954
0
564
2955
0
0
0
15
7
1
1950
0
0
0
0
0
2415
1110
0
0
663
1
9
57
0
0
0
0
0
0
1122
0
0
0
0
0
0


0
0
0
0
2947
853
0
0
2288
2958

1
791
0
1517
2948
1584
2954
2960
1776
1170


2951
2957
2951
2960
2960
2958
2957
2961
2
9
60
2951
2959
2955
2955
2957
2960
2960
29
5
7
2951
2961
2959
2965
2957
2959
2954
2959


2951
2957
2954
2959
2960
2958
2961
2959
2
9
59
2960
2957
2957
2946
2958
2959
2960
295
3

2954
2953
2957
2958
2955
2960
2957
2953


2955
2954
2947
2955
2959
2960
2960
2945
29
5
8
2951
2954
2953
2958
2960
2958
2957
295
1

2960
2947
2959
1805
545
2960
2324
0
0
2
5
06
2960
1066
0
0
901
0
1967
2951
0
0

4
70
2864
2319
0
0
511
0
0
2950
479
0
0

1
710
2802
0
0
81
3
0
2512
2681
0
0
403


2279
758
0
0
0
0
0
2953
0
0
0
714
105
3

0
0
0
0
0
2959
1882
0
0
363
1451
0


0
0
0
0
0
1744
0
0
0
571
676


0
0
331
0
0
2950
2171
0
39
2954
2955


2864
444
2959
2961
2958
2957
2953
2896
2
9
50
2947
2961
2959
2955
2959
2954
2959
2955


2957
2955
2959
2954
2958
2949
2960
2955


2969
2953
2950
2959
2962
2958
2951
2964
29
5
9
2959
2958
2958
2954
2959
2959
2956
295
6

2958
2961
2957
2960
2954
2947
2960
2960

2
955
2958
2958
2956
2960
2958
2960
2960
2
9
55
2954
2959
2959
2951
2948
2957
2959
2957


2963
2949
2950
2960
2960
2957
2957
2950


2959
2954
0
2118
661
54
2954
1835
0
0
23
0
9
2960
557
0
0
650
0
1924
2939
0
0
39
9

2717
1826
0
0
499
0
0
2958
0
0
0
204
3

2791
0
0
67
0
0
2384
2157
0
0
257
185
5

9
0
0
0
0
0
2945
0
0
0
878
1405


0
0
534
0
0
2746
1122
0
0
0
356
0

0

0
0
0
0
2608
0
0
0
1989
2276


0
0
1723
784
733
2955
2816
0
1275
2960

2
960
2946
2512
2941
2953
2952
2953
2951
2
9
54
2956
2960
2957
2958
2959
2948
2954
2960


2960
2957
2959
2955
2960
2960
2960
2955


2951
2975
2960
2955
2962
2960
2960
2960
29
5
5
2958
2953
2957
2957
2954
2959
2957
295
7

2959
2953
2960
2955
2963
2949
2955
2954


2960
2958
2959
2960
2955
2958
2955
2960
2
9
55
2942
2945
2951
2960
2957
2945
2955
29
5
5
2953
2960
2959
2963
2961
2954
2959
1557


2961
2899
0
0
1485
0
0
2941
1424
0
0
2
2
45
2957
101
0
0
465
0
2071
2896
0
0
55
6

2813
1531
0
0
614
0
89
2959
0
0
0
23
5
2
2787
0
0
176
0
0
2653
1988
0
0
383
1
9
01
0
0
0
0
0
0
2932
0
0
0
2263
2009


0
0
0
0
0
1494
0
0
0
0
27
0

0

0
0
0
729
2912
0
0
767
2959
291
1

0
0
2959
2275
2941
2960
2946
314
2951
2
9
53
2959
2954
2958
2960
2951
2958
2959
29
3
0
2953
2958
2962
2958
2955
2955
2962
2958


2959
2955
2960
2957
2963
2957
2955
2971

2
954
2933
2959
2952
2953
2983
2951
2957
2
9
50
2949
2959
2963
2957
2957
2954
2955
2946


2960
2958
2959
2959
2955
2945
2947
2951


2951
2957
2958
2960
2959
2953
2957
2960
29
5
5
2960
2954
2957
2957
2961
2960
2960
296
0

2960
2957
2961
2958
2953
2960
0
0
795
2
9
43
2761
0
0
1079
0
0
2960
1517
0
0
20
1
4
2956
342
0
0
400
0
1789
2921
0
0
403


2778
1928
0
0
678
0
62
2957
316
0
0
2
2
71
2832
0
0
0
0
0
2223
2058
0
0
123
15
6
9
0
0
0
0
0
301
2957
0
0
0
381
210

0

0
0
0
0
742
0
0
0
0
653
0

0

0
179
0
1392
2960
0
0
1927
2960
2
9
62
1509
999
2955
2960
2951
2945
2960
2751


2958
2957
2951
2960
2960
2999
2956
2959

2
960
2954
2959
2958
2955
2955
2960
2959
2960


2959
2960
2951
2957
2957
2960
2960
2960


2957
2960
2951
2960
2951
2931
2958
2958
29
6
0
2959
2960
2953
2955
2956
2960
2959
295
4

2961
2961
2960
2948
2951
2957
2957
2950

2
948
2950
2955
2950
2960
2956
2957
2957
2
9
54
2965
2957
2959
2957
2957
2960
2954
2969


2960
0
399
2394
0
2193
2949
0
0
736
2
9
60
2675
0
0
1104
0
0
2951
1282
0
0
20
4
1
2937
0
0
0
215
0
1886
2829
0
0
503
2
8
00
1582
0
0
179
0
0
2951
0
0
0
1037

1
600
0
0
0
0
0
1881
1488
0
0
85
1511
0


0
0
784
0
352
2949
0
0
0
208
12
0


0
0
0
0
1981
650
0
0
1018
2798
8
6
6
0
42
2141
0
2960
2951
784
0
2960
295
9

2953
2733
2948
2956
2960
2954
2953
2960

2
954
2955
2947
2928
2959
2957
2948
2950
2
9
57
2961
2948
2957
2954
2956
2949
2949
2958


2953
2960
2957
2957
2955
2953
2960
2955


2954
2955
2958
2960
2953
2955
2955
2943
29
5
3
2950
2957
2960
2959
2955
2960
2958
295
3

2955
2950
2960
2959
2955
2951
2960
2958

2
957
2960
2959
2963
2937
2955
2955
2959
2
9
56
2960
2969
2958
2964
2945
2959
2951
2911


2958
2170
0
0
1456
0
1313
2951
0
0
21
9

2817
2618
0
0
568
0
0
2947
1309
0
0

1
363
2704
19
0
0
16
0
1383
2915
0
0
2
1
7
58
1104
0
0
0
0
0
2863
0
0
0
440
113
1

0
0
0
0
0
1200
2135
0
0
854
2960
17
2
5
0
0
0
0
0
2848
0
0
0
183
292

0

0
0
0
0
2900
1893
0
0
2385
2957

2
428
0
902
2960
1891
2957
2960
2200
586

2
960
2958
2954
2963
2957
2960
2960
2947
295
4

2958
2955
2957
2955
2959
2957
2959
2946


2961
2955
2960
2955
2960
2960
2960
2960
2
9
59
2948
2955
2947
2950
2960
2951
2948
295
4

2959
2934
2955
2958
2954
2959
2954
2959

2
978
2951
2930
2951
2950
2959
2955
2929
2
9
54
2954
2950
2951
2955
2959
2958
2958
29
5
0
2957
2960
2954
2960
2963
2958
2955
2951


2957
2953
2958
2789
638
2962
2932
0
0
2
1
65
2960
2053
0
0
1267
0
943
2960
0
0
20


2555
2791
0
0
225
0
0
2959
1778
0
0

1
069
2626
642
0
0
198
0
749
2928
0
0
0

1
205
1038
0
0
0
0
0
2709
42
0
0
446
1
4
18
0
0
0
0
0
1807
2950
0
0
402
2179
12
8
2
0
0
0
0
0
2324
0
0
0
478
1484

0

0
0
272
0
2961
2957
0
0
2962
2954
2
9
92
880
2160
2958
2958
2957
2958
2944
294
6

2951
2953
2956
2951
2960
2960
2954
2965

2
955
2952
2953
2951
2957
2955
2953
2960
2
9
44
2956
2958
2955
2950
2955
2960
2955
2949


2957
2951
2962
2960
2954
2951
2962
2960

2
944
2953
2960
2960
2962
2966
2958
2955
29
6
0
2960
2954
2956
2951
2957
2959
2960
2960


2957
2955
2954
2959
2958
2956
2955
2953
2
9
54
2959
2953
2953
2959
2957
2959
2957
29
5
4
2961
0
966
1584
0
2960
2793
0
0
1252


2955
1834
0
0
694
0
576
2953
0
0
0
198
3

2482
0
0
101
0
0
2947
1666
0
0
1067


2586
605
0
0
0
0
400
2801
0
0
0
843
74
1

0
0
0
0
0
2415
0
0
0
377
1525

0

0
0
826
0
1505
2621
0
0
0
356
0
0


0
0
0
0
2447
0
0
0
1276
2688


0
0
560
1831
173
2959
2948
0
112
2958
29
5
7
2963
2593
2960
2955
2961
2961
2955
295
9

2958
2950
2954
2951
2959
2960
2958
2958

2
954
2949
2960
2961
2958
2960
2958
2958
2
9
59
2966
2959
2958
2951
2958
2950
2955
2950


2953
2955
2957
2951
2946
2954
2960
2960


2950
2957
2954
2951
2960
2953
2953
2968
29
5
5
2958
2954
2943
2959
2960
2960
2959
295
9

2954
2963
2947
2955
2955
2949
2959
2960

2
960
2960
2947
2961
2947
2949
2959
528
29
5
5
2951
336
0
609
903
0
2953
2416
0
0
11
9
1
2883
1535
0
0
606
0
547
2957
0
0
0


1890
2459
0
0
171
0
0
2959
1568
0
0
59
8

1911
0
0
0
0
0
137
2385
0
0
0
384
36
4

0
0
0
0
0
2506
0
0
0
1799
2960


496
0
0
0
0
722
1584
0
0
0
320
0
0


0
0
0
0
2958
0
0
83
2955
2958


951
0
2626
2930
2706
2960
2954
1013
2815


2959
2958
2957
2958
2958
2955
2960
2955

2
960
2958
2962
2959
2957
2960
2960
2946
295
9

2951
2950
2960
2957
2958
2956
2959
2954


2959
2948
2979
2950
2958
2957
2957
2957
2
9
55
2954
2951
2950
2960
2958
2957
2955
29
5
8
2954
2951
2956
2944
2955
2959
2960
2953


2957
2964
2951
2950
2959
2958
2965
2960

2
954
2958
2957
2947
2960
2950
2953
2961
295
1

2959
2955
2959
1805
2375
2960
769
0
450


2955
2949
0
0
704
619
0
2955
1946
0
0

1
221
2861
1232
0
0
432
0
783
2930
0
0

0

1808
2289
0
0
370
0
0
2945
328
0
0

2
19
1305
0
0
0
0
0
413
1891
0
0
0
590

4
99
0
0
0
0
0
2962
797
0
0
1419
2361


0
0
0
0
0
576
784
0
0
0
1001
480


0
0
783
0
961
2957
626
0
1526
2958
2
9
60
2192
533
2959
2957
2954
2960
2958
2916


2949
2960
2954
2951
2961
2960
2957
2959

2
958
2951
2957
2955
2960
2960
2956
2957
296
0

2957
2959
2955
2959
2955
2958
2958
2958


2955
2960
2954
2954
2957
2953
2958
2955
2
9
55
2958
2955
2959
2957
2963
2957
2955
29
5
5
2958
2958
2958
2951
2958
2954
2960
2957


2959
2955
2953
2960
2951
2953
2929
2966

2
956
2951
2949
2976
2951
2960
2949
2946
294
9

2950
0
0
2846
1281
1293
2958
604
0
64


2640
2958
0
0
593
848
0
2947
2119
0
0

8
95
2703
1535
0
0
725
0
590
2948
0
0
0


1894
2600
0
0
210
0
0
2451
192
0
0
55


1339
0
0
0
0
0
225
1856
0
0
0
737
13
7
1
0
0
1094
0
0
2954
0
0
0
0
617
0

0

0
0
0
546
1067
0
0
47
2128
199
5

0
0
2176
880
2197
2957
1734
0
2943
295
1

2957
2931
2597
2954
2954
2955
2977
2951


2960
2959
2960
2951
2958
2957
2948
2951
29
5
8
2959
2964
2954
2961
2955
2955
2957
295
7

2957
2957
2963
2960
2954
2957
2958
2951


2962
2950
2951
2949
2953
2955
2951
2949
2
9
61
2979
2960
2955
2957
2960
2960
2962
29
6
0
2957
2955
2949
2958
2960
2960
2952
2956


2958
2959
2960
2960
2963
2956
2949
2951

2
939
2960
2959
2955
2955
2967
2955
0
1755

2
962
2958
0
0
1898
226
138
2951
0
0
0

1
603
2955
41
0
135
608
0
1791
1725
0
0
2
6
0
2279
1982
0
0
762
0
85
2841
0
0
0

5
92
2002
0
0
0
0
0
1023
0
0
0
0
720
0


0
0
0
0
0
1296
0
0
0
1786
2911


0
0
0
0
0
1083
0
0
0
0
528
0

0

0
0
0
543
2305
0
0
416
2949
295
7

0
0
2960
2847
2959
2960
2928
1450
2951

2
960
2939
2957
2958
2949
2954
2958
2956
2
9
45
2960
2959
2951
2951
2948
2959
2960
2960


2959
2954
2956
2959
2945
2958
2959
2955


2960
2955
2978
2958
2951
2953
2948
2934
29
5
6
2952
2955
2949
2960
2949
2958
2958
295
4

2958
2956
2960
2955
2957
2959
2955
2957

2
956
2963
2957
2960
2954
2949
2960
2961
2
9
58
2955
2960
2963
2959
2957
2945
2954
2960


2943
2949
2960
2950
2958
2946
0
0
581

2
951
2939
0
0
1237
439
68
2947
48
0
0

7
65
2950
0
0
0
770
0
1362
1461
0
0
13
2
6
05
2479
0
0
1669
314
576
2941
0
0
0
1
3
30
2957
0
0
288
825
0
1967
1049
0
0
3

2
464
1512
0
0
1126
0
1232
2958
0
0
0
1
7
27
2814
0
0
0
0
0
860
0
0
0
0
2179
27
8

0
0
1668
0
1885
2934
0
0
1921
2959

2
955
953
669
2960
2952
2951
2960
2960
2955


2959
2989
2955
2958
2949
2958
2960
2959

2
960
2957
2959
2959
2958
2958
2960
2950
293
9

2960
2953
2960
2960
2950
2957
2957
2955


2960
2955
2960
2960
2957
2960
2954
2947
2
9
60
2959
2933
2957
2955
2959
2958
2955
29
5
0
2951
2950
2973
2955
2949
2960
2958
2956

2
957
2959
2959
2960
2957
2959
2950
2955
2
9
60
2960
2954
2954
2959
2953
2959
2965
29
5
6
2956
2957
437
2949
807
1951
2795
0
0
0


2641
2925
0
0
1422
747
0
2807
272
0
0


939
2958
0
0
103
1535
0
1385
1908
0
0

5
2
2861
2299
0
0
876
0
0
1360
0
0
0
2
0
8
2282
0
0
0
0
0
706
0
0
0
0
2125
14
7
3
0
0
2410
321
431
2437
0
0
0
478
180
8

0
0
0
0
0
1127
0
0
0
560
2953
1
4
94
0
459
2959
1727
2951
2962
1249
549
2
9
56
2961
2960
2091
2938
2959
2959
2959
2954


2960
2957
2950
2960
2955
2953
2955
2950


2959
2961
2958
2949
2951
2951
2957
2960
29
5
5
2954
2947
2957
2954
2957
2954
2957
2954


2954
2961
2964
2957
2956
2935
2959
2961


2954
2956
2955
2955
2956
2955
2959
2958
29
5
1
2961
2955
2954
2951
2962
2960
2954
295
8

2960
2959
2960
2956
2951
2960
2960
2955

2
957
2963
2955
2957
2959
2958
2559
0
0
2
2
94
2955
1584
0
0
2396
0
1120
2549
0
0
0


2512
2541
0
0
1298
0
0
2025
0
0
0
63
7

2928
0
0
0
773
0
929
968
0
0
0
1767

9
97
0
0
58
0
0
659
0
0
0
0
1520


0
0
0
0
0
391
0
0
0
283
2960
16
7
4
0
0
628
0
0
277
0
0
0
0
843

0

0
0
0
0
1424
124
0
0
1111
2958

1
908
0
1013
2960
2493
2951
2953
2413
2221


2959
2959
2954
2919
2950
2954
2956
2951
2
9
60
2960
2960
2960
2955
2961
2959
2959
29
7
1
2959
2957
2958
2962
2961
2959
2955
2958


2957
2956
2951
2961
2950
2955
2955
2953

2
960
2948
2960
2956
2950
2950
2958
2960
295
5

2960
2953
2954
2954
2954
2955
2960
2959

2960
2958
2960
2955
2960
2976
2960
2947
2
9
57
2961
2955
2960
2953
2950
2949
2954
295
1

2953
2957
2958
2955
2065
2958
2614
0
0

1
907
2960
1954
0
0
2705
94
1010
2867
0

0

0
2544
2896
0
0
1269
614
0
2239
176
0


0
725
2960
0
0
0
1590
0
673
1506
0
0

0
1392
1044
0
0
165
0
0
800
0
0
0
32


1615
0
0
0
71
0
1495
1411
0
0
0
2002

1
32
0
0
0
0
0
0
0
0
0
279
1819


0
0
724
959
0
2879
2001
0
0
2960
2957

2
835
0
2669
2955
2955
2951
2955
2960
2960


2946
2955
2950
2962
2963
2957
2960
2949
2
9
49
2955
2958
2958
2963
2955
2950
2970
29
3
8
2950
2954
2962
2942
2960
2955
2956
2957


2963
2954
2966
2957
2960
2960
2966
2963

2
960
2951
2960
2960
2950
2963
2960
2959
294
9

2960
2959
2954
2951
2959
2959
2954
2954


2954
2958
2959
2956
2966
2957
2946
2948
2
9
55
2960
2956
2954
2959
2953
2960
2965
29
6
1
2958
2957
2813
2752
633
2941
2055
0
0

9
46
2947
1318
0
0
1965
0
461
2488
0
0

0

1911
2746
0
0
914
165
0
1995
54
0
0
7
6
7
2947
0
0
0
731
0
208
776
0
0
0
134
7

1013
0
0
177
0
0
1202
0
0
0
337
2365


0
0
1043
1886
0
1535
842
0
0
0
1231
0


0
0
0
0
0
701
0
0
0
1394
2896


0
0
1936
2429
941
2965
2822
0
987
2960


2955
2960
1141
2955
2958
2962
2959
2957
29
6
0
2955
2961
2957
2960
2957
2960
2952
295
1

2951
2960
2954
2955
2960
2960
2958
2958

2
948
2959
2955
2959
2960
2959
2959
2960
2
9
62
2955
2957
2958
2959
2959
2960
2955
29
6
0
2959
2960
2950
2959
2957
2960
2955
2955


2951
2958
2954
2953
2959
2954
2960
2951

2
962
2960
2960
2953
2954
2957
2960
2951
2950
2958
2960
2961
2948
2960
2954
2954
1586


2959
2960
0
0
2593
1973
58
2962
1317
0

0

1654
2959
275
0
280
2160
0
1062
2268

0

0
0
2620
1999
0
0
1441
0
0
2318
0
0

0

809
2518
0
0
0
0
0
254
0
0
0
0
1219
0
0
0
76
0
0
1072
0
0
0
2467
2943
0
0
575
0
0
688
0
0
0
0
1127
0
0
0
350
0
0
1820
0
0
78
2960
2954

0
0
2956
2928
2957
2960
2960
1744
2961


2961
2959
2960
2960
2945
2955
2960
2950
29
6
0
2951
2960
2959
2951
2961
2960
2955
296
0
2959
2952
2957
2957
2956
2951
2959
2957

2
955
2959
2959
2955
2958
2957
2954
2953
2
9
43
2961
2956
2955
2958
2961
2955
2960
2959


2960
2951
2961
2959
2950
2949
2948
2955

2
958
2953
2951
2961
2962
2954
2955
2961
29
5
5
2959
2959
2975
2957
2955
2958
2961
2960


2951
2957
2956
2954
2778
2960
500
0
251


2986
2959
0
0
1830
1451
0
2817
1310
0
0


894
2974
235
0
0
1598
0
335
1901
0
0


0
2381
2146
0
0
1221
0
0
1933
0
0
0
20
8

2163
0
0
0
0
0
112
0
0
0
0
1086
0


0
0
373
0
0
2533
0
0
0
699
2107

0

0
0
0
0
0
0
0
0
0
1597
0


0
0
1555
0
358
2957
0
0
865
2963
2957


332
0
2962
2960
2959
2947
2960
2950
295
1

2955
2951
2944
2955
2959
2956
2959
2951

2
959
2960
2959
2961
2951
2960
2960
2932
2
9
57
2949
2954
2957
2955
2955
2953
2957
2959


2960
2957
2961
2959
2957
2975
2958
2949


2959
2958
2969
2951
2961
2958
2956
2959
29
4
8
2958
2965
2956
2949
2955
2953
2955
295
2

2960
2956
2957
2957
2955
2961
2960
2972

2
960
2960
2959
2960
2951
2954
2953
2955
2
9
58
2958
2960
2954
1890
1584
2961
609
0
0


2864
2955
0
0
1303
1796
0
2109
1776
0

0

393
2954
908
0
0
1625
0
0
2128
0
0
0


1808
2509
0
0
277
0
0
718
0
0
0
0
15
3
5
0
0
0
0
0
0
49
0
0
0
1343
10
9
7
0
0
2229
268
0
2422
0
0
0
291
1793

0

0
0
0
0
410
112
0
0
109
2957
1
6
70
0
0
2957
1120
1904
2960
1572
0
2742
2960
2955
2128
1921
2957
2957
2953
2949
2960
2949
2960
2958
2966
2962
2955
2958
2955
2957
2957
2955
2957
2958
2960
2957
2954
2955
2958
2960
2955
2951
2955
2954
2955
2960
2958
2957
2960
2960
2954
2959
2958
2959
2960
2957
2960
2953
2951
2953
2960
2957
2957
2960
2951
2969
2956
2947
2949
2946
29
6
0
2965
2959
2957
2956
2959
2959
2955
2960


2960
2975
2956
2960
2949
2965
0
0
2955

2
954
2336
0
445
2959
480
1360
2955
0
0
19
3

2955
2935
0
0
2357
1409
0
2672
848
0


0
1239
2956
0
0
51
1808
0
798
2223
0
0


0
2385
1609
0
0
525
0
0
1104
0
0
0
2
0
3
1776
0
0
0
0
0
277
0
0
0
402
2960
1
3
64
0
0
880
0
0
220
0
0
0
0
507

0

0
0
0
0
1035
247
0
0
1262
2961
1
8
62
0
1127
2951
2247
2957
2957
2529
1839


2950
2962
2956
2892
2957
2955
2957
2957
29
6
0
2958
2958
2960
2959
2959
2950
2957
295
5

2955
2960
2953
2957
2953
2962
2949
2960

2
958
2955
2960
2949
2949
2960
2954
2953
2
9
60
2957
2954
2955
2947
2957
2960
2960
29
6
0
2949
2949
2954
2949
2960
2960
2959
2955


2950
2953
2959
2958
2951
2954
2955
2958

2
960
2958
2958
2955
2959
2951
2960
2959
296
1

2960
2955
2953
2945
1863
2947
2896
0
0


2235
2953
1861
0
135
2959
0
669
2934
0

0

0
2723
2827
0
0
1360
286
0
2000
540

0

0
714
2949
0
0
15
1563
0
129
1237
0
0


0
1375
447
0
0
225
0
0
803
0
0
0
161


1856
0
0
0
0
0
1349
2115
0
0
16
2468


137
0
0
0
0
0
0
0
0
0
256
1371


0
0
687
448
0
2107
1814
0
0
2672
2954

2
550
0
2469
2960
2958
2960
2959
2955
2946


2954
2967
2959
2953
2960
2958
2951
2947
2
9
50
2955
2954
2959
2958
2952
2959
2946
29
8
9
2954
2959
2985
2971
2933
2958
2958
2958


2959
2951
2950
2953
2957
2957
2953
2959

2
949
2956
2957
2951
2958
2960
2951
2957
295
9

2953
2955
2960
2957
2960
2958
2960
2960


2953
2955
2960
2956
2959
2965
2965
2955
2
9
54
2951
2954
2959
2958
2950
2955
2949
29
5
3
2957
2961
2960
2877
853
2951
2790
0
0

1
887
2963
1673
0
51
2945
0
423
2928
0
0


0
2366
2705
0
0
1229
70
0
1841
421
0
0


721
2954
0
0
0
735
0
0
761
0
0
0
113
4

229
0
0
157
0
0
651
0
0
0
163
1946


0
0
1049
1588
0
922
711
0
0
0
1048
0

0

0
0
0
0
496
0
0
0
1321
2813


0
0
2275
2377
133
2959
2921
0
615
2957


2960
2954
977
2960
2960
2959
2960
2953
29
4
9
2955
2958
2958
2952
2960
2945
2958
2964


2958
2957
2960
2958
2951
2961
2961
2945

2
951
2957
2957
2957
2958
2974
2958
2962
296
1

2955
2957
2960
2960
2960
2950
2943
2953


2955
2960
2961
2963
2960
2947
2965
2951
2
9
60
2958
2951
2960
2951
2960
2959
2945
29
5
7
2954
2960
2950
2950
2959
2958
2958
2957


2960
2960
2961
2961
2948
2955
2960
1798

2
956
2954
0
0
2951
2320
112
2969
2235
0
0


2638
2965
592
0
1009
2923
0
1249
2851

0

0
179
2960
2341
0
0
2592
327
0
2957
37
3

0
0
1599
2913
0
0
277
204
0
369
138


0
0
0
1617
0
0
0
354
0
0
1219
0
0
0

2
544
2940
0
0
988
35
0
439
0
0
0
0
10
5
6
0
0
0
318
0
0
1744
0
0
0
2957
295
5

0
0
2960
2794
2145
2960
2953
1595
2955

2
959
2957
2948
2946
2954
2960
2941
2954
2
9
58
2955
2959
2960
2960
2958
2958
2959
2956


2954
2960
2948
2955
2953
2955
2957
2949


2959
2954
2949
2947
2964
2958
2953
2949
29
6
0
2950
2959
2951
2955
2954
2955
2962
295
8

2951
2954
2960
2955
2957
2954
2954
2953

2
957
2955
2960
2957
2951
2961
2955
2954
29
6
0
2959
2967
2954
2955
2958
2956
2958
2950


2958
2953
2959
2955
1278
2952
157
0
6
2959
2923
0
0
1574
1020
0
2369
1434
0
0
928
2963
153
0
0
1858
0
128
2083
0
0
0
2471
1986
0
0
1154
0
0
1471
0
0
0
0

1
421
0
0
0
0
0
0
0
0
0
0
891
0

0

0
433
0
0
2559
0
0
0
1155
2640


0
0
0
0
0
0
0
0
0
0
1818
0


0
0
2259
0
121
2949
324
0
834
2951
2
9
51
39
0
2957
2957
2971
2954
2960
2959
294
4

2958
2961
2960
2958
2959
2959
2951
2961


2950
2959
2961
2960
2960
2953
2960
2960
2
9
60
2951
2956
2959
2982
2943
2953
2959
29
5
7
2958
2960
2950
2960
2955
3057
2959
2960


2960
2957
2959
2963
2960
2957
2953
2960

2
949
2961
2957
2954
2953
2955
2960
2960
296
0

2957
2961
2955
2954
2960
2959
2960
2957


2960
2959
2959
2949
2956
2944
2957
2957
2
9
54
2953
2954
2950
1479
1175
2950
837
0

6
1
2959
2948
0
0
2107
1824
0
2455
1821
0


0
999
2949
412
0
0
1906
0
29
2193
0
0


0
1739
1920
0
0
282
0
0
751
0
0
0
0

9
99
0
0
0
0
0
0
0
0
0
0
0
0

0

0
0
0
0
0
0
0
0
0
0
0

0

0
0
0
0
0
0
0
0
0
0

0

0
639
0
0
2671
90
0
1003
2956
2957
1179
461
2960
2958
2958
2958
2960
2958


2961
2957
2945
2960
2960
3002
2955
2951
29
5
1
2962
2960
2960
2958
2960
2960
2948
296
1

2963
2955
2949
2960
2973
2955
2954
2954

2
960
2959
2960
2958
2958
2960
2955
2958
2
9
56
2958
2957
2957
2957
2957
2957
2960
2959


2954
2951
2951
2956
2959
2958
2952
2955


2958
2960
2951
2960
2959
2957
2960
2960
29
5
0
2955
2949
2958
2954
2960
2958
2955
296
2

2956
2960
1842
2960
2396
2951
2943
2095

0

1247
2949
2955
0
0
2961
2513
0
2960
2
5
23
0
0
1843
2953
723
0
249
2823
0
323

2
663
0
0
0
2544
2091
0
0
641
0
0
1264
0


0
0
0
1504
0
0
0
0
0
0
720
0
0
256


2957
1718
0
0
1431
0
0
723
0
0
0
0
85
9

0
0
0
0
0
624
1069
0
0
407
2954
2
0
27
0
3
2955
1114
2142
2957
2455
182
2960


2954
2960
2704
2960
2953
2947
2959
2960

2
973
2960
2945
2960
2960
2955
2954
2949
295
3

2960
2960
2958
2958
2958
2951
2958
2958


2960
2957
2958
2955
2961
2951
2955
2960
2
9
59
2963
2957
2959
2954
2947
2959
2960
295
9

2957
2951
2965
2951
2955
2958
2955
2959

2
960
2958
2954
2960
2954
2961
2949
2959
2
9
47
2955
2955
2951
2960
2978
2958
2951
295
5

2957
2958
2955
2957
2959
2951
0
0
2229


2951
2448
0
0
2960
221
17
2949
0
0
0
2
2
63
2818
0
0
1168
671
0
1578
1220
0
0

4
39
2919
0
0
0
1823
0
0
2591
0
0
0
2711


2691
0
0
1232
0
0
1590
0
0
0
0
1472


0
0
0
0
0
0
409
0
0
0
0
0
0


0
0
0
0
0
0
0
0
0
0
0


0
0
0
0
798
2159
0
0
1839
2919
28
8
3
0
1745
2960
2941
2946
2955
2960
2962

2
943
2957
2955
2950
2962
2951
2965
2954
296
0

2951
2958
2957
2960
2955
2950
2950
2960


2955
2954
2959
2960
2960
2959
2955
2962
2
9
61
2960
2960
2958
2959
2958
2958
2960
29
6
2
2959
2959
2959
2955
2960
2977
2959
296
0

2960
2959
2955
2959
2960
2957
2955
2954

2
960
2959
2957
2956
2955
2961
2960
2954
2
9
58
2958
2960
2943
2960
2960
2942
2960
2957


2959
2960
2960
2943
80
2783
2958
0
0
1
6
93
2958
2721
0
0
2958
624
0
2952
153
0

0

1719
2921
0
0
241
47
0
989
1344
0
0


0
2431
356
0
0
1616
0
0
2716
0
0
0
211
2

2592
0
0
1068
203
0
1439
573
0
0
267


2672
0
0
0
256
0
0
0
0
0
0
0
0
0


0
0
0
0
0
0
0
0
0
1068
0


0
0
1563
0
1204
2948
0
0
2820
2951
2
9
60
816
2960
2953
2953
2956
2960
2955
295
7

2957
2957
2957
2957
2958
2960
2959
2960

2
962
2960
2958
2953
2955
2957
2960
2960
2
9
57
2953
2957
2959
2963
2954
2959
2951
2951


2955
2954
2960
2953
2941
2953
2953
2960

2
959
2960
2950
2958
2960
2956
2956
2960
2
9
56
2950
2967
2947
2960
2953
2961
2959
2953


2937
2957
2947
2955
2959
2959
2960
2954


2953
2955
2958
2953
2954
2962
2954
2955
29
5
8
2954
0
933
2960
410
1563
2947
547
0

1
137
2962
2955
0
0
2955
1617
0
2948
1616

0

0
2003
2960
0
0
510
2243
0
950
2717

0

0
366
2957
1895
0
0
1616
0
0
2181
0
0


0
801
2082
0
0
0
0
0
315
371
0
0
0


1533
0
0
0
0
0
0
0
0
0
0
0
0
0


0
0
0
0
789
429
0
0
1699
2958

1
505
0
1173
2960
1782
2955
2962
2481
1455

2
960
2966
2957
2896
2954
2960
2959
2957
2
9
59
2959
2960
2960
2958
2955
2955
2955
2957


2958
2957
2957
2957
2958
2959
2960
2956


2958
2960
2958
2958
2958
2950
2954
2960
29
5
3
2960
2951
2957
2961
2960
2946
2961
295
4

2957
2960
2960
2957
2952
2951
2958
2955

3
030
2957
2959
2955
2960
2957
2958
2956
2
9
44
2960
2960
2955
2959
2958
2960
2958
2955


2957
2937
2959
2950
1406
2958
2950
0
0


2805
2947
1991
0
335
2957
0
496
2950
0
0


10
2945
2808
0
0
1857
592
0
2598
1133


0
0
922
2896
0
0
0
1122
0
315
1994
0


0
0
1911
845
0
0
955
0
0
1781
0
0
0
6
5

721
0
0
0
0
0
334
0
0
0
0
0
0

0

0
0
0
0
0
0
0
0
0
0
0


0
0
0
0
1393
1242
0
0
2071
2953


2091
0
2191
2961
2803
2956
2960
2944
2953


2960
2955
2951
2957
2959
2957
2949
2956

2
986
2960
2960
2955
2950
2949
2958
2950
296
0

2959
2951
2957
2959
2960
2985
2958
2954


2964
2960
2947
2957
2951
2955
2960
2949
2
9
57
2962
2954
2960
2960
2957
2959
2957
29
5
5
2958
2958
2959
2957
2958
2955
2956
2957


2951
2955
2959
2951
2960
2957
2959
2957

2
962
2957
2957
2955
2956
2954
2951
2955
295
1

2983
2960
2955
2874
743
2960
2838
0
0


2043
2957
1391
0
170
2925
0
363
2951
0
0


0
2451
2433
0
0
1310
0
0
2220
905
0

0

1393
2954
0
0
303
1898
0
1036
2832
0
0


139
2836
1382
0
0
832
0
0
1429
0
0
0


294
1424
0
0
95
0
0
0
0
0
0
0
0
0

0

0
0
0
0
49
0
0
0
720
1722


0
0
1517
1088
0
2960
2807
0
151
2957
29
5
9
2947
848
2947
2962
2960
2960
2958
2953


2954
2959
2955
2957
2955
2960
2957
2953
2
9
57
2960
2955
2959
2957
2960
2959
2950
29
4
9
2939
2958
2960
2951
2953
2951
2958
2963


2954
2960
2958
2965
2961
2958
2960
2959

2
960
2955
2960
2960
2948
2949
2959
2965
296
0

2953
2956
2954
2957
2960
2960
2955
2960


2960
2955
2953
2944
2951
2958
2960
2951
2
9
57
2955
2955
2954
2949
2957
2959
2952
29
6
0
2956
557
0
2951
2657
258
2960
2673
0
0


2293
2957
1104
0
73
2516
0
112
2766
0


0
0
1959
1885
0
0
1131
0
0
2176
496
0

0

1200
2931
0
0
114
1110
0
67
1475
0
0


0
1264
0
0
0
338
0
0
975
0
0
0
1211

2
178
0
0
0
0
0
0
0
0
0
0
0
0

0

0
0
0
0
1517
0
0
0
2853
2940


0
0
2958
2896
1713
2959
2960
926
2381
29
5
7
2957
2958
2695
2961
2955
2960
2957
295
9

2961
2957
2959
2960
2956
2950
2959
2959

2
949
2987
2960
2959
2951
2971
2960
2959
2
9
57
2957
2965
2959
2959
2954
2957
2958
2958


2956
2962
2954
2958
2955
2958
2953
2958


2961
2960
2960
2955
2950
2954
2957
2954
29
4
8
2958
2951
2958
2950
2946
2957
2960
295
4

2962
2953
2943
2956
2958
2955
2960
2955

2
952
2954
2959
2955
2956
2945
1765
0
1995


2956
2958
0
0
2957
2089
0
2951
2128
0


0
2352
2951
0
0
271
1440
0
497
2320
0
0


0
2274
928
0
0
1069
0
0
2431
0
0
0

1
531
2481
0
0
564
125
0
737
746
0
0
0
1
4
95
0
0
0
448
0
0
1737
0
0
0
179
0
0


0
0
0
0
0
0
0
0
0
711
0


0
0
997
0
333
2951
0
0
1321
2930
295
8

0
658
2951
2950
2956
2960
2949
2982
29
5
3
2954
2951
2950
2951
2937
2960
2955
2957


2958
2959
2944
2955
2944
2960
2954
2957

2
962
2950
2958
2958
2960
2951
2958
2956
295
8

2955
2950
2955
2955
2957
2957
2960
2956


2960
2951
2951
2950
2954
2958
2959
2953
2
9
62
2958
2957
2958
2955
2957
2959
2960
29
5
4
2958
2957
2953
2951
2944
2951
2956
295
9

2957
2958
2958
2955
2954
2949
2960
2957

2
958
2949
2954
2959
866
2509
2959
0
0
118
3

2955
2753
0
0
2677
604
0
2958
907
0

0

1818
2933
0
0
483
1361
0
978
2460
0
0


273
2887
1219
0
0
1961
0
0
2886
0
0
0


1250
2209
0
0
77
0
0
378
144
0
0
0
65
6

0
0
0
0
0
0
0
0
0
0
0
0
0


0
0
0
0
0
0
0
0
0
1101
0


0
0
1607
0
657
2958
164
0
2553
2959

2
957
1713
2466
2956
2960
2955
2955
2953
295
4

2960
2956
2957
2958
2954
2959
2950
2956


2958
2950
2958
2958
2956
2955
2951
2958
2
9
63
2957
2954
2950
2953
2959
2958
2959
29
5
0
2958
2955
2955
2958
2955
2955
2954
2958


2951
2955
2959
2954
2955
2954
2955
2955

2
960
2960
2959
2959
2957
2961
2960
2960
29
6
0
2957
2955
2960
2957
2960
2962
2958
2959


2958
2955
2957
2954
2948
2958
2955
2959

2
959
2482
0
1091
2956
423
1453
2950
0
0
4
9
4
2949
2761
0
0
1830
213
0
2512
1001
0


0
1115
2890
0
0
2
879
0
402
2229
0
0

0

2227
834
0
0
865
0
0
2064
0
0
0
675


1665
0
0
16
0
0
422
812
0
0
35
1874
0


0
0
0
0
0
0
0
0
0
0
0
0


0
0
0
0
699
326
0
0
991
2951
94
8

0
867
2960
1245
2951
2963
2099
321
295
3

2960
2954
2883
2951
2958
2953
2954
2949

2
951
2960
2950
2951
2960
2960
2958
2960
2
9
61
2948
2956
2954
2949
2955
2960
2948
2960


2954
2962
2955
2959
2956
2953
2958
2951


2959
2960
2951
2960
2959
2963
2960
2954
29
6
0
2960
2960
2955
2950
2960
2949
2959
294
9

2953
2960
2962
2957
2946
2960
2956
2954

2
960
2957
2963
2951
2958
2957
2960
2959
2
9
51
2957
2960
2951
2963
2955
2953
0
0
295
9

2953
1835
0
780
2957
0
1055
2954
0
0

6
22
2960
2733
0
0
2098
443
0
2960
1148
0


0
1635
2959
0
0
463
1802
0
788
2786
0

0

0
2003
383
0
0
567
0
0
1130
0
0
0

0

93
0
0
0
0
0
719
607
0
0
0
85
0

0

0
0
0
0
0
0
0
0
0
0
0


0
377
0
0
2416
2144
0
0
2956
2957


2447
0
2858
2954
2911
2954
2957
2957
2961


2955
2954
2950
2959
2954
2959
2955
2955
2
9
53
2959
2958
2949
2962
2960
2961
2954
29
6
0
2960
2960
2961
2959
2949
2951
2957
2955


2958
2957
2963
2958
2957
2958
2953
2985

2
955
2950
2951
2960
2960
2959
2957
2957
295
7

2951
2957
2955
2979
2953
2959
2955
2954


2957
2954
2960
2946
2957
2956
2958
2950
2
9
77
2947
2954
2950
2955
2953
2951
2957
29
5
0
2950
2958
2959
2939
1307
2961
2956
0
0


2955
2954
1965
0
760
2952
0
1092
2953
0


0
249
2950
2559
0
0
1765
27
0
2586
1195


0
0
1329
2891
0
0
307
1561
0
545
2489


0
0
0
1607
0
0
0
0
0
0
919
0
0
0
4


761
0
0
0
0
0
0
0
0
0
0
0
0

0

0
0
0
0
69
0
0
0
560
1517

0

0
1489
1723
0
2957
2923
0
0
2961
2949


2950
269
2956
2955
2957
2955
2959
2955
29
5
0
2955
2960
2955
2960
2959
2959
2951
295
3

2950
2966
2959
2957
2951
2958
2960
2961

2
948
2960
2960
2962
2954
2959
2958
2960
2
9
51
2949
2950
2954
2959
2958
2959
2953
2955


2953
2960
2957
2954
2958
2957
2956
2960


2951
2959
2951
2958
2961
2950
2957
2961
29
6
0
2953
2952
2958
2956
2951
2953
2956
295
3

2953
2955
2960
2955
2958
2950
2960
2955


2957
1203
0
2816
2910
0
2951
2956
0
0
2
0
26
2954
2191
0
0
2941
0
0
2955
50
0
0

2
628
2797
0
0
1173
757
0
1968
2064
0
0


773
2906
92
0
0
1311
0
0
2022
0
0
0
51
1

0
0
0
0
0
0
631
0
0
0
46
1143
0


0
0
0
0
0
0
0
0
0
0
0
0


0
0
0
0
944
0
0
0
1395
2895


0
0
2003
2863
265
2955
2949
582
778
2960


2959
2960
2857
2953
2959
2955
2957
2954

2
963
2960
2950
2960
2962
2959
2960
2953
295
9

2957
2954
2959
2959
2954
2960
2954
2955


2957
2950
2956
2960
2959
2955
2960
2956


2960
2958
2953
2960
2960
2959
2952
2955
295
4

2958
2954
2960
2963
2959
2955
2953
2960


2954
2959
2957
2966
2961
2949
2954
2957


2958
2960
2956
2959
2954
2951
2958
2961
29
5
7
2957
2955
2956
2963
2960
2611
0
725
2
9
41
2957
208
0
2687
2705
0
2953
2889
0
0


1985
2943
1709
0
0
2624
0
38
2957
0
0


0
2453
2480
0
0
1175
52
0
2203
1375
0
0


511
2160
0
0
0
78
0
0
1233
0
0
0
32
2

0
0
0
0
0
0
1840
0
0
0
0
0
0

0

0
0
0
0
0
0
0
0
12
0

0

0
603
0
0
2959
221
0
22
2955
2958


584
0
2955
2953
2789
2953
2960
2559
2954


2957
2953
2957
2955
2940
2958
2960
2954
2
9
60
2960
2951
2958
2955
2953
2954
2955
29
5
4
2957
2960
2957
2960
2957
2958
2955
2960


2960
2954
2960
2965
2960
2949
2960
2957

2
955
2953
2950
2961
2958
2957
2957
2958
296
1

2960
2960
2957
2951
2959
2961
2956
2960


2953
2959
2959
2960
2957
2962
2953
2955
2
9
58
2957
2960
2948
2951
2953
2957
2956
29
5
9
2960
2959
2954
2267
508
2956
2220
0
0

2
922
2960
0
0
825
2272
0
1173
2863
0
0


290
2821
1229
0
0
1456
0
0
2895
0
0
0

1
981
2766
0
0
917
791
0
1673
2154
0
0

2
58
2203
0
0
0
407
0
0
1413
0
0
0
359

5
29
0
0
0
0
0
113
0
0
0
0
0
0

0

0
0
0
0
192
0
0
0
911
989


0
0
1836
740
0
2959
2656
0
571
2959
29
5
7
2834
794
2944
2957
2957
2954
2959
2960


2959
2960
2958
2962
2957
2953
2950
2957
29
5
1
2959
2943
2949
2948
2948
2956
2960
295
0

2958
2945
2954
2960
2960
2949
2954
2958

2
950
2961
2958
2960
2957
2957
2960
2953
2
9
60
2956
2951
2957
2953
2957
2949
2960
2954


2949
2962
2960
2955
2954
2954
2951
2960


2955
2966
2954
2960
2951
2947
2955
2946
29
5
8
2953
2958
2954
2960
2954
2960
2959
295
8

2953
0
0
2962
2229
111
2956
2399
0
0
2
7
85
2949
0
0
509
1858
0
781
2799
0
0
1
4
4
2650
1023
0
0
1277
0
0
2945
0
0
0
21
5
5
2761
0
0
688
347
0
1297
1613
0
0
0


1456
0
0
0
0
0
0
1042
0
0
0
585
0
0


0
0
0
0
0
0
0
0
0
0
0

0

0
0
0
0
1017
0
0
0
2610
2364


0
0
2950
2018
1335
2948
2959
272
2956

2
960
2960
2961
2960
2955
2958
2960
2960
296
0

2960
2956
2959
2958
2953
2960
2959
2956


2954
2950
2958
2975
2957
2958
2957
2960

2
962
2956
2960
2955
2961
2958
2958
2950
294
9

2959
2959
2960
2957
2960
2958
2960
2958


2960
2949
2959
2959
2959
2957
2960
2951
2
9
60
2961
2957
2955
2951
2960
2967
2956
29
5
3
2950
2958
2960
2960
2958
2963
2946
2960


2960
2960
2957
2955
2958
2955
152
0
2411


2960
2768
0
0
2955
535
0
2960
945
0
0


2915
2922
0
0
1233
1264
0
1951
2312
0
0


881
2953
507
0
0
1853
0
0
2950
0
0
0


2138
1939
0
0
559
0
0
1535
48
0
0
0
1
1
15
0
0
0
0
0
0
2035
0
0
0
0
0
0


0
0
0
0
0
0
0
0
0
0
0


0
0
0
0
450
2801
0
0
1392
2951
28
7
3
0
812
2955
2849
2960
2951
2955
2768
2
9
54
2960
2959
2960
2960
2960
2957
2950
2959


2957
2960
2960
2961
2960
2960
2953
2955


2959
2960
2955
2957
2962
2960
2959
2969
29
5
3
2960
2960
2955
2960
2960
2956
2956
295
9

2949
2958
2959
2948
2955
2954
2959
2963


2951
2960
2959
2949
2953
2960
2959
2955
29
6
0
2955
2957
2959
2947
2955
2957
2935
295
8

2959
2955
2954
2956
2955
2955
2960
2960

2
959
2951
2962
2955
578
2954
2951
0
0
20
1
6
2955
2583
0
0
2946
407
0
2958
871
0
0


2823
2898
0
0
1055
1002
0
1959
2399
0


0
976
2955
596
0
0
1954
0
0
2946
0
0
0


1713
1302
0
0
109
0
0
1114
0
0
0
0

1
152
0
0
0
0
0
0
246
0
0
0
0
0
0


0
0
0
0
189
0
0
0
80
1312
0


0
269
1648
0
2025
2958
0
0
2959
2958

2
960
903
2947
2950
2960
2953
2962
2956
296
0

2960
2959
2955
2955
2962
2958
2951
2946


2962
2960
2960
2959
2962
2960
2963
2961
2
9
57
2960
2956
2959
2951
2958
2955
2961
29
6
3
2959
2959
2960
2954
2959
2973
2965
2955


2953
2954
2957
2954
2944
2960
2961
2960

2
960
2955
2960
2951
2959
2954
2958
2960
295
5

2957
2962
2959
2953
2960
2951
2962
2960


2951
2958
2953
2961
2959
2960
2954
2960
2
9
55
2160
0
1535
2959
0
1989
2951
0
0
11
2
0
2960
2387
0
0
2403
0
0
2960
761
0
0

2
167
2832
0
0
687
1047
0
1535
2559
0
0


791
2935
660
0
0
1104
0
0
2598
0
0
0
7
4
6
646
0
0
0
0
0
782
140
0
0
345
1701


0
0
0
0
0
0
0
0
0
0
0
0
0


0
0
0
0
1015
0
0
0
1295
2954

0

0
1000
2952
542
2954
2959
1433
93
2957


2954
2960
2941
2951
2958
2959
2963
2949
2
9
49
2957
2950
2958
2961
2955
2960
2977
29
6
0
2954
2954
2949
2960
2960
2960
2955
2959


2959
2960
2956
2958
2946
2942
2962
2960
2
9
62
2940
2957
2954
2955
2958
2955
2962
295
7

2957
2975
2962
2951
2954
2960
2954
2955


2951
2960
2957
2955
2959
2960
2950
2960
2
9
57
2959
2960
2952
2958
2954
2960
2954
295
9

2991
2956
2954
2960
2961
2947
0
0
2957

2
957
1726
0
1043
2944
0
1639
2954
0
0
9
4
2
2956
2361
0
0
1739
0
0
2950
800
0
0


1882
2801
0
0
285
720
0
1095
2559
0
0

9
4
1951
0
0
0
123
0
0
1871
0
0
0
161
1
2
3
0
0
0
0
0
1191
1505
0
0
0
153
0

0

0
0
0
0
0
0
0
0
0
0
0


0
0
0
0
2462
2035
0
0
2946
2950

2
224
0
2494
2949
2708
2949
2949
2883
2750


2947
2954
2950
2958
2957
2960
2955
2960
2
9
60
2959
2947
2960
2959
2960
2955
2955
2953


2960
2955
2952
2958
2955
2960
2957
2958


2958
2963
2955
2958
2951
2961
2959
2960
29
5
5
2953
2957
2954
2961
2959
2956
2960
296
0

2960
2962
2951
2951
2957
2958
2954
2960


2958
2959
2959
2955
2958
2957
2959
2951
2
9
63
2958
2957
2961
2960
2960
2958
2960
29
5
6
2960
2944
2957
2799
576
2958
2910
0
0

2
952
2960
1505
0
167
2709
0
820
2960
0

0

293
2945
2289
0
0
1241
0
0
2927
1243
0


0
1724
2835
0
0
86
976
0
780
2773
0

0

3
1893
0
0
0
0
0
0
1634
0
0
0
273
7
2
8
0
0
0
0
0
0
0
0
0
0
0
0

0

0
0
0
0
682
0
0
0
791
943
0


0
1175
848
0
2960
2893
0
87
2954
295
9

2957
1399
2963
2956
2955
2959
2958
2942

2
967
2959
2959
2955
2959
2959
2960
2955
2
9
54
2958
2956
2950
2973
2959
2960
2957
2958


2957
2954
2955
2957
2957
2960
2956
2951


2950
2960
2959
2956
2957
2965
2959
2937
29
4
8
2957
2951
2961
2953
2957
2959
2958
296
0

2959
2946
2960
2950
2962
2958
2964
2961

2
961
2960
2959
2958
2958
2951
2959
2951
2
9
60
2959
2958
2960
2957
2951
2959
2961
2960


2960
382
0
2960
2357
0
2954
2758
0
0

2
869
2959
980
0
109
2247
0
653
2957
0
0

1
63
2844
1887
0
0
1062
0
0
2944
1120
0


0
1872
2878
0
0
32
737
0
650
2686
0
0

0

1467
0
0
0
0
0
0
1744
0
0
0
659
45
7

0
0
0
0
0
0
0
0
0
0
0
0

0

0
0
0
0
1653
0
0
0
2305
2506


0
0
2542
2384
581
2950
2959
0
1507
2958


2959
2960
2959
2954
2957
2961
2957
2959
2
9
62
2950
2953
2953
2954
2955
2953
2959
29
5
9
2955
2957
2959
2960
2970
2960
2949
2950


2959
2954
2955
2958
2959
2946
2955
2951

2
949
2955
2954
2959
2957
2959
2960
2960
295
8

2959
2955
2962
2953
2959
2959
2950
2961


2958
2958
2959
2957
2959
2954
2953
2960
2
9
59
2958
2959
2955
2957
2951
2958
2959
29
5
9
2953
2949
2961
2958
2951
2950
0
2160
29
6
0
2941
0
0
2813
1283
0
2957
1982
0
0

2
827
2944
0
0
296
1200
0
1101
2893
0
0
4
8
4
2874
849
0
0
1125
0
0
2959
0
0
0
2
0
01
2016
0
0
0
0
0
879
1071
0
0
0
806

0

0
0
0
0
0
2485
0
0
0
0
0
0


0
0
0
0
0
0
0
0
0
0
0

0

0
0
0
111
2954
0
0
1039
2957
29
5
0
0
91
2957
2953
2956
2957
2960
2130
2966


2960
2960
2958
2956
2960
2965
2953
2958


2955
2956
2955
2955
2951
2949
2960
2960
29
5
9
2960
2950
2960
2957
2960
2960
2959
295
7

2959
2949
2958
2956
2959
2960
2960
2955

2
960
2958
2959
2959
2960
2951
2956
2956
2
9
60
2950
2958
2954
2959
2955
2946
2960
2959


2978
2957
2958
2956
2960
2960
2957
2960


2955
2960
2954
2954
2960
2960
2960
2951
29
5
4
2959
2954
2954
1284
1776
2962
1072
0
7
1
8
2954
2874
0
0
1847
958
0
2960
2371
0


0
1903
2944
0
0
0
976
0
291
2950
0
0

1
6
2683
1601
0
0
818
0
0
2866
859
0
0


1107
1727
0
0
0
0
0
0
1578
0
0
0
1009


0
0
0
0
0
0
1054
0
0
0
0
0
0


0
0
0
0
0
0
0
0
0
1058
0

0

0
1314
0
409
2960
1217
0
2035
2955

2
954
2188
2203
2955
2959
2960
2957
2960
295
8

2944
2960
2957
2960
2967
2960
2955
2958


2963
2959
2958
2955
2957
2960
2949
2959
2
9
54
2957
2949
2959
2960
2959
2957
3066
29
5
8
2955
2955
2960
2960
2960
2960
2951
2954


2960
2955
2962
2955
2961
2958
2959
2957

2
952
2953
2956
2965
2947
2959
2954
2956
295
4

2954
2977
2954
2954
2955
2954
2955
2957


2960
2958
2955
2960
2947
2958
2960
2957


2958
2512
0
1103
2955
91
1662
2957
37
0

9
35
2959
2614
0
0
2060
208
0
2960
1744

0

0
2306
2861
0
0
188
720
0
1174
2906
0


0
630
2955
781
0
0
915
0
0
2960
0
0

0

1282
922
0
0
0
0
0
850
1159
0
0
334

1
482
0
0
0
0
0
0
33
0
0
0
0
0
0


0
0
0
0
1183
511
0
0
1499
2954
1
1
3
0
811
2949
350
2950
2957
1734
0
2959


2954
2954
2949
2959
2951
2959
2949
2960
29
5
3
2957
2957
2958
2957
2956
2949
2959
295
3

2960
2960
2959
2957
2953
2958
2957
2959

2
953
2960
2959
2960
2960
2960
2960
2954
2
9
55
2958
2960
2965
2960
2971
2954
2960
2959


2956
2960
2955
2960
2954
2960
2950
2950


2958
2954
2951
2953
2960
2957
2958
2958
29
6
5
2954
2955
2957
2959
2960
2957
2954
295
7

2957
2956
2947
2955
2943
2947
0
0
2960

2
960
1200
0
1367
2800
0
2055
2956
0
0
1
1
15
2972
1658
0
0
1683
0
0
2957
621
0

0

2559
2617
0
0
589
256
0
2065
2746
0
0


832
2826
0
0
0
0
0
0
2559
0
0
0
713

0

0
0
0
0
0
1767
1064
0
0
0
0
0

0

0
0
0
0
238
0
0
0
107
0

0

0
0
0
0
2955
1940
0
0
2960
2954


1630
0
2939
2957
2487
2956
2954
2774
2535


2960
2957
2949
2955
2958
2955
2955
2957

2
959
2959
2957
2960
2953
2962
2959
2958
296
0

2960
2961
2950
2951
2948
2956
2951
2960


2960
2950
2960
2951
2957
2959
2950
2958
2
9
59
2960
2959
2951
2951
2959
2956
2957
29
5
7
2953
2953
2958
2977
2960
2963
2950
2954


2951
2958
2960
2960
2957
2949
2960
2956

2
960
2959
2955
2954
2961
2951
2959
2953
295
9

2953
2960
2967
2448
591
2951
2895
0
0


2947
2960
768
0
844
2438
0
1391
2961
0
0


491
2959
1562
0
0
1146
0
0
2960
891
0


0
2352
2643
0
0
348
66
0
1275
2735
0
0


193
2153
0
0
0
0
0
0
2178
0
0
0
751


582
0
0
0
0
0
417
152
0
0
0
0
0

0

0
0
0
0
1061
0
0
0
1179
448


0
0
1175
0
0
2951
2898
0
0
2956
2953


2928
1472
2975
2959
2958
2958
2954
2953
29
5
8
2955
2959
2962
2954
2958
2960
2964
295
1

2955
2957
2960
2961
2958
2961
2959
2954

2
958
2955
2960
2959
2961
2955
2953
2954
2
9
63
2957
2959
2963
2960
2951
2957
2950
2957


2954
2960
2952
2957
2961
2954
2960
2959


2956
2957
2960
2959
2946
2955
2960
2956
29
5
0
2951
2959
2954
2955
2960
2955
2959
296
0

2957
2959
2948
2958
2956
2959
2960
2958

2
961
2954
0
2961
1600
0
2960
2768
0
0
2
9
60
2949
74
0
398
1796
0
763
2961
0
0
16
4

2960
1216
0
0
1142
0
0
2953
958
0
0


2338
2608
0
0
143
0
0
834
2512
0
0
0
1
5
34
0
0
0
0
0
0
2071
0
0
0
1457
685


0
0
0
0
0
0
0
0
0
0
0
0

0

0
0
0
0
2217
0
0
0
2899
2218


0
0
2851
1811
180
2953
2957
0
1200
2977


2953
2955
2951
2961
2961
2960
2951
2951

2
958
2955
2955
2960
2960
2963
2951
2959
295
9

2957
2958
2954
2987
2949
2958
2957
2960


2960
2951
2951
2960
2950
2959
2955
2954
2
9
55
2955
2960
2955
2950
2960
2957
2959
295
5

2957
2959
2959
2954
2954
2960
2960
2957


2953
2958
2959
2959
2957
2961
2954
2958
2
9
53
2959
2953
2953
2956
2960
2960
2960
29
5
8
2960
2957
2949
2955
2955
2954
0
2134
29
5
8
2699
0
0
2947
219
0
2954
1854
0
0
2
9
55
2901
0
0
896
704
0
1685
2914
0
0
804


2949
144
0
0
1349
0
0
2959
0
0
0
233
5

1856
0
0
73
0
0
1046
1441
0
0
0
1169


0
0
0
0
0
0
2934
0
0
0
434
0
0


0
0
0
0
176
0
0
0
0
342
0

0

0
0
0
413
2960
0
0
1287
2955
28
6
4
0
862
2957
2760
2959
2956
2959
1868
2
9
54
2957
2957
2961
2956
2957
2957
2955
2958


2957
2960
2957
2956
2955
2955
2957
2959


2955
2950
2958
2955
2960
2955
2960
2954
29
6
1
2962
2957
2960
2958
2957
2960
2960
2961


2955
2959
2957
2950
2950
2962
2960
2954

2
960
2946
2950
2960
2951
2960
2960
2958
29
5
8
2950
2956
2955
2957
2960
2957
2957
2960


2960
2955
2958
2960
2960
2934
2961
2955

2
954
2951
2959
2955
265
2897
2955
20
0
159
9

2954
2506
0
0
2786
0
0
2959
1761
0
0


2917
2832
0
0
721
406
0
1597
2911
0
0

8
11
2945
208
0
0
1205
0
0
2953
0
0
0

1
