2
9
4
9
2960
2959
2951
2958

2
955
2955
2955
2951
2960
2960
2959
2957
2
9
51
2957
2960
2959
2960
2957
2955
2959
2954


2959
2955
2956
2954
2960
2959
2957
2949


2951
2958
2960
2961
2954
2954
2956
2959
29
5
5
2955
2955
2955
2954
2957
2953
2960
295
9

2955
2954
2953
2960
2953
2957
2955
2960

2
958
2960
2959
2958
2958
2960
2954
2960
2
9
53
2960
2960
2951
2951
2950
2769
2160
1571


1391
1783
1717
662
0
338
811
542
0
0

0

0
304
821
483
0
48
757
1136
566
192

6
4
158
687
1490
1638
867
477
1110
1682
123
3

2065
2381
1673
1191
1635
2217
2068
1424


1121
1011
1136
1997
2559
2201
1587
1603
2
1
92
2321
1504
913
574
464
839
1580
1631

8
32
457
1137
1726
1424
975
927
705
592
118
3

1388
561
0
144
784
949
366
157
145
41
1

1344
2228
2300
1827
1879
2733
2949
2765

2
559
2499
2611
2947
2958
2957
2953
2981
2
9
51
2951
2959
2954
2960
2955
2959
2960
2953


2950
2960
2955
2951
2953
2959
2955
2958


2948
2959
2954
2958
2949
2949
2955
2959
29
5
7
2960
2959
2957
2955
2959
2948
2947
296
0

2953
2959
2955
2951
2949
2959
2945
2898

2
912
2665
1535
662
102
0
175
735
693
0
0


85
471
96
0
0
0
0
459
949
443
6
336

1
093
1274
611
268
100
150
895
1619
1489
7
8
2
597
1298
1751
1179
673
443
432
799
1697


2095
1424
987
1501
2138
2005
1388
1095

9
55
1015
1859
2326
1870
1211
1250
1975
2288


1676
1270
1083
1109
1639
2370
2441
1696


1342
1986
2496
2143
1587
1325
1219
1358
21
4
8
2481
1770
1090
1248
1791
1785
1006
582


389
432
1161
1863
1741
2923
2909
2914
294
2

2959
2958
2955
2959
2955
2960
2957
2959


2959
2956
2954
2959
2956
2959
2957
2950


2955
2954
2945
2955
2955
2960
2955
2956
29
6
0
2953
2960
2955
2959
2954
2947
2960
296
0

2956
2953
2959
2957
2957
2943
2955
2954
2
9
55
2971
2962
2960
2958
2951
2954
2955
29
6
0
2959
2955
2954
2958
2960
2959
2957
2953


2953
2954
2947
2959
2951
2960
2957
2951

2
956
2959
2954
2951
1274
1063
432
176
72
1
9
5
1061
1626
1200
565
627
1373
1679
1008


618
489
579
1169
1955
2078
1321
1014
1684


2215
1829
1262
912
759
959
1890
2375
175
4

1267
1558
2237
2299
1614
1251
1062
1104


1856
2481
2240
1603
1518
2246
2608
1969
1
4
45
1168
1004
1251
1914
1999
1130
578
106
6

1619
1403
759
492
439
627
1680
2436
1839


943
739
1127
1136
297
0
0
0
422
1285

1
502
950
826
1740
2475
2294
1983
1893
1971


2356
2957
2957
2922
2907
2959
2960
2960
2
9
54
2951
2952
2960
2951
2951
2951
2953
29
4
7
2955
2957
2981
2963
2958
2960
2957
2962


2955
2955
2957
2960
2959
2965
2956
2951

2
960
2960
2957
2960
2960
2956
2959
2951
295
7

2959
2950
2958
2955
2954
2959
2951
2953


2794
2192
1523
1376
1706
1575
501
0
210

6
14
291
0
0
0
0
132
558
99
0
0
550
82
6

234
0
0
0
501
1310
1382
640
323
976
15
3
5
1169
576
304
191
409
1305
1798
1174
64
1

947
1679
1820
1158
836
697
784
1524
218
3

1989
1269
1059
1738
2101
1514
1023
839

8
54
1270
2142
2464
1749
1295
1781
971
892


1414
1585
672
0
144
784
909
320
91
80

3
29
1264
2149
2229
1754
1815
2663
2953
2721


2512
2447
2559
2934
2951
2957
2956
2951


2960
2959
2959
2954
2959
2960
2949
2960
29
6
0
2957
2953
2955
2954
2957
2949
2954
296
0

2960
2957
2960
2949
2958
2951
2957
2958

2
955
2952
2959
2958
2958
2960
2951
2958
2
9
41
2954
2950
2958
2955
2955
2953
2953
2959


2958
2958
2959
2953
2954
2959
2957
2960

2
962
2950
2957
2954
501
248
0
0
0
0
312


867
496
0
149
909
1297
675
288
103
146

6
98
1522
1646
879
496
1151
1662
1299
686
4
3
3
369
602
1499
2018
1493
977
1265
1966

2
100
1430
1042
897
958
1600
2201
1994
1249


1065
1821
2279
1727
1267
1102
1084
1462

2
288
2549
1823
1359
1840
2416
2300
1695
140
8

1295
1319
2112
2555
1987
1231
1143
1728


1876
1074
581
338
317
859
1649
1787
1061


835
1763
2337
1761
808
224
0
0
678
1116


563
80
459
1291
1610
1130
971
1043
1324

2
245
2927
2832
2495
2553
2960
2935
2951
2
9
27
2928
2959
2970
2960
2958
2955
2958
2955


2960
2957
2946
2955
2949
2952
2951
2954


2958
2951
2971
2947
2960
2955
2955
2955

2
957
2947
2954
2957
2954
2960
2951
2960
296
0

2957
2957
2973
2950
2955
2955
2939
2959


2959
2955
2952
2947
2925
2420
1381
912
12
3
3
1260
334
0
0
0
0
366
459
0
0
80
56
0

298
0
0
0
0
674
1258
794
256
472
1203


1393
721
347
185
251
889
1639
1635
880

6
02
1300
1793
1361
803
605
617
928
1877
23
0
6
1621
1154
1563
2158
2071
1373
980
803


834
1677
2285
1975
1354
1382
2108
2424
180
8

2098
2215
1296
673
1021
1216
599
0
0
0


0
880
1472
973
674
1264
2127
2343
1907

1
762
1796
2032
2886
2950
2937
2871
2949
29
4
5
2959
2958
2951
2951
2949
2958
2960
2951


2957
2960
2954
2959
2954
2960
2958
2951

2
950
2957
2960
2959
2953
2955
2953
2953
2
9
58
2959
2956
2955
2952
2958
2957
2953
2957


2959
2951
2959
2955
2954
2960
2959
2959


2960
2955
2960
2955
2955
2959
2949
2957
29
5
0
2960
2955
2954
2955
2957
2956
0
0
0

4
21
432
0
0
341
848
505
16
0
0
169
1139


1615
913
400
773
1453
1469
802
459
307
3
6
9
1189
1821
1529
867
855
1629
2064
1445

1
010
826
852
1328
2119
2319
1589
1104
1629


2129
1825
1216
959
879
1051
1972
2501
198
7

1438
1618
2261
2396
1722
1299
1122
1187


1809
2512
2431
1658
1349
1937
2299
1649
9
7
5
611
452
675
1498
1875
1151
642
1070
17
4
0
1712
1120
1041
1071
946
1450
1678
1042


164
70
705
1071
448
132
64
250
958
1953


2368
1875
1687
2461
2942
2815
2530
2437

2
488
2782
2948
2958
2959
2960
2954
2957
295
4

2955
2955
2960
2953
2953
2961
2951
2955


2956
2949
2955
2960
2953
2951
2959
2955


2947
2953
2955
2960
2958
2956
2946
2953
29
5
9
2951
2949
2953
2960
2955
2960
2947
295
5

2955
2950
2950
2960
2954
2811
2874
2756

1
844
791
154
0
0
478
799
59
0
0
336
37
5

0
0
0
0
183
800
724
81
19
799
1344
84
3

341
129
85
404
1307
1649
928
468
976

1
586
1425
785
496
374
468
1351
1953
1654
1
0
40
1091
1830
2142
1483
1040
827
862
1347

2
067
2110
1331
944
1637
2188
1886
1327
10
8
6
1018
1232
2097
2033
1859
848
210
0
0
3
3
4
898
678
82
130
966
1558
1170
906
926


1173
1824
2786
2920
2582
2385
2928
2956
29
4
4
2928
2938
2950
2951
2949
2950
2953
295
6

2957
2958
2950
2960
2955
2962
2951
2954


2960
2950
2986
2960
2947
2951
2958
2950
2
9
54
2945
2960
2960
2960
2947
2954
2954
29
5
6
2956
2961
2960
2958
2958
2955
2950
2955


2954
2958
2957
2955
2960
2954
2957
2957

2
959
2959
2959
2953
2967
2959
2950
2953
295
8

2953
0
0
0
378
438
0
0
0
0
423
1147


1061
382
263
1023
1515
916
410
203
208
5
9
5
1451
1779
1049
591
1072
1705
1585
951


688
592
735
1622
2218
1877
1238
1293
1984


2255
1616
1156
894
845
1307
2074
2221
15
2
0
1188
1860
2399
2055
1459
1189
1063
1274


2135
2593
2028
1507
1765
2423
2507
1815
1
4
28
1139
1014
1535
2047
1766
905
616
1242


1663
1072
567
368
369
767
1850
2363
1473


692
876
1211
853
74
0
0
0
708
1386
1185


731
1006
1947
2464
2043
1819
1830
2009
2
6
23
2954
2951
2887
2893
2954
2950
2956
2960


2951
2953
2951
2960
2959
2960
2959
2954


2959
2928
2955
2954
2957
2960
2959
2949
29
5
8
2945
2957
2957
2955
2955
2951
2953
295
2

2957
2951
2953
2957
2954
2956
2949
2950


2960
2950
2953
2959
2954
2957
2955
2943
2
7
04
2064
1514
1619
1851
1360
349
0
502
8
3
5
165
0
0
0
0
474
802
106
0
261
858
81
4

254
42
0
114
1019
1632
1231
587
619
1
3
34
1653
1008
559
359
359
845
1667
1793
10
5
1
687
1360
1942
1675
1116
853
786
986
1
8
73
2373
1773
1214
1463
2064
2096
1367
985


816
888
1610
2323
2179
1162
805
710
535


654
1183
1200
243
0
222
764
658
144
28
7
8

400
1504
2298
2157
1771
2035
2837
2935

2
684
2506
2471
2635
2956
2951
2960
2955
294
9

2959
2955
2950
2951
2960
2945
2960
2961


2951
2954
2951
2950
2956
2979
2959
2958
2
9
60
2957
2954
2955
2949
2958
2949
2961
29
4
7
2965
2955
2957
2957
2959
2953
2957
295
5

2958
2955
2957
2956
2955
2957
2953
2955

2
950
2958
2960
2955
2951
2955
2951
2957
2
9
55
2958
2959
0
211
508
0
0
0
0
0
538
8
8
1
176
0
436
1099
1002
403
144
48
141
1
0
19
1600
1227
595
655
1369
1669
970
545
37
1

411
959
1744
1925
1252
913
1562
2128
1
7
90
1181
939
850
1037
1924
2348
1687
1087

1
314
1968
2054
1395
1072
948
1013
1711
237
9

2209
1519
1358
2037
2473
1920
1438
1232


1175
1478
2253
2441
1590
976
1342
1845
15
9
7
848
481
334
377
1247
1838
1485
902
10
1
3
2021
2354
1422
664
114
0
259
912
993
2
6
9
4
746
1437
1311
929
893
1040
1452
2541


2941
2674
2384
2771
2953
2947
2915
2912

2
927
2945
2950
2950
2959
2939
2940
2946
29
5
8
2956
2960
2953
2956
2955
2956
2951
2950


2957
2955
2955
2960
2957
2960
2950
2954

2
947
2960
2949
2947
2951
2958
2957
2958
294
5

2954
2960
2951
2958
2954
2957
2955
2962


2957
2955
2954
2931
2214
1360
1449
1601
9
7
6
96
0
0
0
219
592
47
0
0
394
596
0


0
0
0
322
1087
1173
471
236
931
1449
10
5
6
502
250
221
496
1391
1843
1143
621
96
2

1633
1648
970
661
559
703
1535
2178
1921


1284
1266
1968
2321
1682
1210
961
881
1
3
28
2090
2269
1526
1123
1766
2319
2047
1440


1173
1071
1203
1008
1328
1203
297
0
0
0


368
1165
1251
714
687
1631
2346
2086
177
6

1739
1861
2312
2958
2960
2886
2866
2956


2957
2958
2957
2957
2953
2957
2941
2960
29
5
9
2951
2959
2960
2957
2939
2959
2956
295
4

2950
2955
2958
2955
2949
2960
2950
2951

2
960
2958
2947
2956
2960
2933
2955
2958
2
9
51
2951
2955
2958
2955
2957
2951
2951
2960


2959
2954
2948
2960
2949
2956
2950
2959


2956
2958
2960
2957
2960
2954
0
0
0
112

5
29
87
0
0
530
808
223
0
0
0
541
1319


1377
624
303
995
1535
1182
605
352
263
46
1

1387
1846
1252
709
1005
1717
1862
1218


877
709
822
1535
2203
2029
1324
1162
1860
2235
1600
1057
848
827
1232
2115
2447
1743
1257
1793
2352
2192
1535
1264
1126
1251
2097
2634
2235
1647
1666
2256
2371
1579
969
627
546
976
1659
1698
915
548
1234
1819
1503
993
986
951
941
1484
1648
758
48


205
809
927
312
89
61
311
1214
2127
2223
1767
1824
2693
2941
2745
2517
2479
2559
2939
2957
2953
2954
2950
2958
2954
2951
2958
2958
2951
2959
2954
2958
2957
2960
2955
2960
2959
2955
2955
2960
2951
2955
2961
2951
2954
2960
2960
2957
2957
2953
2960
2959
2960
2957
2956
2951
2949
2959
2949
2950

2955
2954
2959
2951
2943
2939
2782
1751
8
2
7
231
0
200
742
730
0
0
80
450
90
0
0
0
0
420
914
383
0
240
983
1181
535
222
62
119
814
1488
1349
640
477
1206
1680


1091
591
355
362
709
1631
1978
1323
899
1
4
23
2032
1918
1308
1007
871
982
1809
2323


1890
1214
1213
1904
2205
1528
1138
971

1
037
1587
2318
2401
1660
1309
1937
2446
51


721
1065
349
0
480
1232
1374
944
843
94
4

1246
2303
2914
2751
2411
2559
2947
2955

2
928
2907
2919
2946
2955
2933
2958
2958
29
5
5
2951
2950
2955
2949
2956
2960
2966
2957


2957
2959
2950
2957
2955
2955
2951
2955

2
951
2955
2951
2955
2954
2955
2934
2955
29
5
0
2957
2949
2958
2950
2957
2954
2951
2958


2960
2959
2955
2951
2954
2958
2957
2955
2
9
53
2953
2960
2950
2960
2955
2958
2957
29
5
7
2958
2948
0
75
466
138
0
0
0
0
690
1
2
59
747
253
538
1253
1392
688
353
195
25
7

979
1669
1533
790
608
1339
1814
1254
69
4

495
544
933
1829
2192
1497
1071
1555
217
3

2013
1377
1023
854
914
1719
2253
1872

1
244
1316
2043
2335
1663
1247
1053
1069
160
3

2352
2448
1733
1392
2059
2542
2170
1523
1166
958
1035
1774
2130
1387
736
932
1535
1603
901
570
435
553
1296
2158
2256
1427
935
1291
1443
624
0
0
0
114
1004
1489

9
02
687
1361
2187
2289
1860
1751
1797
2042
2901
2959
2927
2868
2958
2958
2959
2953

2955
2960
2959
2951
2954
2958
2960
2954
2
9
57
2960
2959
2956
2959
2960
2951
2959
29
5
4
2955
2991
2942
2951
2957
2945
2953
2953


2955
2952
2957
2950
2947
2959
2960
2958
2
9
55
2954
2951
2951
2947
2955
2954
2951
294
1

2639
2030
1586
1910
1916
896
109
202
656


624
0
0
0
0
45
550
400
0
0
418
898

3
97
0
0
0
253
1191
1527
783
326
799
1392


1294
643
345
222
314
1177
1763
1392
757


795
1532
1907
1305
911
751
766
1319
2078

2
204
1472
1088
1691
2160
1797
1155
877
78
7

1011
1917
2422
1849
1310
1558
2205
971
1
3
95
1667
1123
151
0
592
987
427
48
0
13
4

735
1782
2309
1808
1591
2284
2919
2827
2
5
18
2434
2447
2671
2955
2960
2954
2951
29
6
0
2959
2949
2959
2951
2951
2959
2958
2959


2960
2951
2959
2957
2950
2953
2960
2947

2
951
2960
2951
2957
2957
2957
2954
2956
2
9
50
2953
2960
2950
2956
2959
2951
2950
2957


2954
2955
2957
2959
2949
2958
2951
2949


2958
2952
2951
2958
2950
2954
2954
2960
29
5
5
2954
2958
2950
460
411
0
0
0
0
193

7
88
598
0
32
832
1322
748
299
125
101
501


1381
1663
930
491
1023
1617
1436
786
51
0

418
539
1443
1991
1621
1065
1180
1914
21
8
0
1514
1107
931
975
1519
2258
2246
1448


1098
1731
2235
1831
1281
1060
1015
1251
21
0
1
2535
1921
1394
1655
2295
2334
1696
137
1

1193
1183
1863
2356
2002
1201
982
1607
1
9
08
1191
644
411
359
779
1613
1922
1215
8
3
5
1524
2399
2246
1357
681
200
52
750
1184


647
48
250
1056
1445
926
740
790
1100

1
891
2791
2854
2434
2333
2943
2951
2928
289
7

2928
2954
2947
2960
2961
2958
2957
2956


2959
2965
2954
2955
2950
2951
2949
2956
2958
2954
2955
2959
2957
2957
2958
2955
29
5
7
2951
2960
2959
2955
2949
2950
2957
2953


2955
2958
2954
2951
2954
2960
2961
2950

2
953
2955
2958
2958
2950
2700
1646
951
1204


1314
439
0
0
0
0
130
329
0
0
0
303

2
02
0
0
0
0
428
1039
720
160
267
991
135
9

710
242
99
113
650
1463
1617
867
498

1
124
1698
1375
769
538
530
787
1739
2243

1
675
1171
1424
2067
2162
1457
1083
854
878


1530
2167
2029
1357
1194
1951
2387
1846

1
350
2352
1575
942
1262
1437
771
65
0
0
0


804
1395
955
610
1095
1982
2291
1847
17
1
2
1714
1906
2727
2957
2930
2816
2902
2955


2951
2945
2956
2957
2951
2957
2958
2950

2
951
2950
2955
2954
2958
2959
2959
2957
295
1

2957
2952
2954
2960
2958
2955
2950
2960


2953
2958
2957
2953
2951
2957
2957
2958
2
9
57
2955
2957
2960
2958
2951
2946
2959
29
4
3
2960
2955
2951
2950
2960
2950
2960
2959


2959
2960
2957
2958
2953
2957
0
0
0
320


528
0
0
133
694
534
0
0
0
15
926
1475


1021
443
571
1285
1520
848
433
279
315


895
1667
1693
945
655
1365
1917
1584
1051


834
793
1085
1984
2432
1734
1245
1589
21
6
7
2081
1356
992
835
893
1717
2355
2090
14
4
1
1396
2096
2416
1767
1316
1131
1147
162
3

2398
2540
1764
1283
1775
2206
1807
1070

6
56
476
535
1382
1813
1235
670
900
1634

1
807
1161
912
1078
1255
1719
2032
1509
510


146
707
1147
593
131
14
139
688
1777
23
1
8
1832
1580
2241
2892
2819
2480
2343
2352


2559
2954
2951
2951
2951
2957
2954
2951

2
960
2952
2959
2957
2955
2959
2950
2959
295
5

2954
2944
2951
2951
2955
2955
2953
2953

2
954
2959
2955
2955
2950
2937
2955
2954
2
9
57
2950
2933
2959
2958
2954
2956
2944
29
6
0
2955
2958
2954
2960
2939
2949
2944
2422


1402
644
160
0
624
926
209
0
0
321
397


0
0
0
0
71
688
717
34
0
641
1183
792

2
59
67
16
272
1166
1594
888
400
867
1513


1470
768
463
359
464
1296
1918
1637
1023


1067
1808
2150
1503
1068
880
913
1395
21
4
4
2283
1491
1069
1664
2198
1919
1345
1092


1006
1213
2115
2543
1944
1297
625
135
0


548
1037
646
41
135
945
1445
979
762
791


1073
1781
2717
2895
2490
2315
2931
2955

2
939
2906
2910
2947
2944
2957
2962
2955
295
5

2959
2960
2957
2953
2954
2960
2959
2959


2958
2954
2946
2952
2949
2947
2957
2961
2
9
50
2955
2958
2953
2950
2960
2959
2960
29
5
9
2959
2953
2961
2955
2960
2948
2948
2955


2960
2957
2960
2955
2955
2955
2954
2954
2
9
60
2959
2954
2959
2978
2957
2956
2954
296
1

2955
0
0
0
334
374
0
0
0
0
403
1070


910
259
222
957
1401
752
289
80
113
548


1410
1739
977
506
1061
1641
1457
835
559


496
691
1623
2171
1711
1152
1296
2007
219
4

1503
1109
890
875
1409
2117
2166
1464
1
1
93
1918
2418
2014
1454
1198
1119
1343
2179


2559
1925
1456
1808
2419
2349
1609
1195
930
882
1535
2035
1631
879
781
1424
1769

1
090
631
467
527
1023
1932
2429
1857
1264


1495
1682
1155
315
0
0
0
819
1407
1062

6
56
1023
1920
2320
1877
1699
1718
1935
26
8
5
2951
2943
2875
2891
2959
2960
2955
2955
2955
2954
2964
2959
2951
2954
2958
2960
2955
2955
2955
2957
2951
2951
2951
2949
2
9
57
2959
2950
2955
2955
2954
2954
2953
2957
2959
2958
2960
2957
2950
2949
2958
2951


2954
2958
2951
2946
2958
2959
2959
2955
28
6
3
2355
1767
1906
1971
1212
229
0
470
672


0
0
0
0
0
281
435
0
0
151
688
529
1

0

0
24
892
1470
1008
408
550
1254
1498

8
14
400
219
262
816
1587
1628
870
581
1257


1821
1472
947
737
741
1012
1934
2357
16
5
3
1167
1501
2085
2017
1259
925
805
898
17
4
5
2363
2122
1466
1417
2125
2437
1774
129
8

1107
1100
0
446
912
523
52
0
62
465
16
0
9
2256
1808
1513
2092
2832
2845
2482
232
7

2358
2592
2958
2959
2951
2947
2955
2955

2
955
2949
2957
2951
2957
2949
2956
2963
2
9
57
2960
2958
2957
2950
2951
2957
2951
2960


2957
2948
2962
2963
2960
2959
2955
2955


2959
2946
2960
2959
2957
2955
2950
2950
2
9
50
2959
2954
2960
2958
2959
2957
2957
29
5
9
2956
2942
2958
2958
2959
2945
2959
2959


2959
2949
2945
2953
2950
2950
2959
0
64


657
711
71
0
646
1231
891
355
132
64
303


1223
1671
995
510
882
1522
1559
868
511


400
471
1275
1899
1714
1099
1022
1786
220
1

1571
1104
900
919
1318
2114
2323
1567

1
066
1586
2167
1984
1367
1119
1008
1154
205
3

2538
2038
1447
1588
2254
2423
1776
1429


1239
1244
1767
2371
2254
1416
971
1535
19
2
2
1392
741
446
338
582
1488
1939
1301
8
3
4
1303
2203
2327
1453
771
261
66
628
1107


798
130
171
1015
1531
1079
832
864
1120

1
806
2767
2909
2512
2319
2915
2955
2944
2
8
96
2959
2959
2950
2953
2951
2941
2960
29
6
0
2948
2952
2958
2957
2958
2967
2957
2953


2960
2949
2954
2951
2960
2957
2958
2955

2
958
2961
2954
2957
2951
2957
2960
2955
295
5

2985
2956
2958
2951
2953
2954
2957
2949


2955
2955
2956
2958
2947
2927
2245
1422
1
5
14
1611
899
32
0
0
0
187
539
0
0
0
3
0
7
413
0
0
0
0
208
887
891
238
85
853
1
3
61
886
382
160
170
489
1439
1809
1072
5
7
4
1009
1627
1512
848
562
469
622
1535
213
1

1792
1204
1284
1991
2287
1629
1179
949


912
1389
2113
2176
1456
1130
1781
2325
848


1762
2323
1862
1292
1399
1625
1167
240
0


0
0
571
1221
1021
565
811
1775
2291
1855
1620
1602
1817
2459
2949
2949
2819
2790
2951
2956
2953
2935
2951
2955
2957
2958
2955
2957
2960
2950
2954
2954
2960
2959
2955
2957
2947
2935
2951
2987
2958
2963
2957
2973
2955
2957
2954
2960
2954
2943
2963
2951
2945
2957
2950
2955
2955
2958
2947
2959
2955
2953
2957
2950
2958
2955
2947
2951
2943
2949
2960
2958
806
139
0
0
0
0
171
491
0
0
21
543
567
11
0
0
0
766
1421
1120
449
429
1154
1595
897
463
266
278
735
1535
1783
1044
640
1245
1853
1669
1075
807
755
944
1831
2318
1833
1264
1450
2119
2217
1504
1079
889
976
1618
2321
2307
1598
1324
1971
2383
1904
1359
1113
1070
1373
2250
2618
1941
1429
1739
2245
2096
1296
791
577
554
1294
1802
1412
725
697
1426

1
799
1169
797
844
1061
1364
1826
1634
565
2
466
966
699
135
0
48
373
1484
2559
1885
1582
2000
2821
2879
2533
2386
2373
2546


2947
2957
2951
2949
2960
2954
2959
2958

2
960
2953
2949
2957
2960
2946
2955
2953
294
7

2949
2957
2953
2959
2950
2959
2959
2958


2955
2955
2960
2957
2967
2955
2949
2960
2
9
55
2947
2953
2961
2953
2951
2951
2958
295
4

2955
2960
2957
2941
2954
2934
2529
1426


656
121
0
455
858
398
0
0
209
471
0
0


0
0
0
534
809
125
0
508
1163
993
409

1
87
91
212
1117
1639
1138
581
784
1503
169
1

963
572
400
447
1065
1797
1806
1141
91
7

1646
2142
1695
1153
932
901
1183
2063
23
8
4
1641
1105
1487
2075
1999
1343
1063
962


1019
1876
2423
2073
1438
1445
2142
0
144


708
653
10
0
701
1329
1079
751
752
942


1456
2559
2929
2555
2311
2832
2965
2941
28
9
5
2911
2930
2955
2956
2960
2959
2954
295
4

2959
2951
2960
2956
2954
2959
2954
2946


2957
2959
2957
2958
2951
2951
2960
2960
29
5
7
2949
2958
2951
2953
2958
2956
2950
295
4

2959
2953
2953
2960
2963
2956
2958
2951

2
965
2958
2947
2947
2949
2951
2950
2960
2
9
59
2955
2953
2942
2950
2959
2955
2957
2958


2955
2960
2960
2961
714
18
0
0
0
485

1
203
1124
491
374
1131
1574
958
468
286
29
1

679
1535
1897
1138
640
1117
1744
1595

9
12
637
542
703
1600
2183
1833
1239
1328
2
0
23
2301
1632
1184
957
912
1342
2043
2127


1416
1089
1767
2310
1997
1420
1154
1098
1
2
96
2140
2598
2013
1507
1791
2427
2486
183
5

1490
1329
1355
1890
2366
1995
1089
753

1
337
1675
1035
465
223
225
636
1643
2113


1182
419
562
917
626
0
0
0
0
503
1178
9
7
1
548
821
1792
2329
1877
1687
1720
1943


2559
2951
2951
2846
2843
2950
2959
2954
29
5
4
2955
2952
2951
2953
2959
2950
2968
295
4

2959
2955
2949
2951
2960
2960
2961
2951

2
960
2953
2951
2951
2959
2953
2951
2959
2
9
66
2963
2960
2957
2956
2960
2956
2954
2958


2960
2954
2957
2959
2960
2955
2949
2949


2769
2187
1635
1642
1857
1424
371
0
458
8
1
6
218
0
0
0
0
410
789
128
0
206
847

8
43
237
0
0
99
889
1535
1253
575
528
1268


1682
1031
567
363
368
789
1614
1834
108
6

653
1263
1851
1689
1120
838
754
929
1836


2321
1819
1264
1427
2094
2213
1443
990
8
0
2
874
1493
2218
2192
1518
686
641
763
102
3

1509
1498
479
0
251
784
655
64
0
0
2
6
7
1344
2128
1998
1627
1915
2754
2934
2640
2423
2413
2559
2951
2963
2960
2951
2956

2
954
2954
2954
2954
2957
2947
2951
2957
294
6

2959
2958
2955
2959
2960
2951
2960
2953


2960
2955
2960
2954
2960
2955
2953
2955


2955
2960
2953
2959
2957
2958
2965
2954
29
5
6
2956
2955
2960
2958
2959
2960
2955
295
7

2957
2957
2950
2953
2935
2948
2960
2960

2
963
2959
2950
2960
565
0
0
0
0
0
399

7
32
105
0
295
970
938
314
64
3
112
959
1
5
57
1157
547
640
1357
1660
956
545
362
4
3
2
933
1717
1889
1186
864
1532
2096
1791
1
1
79
921
839
1023
1927
2365
1712
1152
1365


2029
2101
1424
1085
986
1136
1815
2435
22
7
2
1574
1375
2076
2496
1927
1453
1183
108
1

1339
2073
2277
1443
901
1289
1808
1575
8
4
4
498
371
447
1297
1872
1522
941
1068
1
9
31
2512
1986
1285
718
380
611
1166
1155
340
32
701
1344
1158
727
682
811
1247
233
7

2883
2501
2196
2605
2951
2949
2875
2850

2
876
2935
2960
2960
2960
2951
2951
2960
29
6
2
2955
2953
2960
2954
2955
2957
2953
295
3

2949
2954
2950
2960
2957
2958
2961
2955

2
955
2946
2960
2959
2950
2963
2955
2960
2
9
60
2955
2955
2957
2951
2957
2957
2955
2958


2954
2950
2959
2954
2661
1887
1746
1866


1409
355
0
0
0
167
575
156
0
0
277
585
0
0
0
0
139
922
1251
560
201
863
1454


1190
549
274
199
368
1267
1775
1295
685
8
5
3
1575
1734
1023
673
529
634
1335
2081

2
064
1358
1104
1804
2263
1786
1211
963
853


1082
1905
2250
1558
1085
1520
2190
2137

1
567
2165
1899
1298
1234
1523
1331
350
0
0


0
332
1054
1135
582
544
1467
2184
1906

1
583
1559
1679
2144
2944
2950
2823
2750
29
6
0
2951
2955
2960
2949
2955
2955
2950
2951


2957
2958
2958
2958
2959
2955
2957
2960

2
955
2947
2955
2960
2954
2960
2955
2959
295
3

2943
2960
2947
2955
2960
2959
2953
2950
2953
2955
2965
2949
2954
2960
2956
2953
2955
2954
2946
2947
2958
2958
2949
2953
29
6
3
2945
2957
2957
2963
422
0
0
0
0
106


484
48
0
0
496
779
144
0
0
0
536
1341

1
432
680
356
1023
1535
1147
581
351
284

4
94
1354
1829
1217
684
1016
1706
1815
1194


859
758
877
1617
2242
2098
1395
1269
197
5

2337
1679
1110
888
860
1255
2090
2414
1
7
24
1290
1808
2375
2192
1535
1248
1155
1260


2086
2624
2206
1600
1615
2189
2322
1503

9
05
589
525
955
1630
1670
881
561
1226
178
3

1440
898
772
1007
1214
1799
1905
967
1
5
4
268
849
917
228
0
0
174
1066
1969
20
4
5
1581
1630
2507
2928
2610
2342
2258
2371


2816
2953
2960
2953
2924
2957
2959
2951

2
949
2963
2954
2929
2947
2959
2956
2953
295
1

2954
2954
2955
2955
2960
2956
2955
2953


2955
2956
2948
2954
2956
2951
2949
2947
2
9
45
2956
2959
2958
2958
2951
2956
2944
29
5
7
2954
2951
2953
2954
2959
2947
2906
2009


1077
432
95
293
823
804
0
0
96
480
115


0
0
0
0
330
803
298
0
172
928
1169
505


194
44
117
738
1455
1397
691
482
1229

1
695
1150
604
362
357
690
1606
1955
1298
9
0
9
1392
2044
1942
1312
989
893
998
1813

2
339
1925
1246
1241
1913
2192
1519
1109
953


1037
1594
2337
2431
1707
1351
375
17
51


738
1042
334
0
431
1201
1293
800
723
825


1186
2209
2883
2707
2313
2496
2948
2959


2893
2880
2890
2939
2960
2954
2955
2955
29
4
7
2958
2959
2956
2956
2955
2955
2958
2957


2955
2960
2951
2955
2955
2955
2954
2960

2
960
2947
2940
2960
2960
2959
2955
2951
29
4
7
2947
2956
2949
2951
2960
2957
2943
2959


2943
2953
2953
2960
2950
2960
2960
2957

2
950
2963
2956
2955
2963
2960
2954
2955
2
9
58
2954
2960
0
135
555
128
0
0
0
0
727


1226
629
199
599
1274
1301
566
233
117

2
19
998
1653
1427
731
627
1392
1819
1187
6
9
5
486
559
1037
1889
2187
1488
1042
1610


2192
1979
1343
1051
894
943
1807
2272
1765


1203
1389
2125
2331
1667
1290
1090
1121


1688
2374
2373
1674
1412
2107
2601
2186
16
2
6
1393
1281
1425
2103
2331
1443
796
1005


1558
1487
720
382
255
399
1219
1968
1855


1067
714
1104
1214
289
0
0
0
102
875
12
9
7
754
550
1354
2150
2162
1776
1699
1793
2
0
93
2927
2955
2913
2815
2958
2950
2954
29
4
9
2955
2958
2958
2957
2948
2957
2960
295
4

2947
2957
2960
2960
2955
2958
2955
2946

2
947
2950
2952
2955
2957
2955
2946
2945
2
9
58
2954
2951
2951
2960
2955
2956
2956
2953


2951
2957
2953
2960
2949
2960
2955
2956


2930
2595
2016
1693
1969
1847
768
64
304

7
61
511
0
0
0
0
149
615
266
0
0
615
9
4
5
332
0
0
0
491
1310
1493
719
336
961
1
5
04
1213
613
358
257
429
1322
1814
1264

6
93
944
1649
1815
1173
842
711
799
1472
21
5
0
2087
1366
1131
1840
2224
1651
1066
807


783
1109
1995
2366
1691
1245
608
528
431


1014
1296
394
0
0
543
706
81
0
0
118
9
4
4
1861
2071
1589
1600
2482
2930
2703
242
6

2378
2480
2843
2973
2960
2949
2955
2954

2
953
2955
2949
2949
2937
2950
2957
2953
2
9
58
2946
2957
2951
2960
2957
2960
2957
2949


2960
2957
2957
2958
2973
2960
2952
2944


2941
2949
2960
2961
2957
2960
2958
2954
29
5
4
2951
2944
2959
2958
2950
2955
2955
2954


2957
2953
2960
2954
2956
2958
2959
2953

2
958
2948
2957
2960
2953
2943
0
0
0
576

1
082
609
109
404
1197
1441
767
437
298
34
1

957
1665
1595
881
669
1375
1840
1328
7
4
6
511
491
785
1665
2047
1360
927
1418
203
3

1975
1328
1007
880
960
1759
2304
1920

1
246
1220
1905
2221
1535
1104
963
1008
1511


2259
2401
1678
1267
1883
2406
2107
1526


1286
1235
1447
2343
2768
2224
1681
1822
23
0
4
2145
1245
687
391
365
973
1615
1481
7
6
3
655
1535
1945
1103
295
0
0
0
558
875

1
88
0
400
1175
1248
791
723
838
1199
225
4

2887
2704
2330
2555
2957
2958
2913
2893

2
915
2943
2960
2957
2960
2959
2959
2951
2
9
62
2957
2954
2953
2958
2929
2957
2951
2953


2950
2959
2949
2959
2953
2955
2951
2959

2
954
2955
2954
2960
2960
2949
2959
2963
29
4
3
2958
2956
2960
2958
2956
2952
2954
2958


2953
2961
2956
2949
2320
1387
1174
1455
1
2
47
298
0
0
0
80
555
343
0
0
316
763

2
33
0
0
0
128
989
1383
729
335
810
1442

1
314
625
319
208
306
1169
1758
1401
761

7
82
1502
1806
1099
671
487
578
1171
1946
2
0
98
1389
1046
1706
2220
1882
1281
974
851


960
1766
2214
1678
1178
1456
2160
2288
10
2
3
1767
1648
785
400
807
989
179
0
0
0


3
754
1200
613
387
1143
1961
2027
1627
15
7
9
1665
1968
2864
2949
2900
2789
2944
295
8

2971
2945
2943
2958
2949
2961
2954
2955

2
959
2970
2951
2951
2950
2948
2954
2958
2
9
51
2953
2948
2959
2958
2953
2955
2960
29
4
6
2955
2957
2955
2960
2953
2954
2958
2957


2957
2957
2957
2946
2953
2950
2959
2950

2
959
2950
2941
2953
2957
2960
2953
2947
295
6

2962
2962
2953
2957
2959
2958
0
0
26

5
33
367
0
0
491
958
430
16
0
18
398
1307


1658
919
463
917
1559
1439
775
481
399


495
1328
1897
1515
870
928
1687
2007
1392


994
849
910
1456
2224
2331
1616
1250
187
1

2329
1904
1260
997
930
1168
2061
2549
20
1
5
1514
1776
2390
2451
1771
1378
1233
130
1

1989
2613
2457
1823
1667
2369
2782
2192
1
5
35
1143
897
1082
1741
1915
1053
525
985


1570
1433
794
607
679
641
1185
1447
774


0
0
551
860
245
0
0
91
769
1760
2161
16
5
8
1520
2328
2902
2726
2387
2306
2353
265
9

2956
2959
2953
2955
2948
2958
2960
2955

2
951
2955
2951
2957
2960
2954
2950
2952
2
9
33
2949
2958
2951
2958
2958
2928
2960
2950


2955
2959
2946
2953
2958
2960
2943
2954


2957
2960
2954
2955
2954
2947
2942
2945
29
5
4
2959
2953
2967
2863
2914
2811
1952
863


213
0
0
479
794
56
0
0
311
368
0
0
0


0
143
739
666
31
0
802
1328
812
336
16
3

143
466
1328
1655
922
481
986
1615
1474


784
487
370
479
1351
1943
1577
1022
1122


1872
2191
1535
1107
926
958
1440
2173
22
5
2
1437
1019
1629
2138
1836
1271
1040
1041


1295
2154
2559
1966
1437
1677
2309
2375

2
11
661
450
0
0
701
1301
878
597
640
887


1535
2539
2882
2416
2179
2821
2954
2929

2
850
2870
2907
2944
2953
2947
2958
2960
295
8

2956
2959
2960
2947
2954
2955
2954
2955


2956
2954
2960
2960
2955
2956
2949
2959
2
9
61
2957
2949
2960
2955
2951
2951
2951
295
3

2960
2960
2960
2960
2959
2958
2949
2957


2953
2949
2954
2955
2954
2956
2958
2957
2
9
59
2954
2954
2955
2957
2957
2955
2959
295
9

2945
2950
2958
2959
683
0
0
0
0
507

1
177
1038
432
402
1187
1595
922
447
240
27
9

734
1567
1835
1075
637
1162
1746
1557

8
82
598
541
698
1647
2173
1715
1167
1313
2
0
32
2224
1520
1108
902
925
1452
2128
2145


1421
1186
1892
2414
1973
1426
1173
1107
1
3
45
2179
2559
1924
1470
1820
2459
2451
18
0
9
1501
1371
1415
2082
2448
1947
1113
907

1
479
1734
977
473
284
309
802
1691
2133

1
354
695
974
1223
743
0
0
0
0
637
1231
8
5
9
490
887
1831
2241
1789
1652
1700
1904


2672
2951
2951
2864
2899
2960
2962
2951
29
5
4
2950
2960
2959
2958
2950
2960
2944
295
6

2960
2955
2951
2957
2951
2957
2960
2955

2
958
2953
2951
2954
2957
2954
2958
2951
29
5
1
2961
2961
2954
2955
2958
2956
2954
2951


2951
2960
2958
2958
2951
2956
2960
2957

2
864
2376
1804
1847
1982
1407
369
0
507
82
3

147
0
0
0
0
342
640
0
0
154
739
659


66
0
0
64
962
1562
1200
582
624
1333
16
4
2
958
496
351
400
880
1654
1786
1035
64
7

1301
1835
1558
1001
763
721
957
1846
231
8

1745
1211
1465
2101
2143
1369
935
798

9
11
1621
2319
2205
1535
1393
2124
2512
1312


1683
1348
297
0
384
822
400
0
0
0
260


1341
2001
1611
1360
1878
2706
2815
2419


2239
2277
2481
2949
2960
2957
2943
2950
29
5
1
2939
2957
2950
2957
2957
2957
2958
296
4

2949
2955
2955
2954
2951
2955
2955
2950

2
953
2960
2954
2955
2955
2957
2957
2960
2
9
55
2960
2957
2957
2951
2957
2958
2951
2950


2953
2955
2949
2958
2953
2960
2956
2958


2960
2951
2955
2960
2953
2958
2955
2962
29
5
4
2951
2959
2954
2954
2960
0
0
0
119
7
6
3
816
157
0
688
1267
917
375
155
113
317


1191
1645
1007
505
817
1501
1535
805
43
8

330
430
1114
1767
1637
990
911
1696
2133


1535
1040
835
823
1216
2030
2298
1509
10
2
3
1475
2043
1885
1253
994
928
1101
1954


2443
2057
1424
1486
2170
2415
1743
1328
11
6
7
1200
1701
2336
2299
1460
969
1535
1915


1405
710
395
304
477
1367
1831
1254
756

1
095
1882
2245
1555
932
429
197
608
1109


865
111
3
787
1391
929
615
599
833
1423

2
465
2877
2419
2191
2791
2954
2934
2817
2
8
31
2874
2939
2955
2951
2957
2949
2958
2960


2953
2948
2950
2960
2953
2956
2959
2957


2953
2950
2958
2956
2959
2953
2959
2955
29
5
4
2951
2959
2955
2960
2962
2960
2932
295
2

2957
2951
2957
2946
2951
2956
2960
2950

2
979
2954
2958
2960
2953
2591
1799
1845
18
9
9
1211
218
0
0
0
176
505
0
0
0
254
42
9

0
0
0
0
189
880
1005
353
114
863
1414


956
365
140
126
385
1330
1781
1077
571

9
19
1589
1591
893
559
448
606
1453
2087
18
4
4
1243
1226
1965
2320
1685
1215
1007
990


1383
2069
2237
1488
1091
1720
2317
2058
1
6
50
2106
1706
1375
1565
1827
1392
419
0

0

0
538
1173
971
464
667
1612
2189
1727
1
5
19
1523
1759
2384
2950
2945
2800
2758
29
5
0
2953
2957
2951
2957
2954
2957
2950
3001


2956
2970
2959
2955
2959
2955
2958
2958

2
960
2958
2960
2957
2960
2951
2955
2950
295
3

2960
2957
2935
2953
2949
2960
2953
291
0

2960
2961
2955
2957
2958
2945
2952
2951

2
955
2959
2960
2959
2949
2959
2958
2960
29
5
8
2957
2956
2947
2960
162
0
0
0
0
115

3
99
0
0
0
494
498
0
0
0
0
716
1379


1127
483
433
1163
1558
891
438
250
274
73
5

1524
1771
1056
637
1245
1803
1629
1060


787
729
896
1808
2288
1806
1221
1392
2074


2174
1425
980
783
842
1457
2164
2191
152
3

1302
1991
2447
1970
1401
1168
1124
1408

2
272
2624
1959
1461
1793
2311
2147
1317
8
5
1
603
560
1281
1775
1379
707
689
1437
180
1

1156
749
680
990
1525
2059
1852
766
13
0

573
1008
684
87
0
27
292
1406
2085
173
7

1424
1872
2710
2853
2434
2262
2286
2445


2951
2951
2960
2946
2947
2950
2954
2955
29
5
0
2954
2953
2947
2954
2957
2957
2959
295
5

2952
2950
2959
2957
2955
2956
2954
2950

2
955
2958
2961
2960
2959
2959
2958
2949
2
9
57
2959
2956
2956
2961
2959
2960
2947
2953


2955
2959
2973
2949
2953
2953
2843
1984


1171
558
234
688
1054
502
0
0
308
545
0


0
0
0
0
511
734
57
0
410
1034
894
315


90
38
181
1067
1603
1103
567
739
1438

1
614
884
482
307
390
1006
1744
1761
1085
8
8
1
1635
2143
1717
1172
955
940
1211
2063


2403
1667
1142
1510
2083
1975
1330
1023
91
7

1040
1872
2418
2083
1468
1456
441
119

5
11
1041
786
78
13
776
1387
939
637
650
8
9
1
1517
2541
2901
2433
2224
2806
2958
293
0

2819
2809
2843
2925
2958
2959
2947
2958

2
963
2960
2960
2957
2959
2951
2953
2951
2
9
55
2957
2956
2962
2960
2965
2949
2954
2943


2954
2950
2957
2950
2955
2954
2960
2962

2
957
2950
2951
2949
2947
2956
2957
2953
29
5
3
2951
2955
2954
2958
2953
2958
2957
2969


2959
2957
2953
2949
2955
2954
2950
2957

2
962
2957
0
0
496
785
125
0
0
0
275
105
3

1263
561
279
983
1569
1219
623
368
322

5
31
1443
1919
1291
720
933
1614
1713
997


637
485
599
1322
1989
1867
1203
1050
177
6

2205
1637
1099
902
816
1139
1933
2231
14
9
6
1092
1577
2195
2079
1433
1146
1023
107
4

1902
2416
2000
1387
1441
2134
2411
1724

1
281
1054
993
1387
1977
1921
1062
554
111
8

1575
1152
529
267
221
451
1394
1961
1670


1161
1169
1495
1283
298
0
0
0
306
983


944
376
397
1392
2042
1717
1413
1415
1614


2128
2933
2947
2805
2701
2950
2954
2947

2
957
2960
2961
2949
2959
2957
2951
2960
294
7

2954
2960
2950
2950
2954
2954
2957
2957


2949
2947
2957
2955
2957
2963
2971
2955

2
955
2877
2950
2957
2950
2954
2953
2955
295
9

2949
2951
2953
2947
2960
2960
2960
2963


2927
2594
2031
1889
2039
1674
571
0
405

7
77
279
0
0
0
0
224
611
54
0
19
619
7
8
4
149
0
0
19
718
1424
1330
596
417
1126


1583
1017
535
323
299
623
1520
1831
1093


688
1206
1825
1744
1142
877
790
919
1767


2316
1927
1296
1332
1999
2234
1506
1009
7
8
9
802
1318
2101
2231
1555
621
481
717
10
7
9
1631
1595
539
0
241
759
624
29
0
0
1
3
1
1150
1921
1803
1373
1649
2533
2871
2437


2201
2171
2325
2859
2950
2954
2943
2948

2
953
2960
2958
2959
2953
2960
2960
2957
29
4
9
2949
2947
2960
2959
2960
2955
2953
294
7

2959
2956
2948
2959
2949
2960
2951
2957

2
955
2955
2957
2947
2946
2955
2955
2972
2
9
49
2958
2949
2950
2958
2946
2957
2953
2955


2957
2951
2954
2963
2953
2950
2951
2951


2950
2951
2957
2973
556
0
0
0
0
0
363
7
1
5
66
0
321
1014
990
400
173
113
237
10
7
1
1670
1321
709
763
1502
1772
1062
627
41
9

466
983
1728
1847
1138
816
1488
2043
1
7
56
1152
891
834
1041
1915
2355
1744
1190

1
424
2096
2154
1458
1132
1034
1152
1877
2
5
11
2367
1661
1501
2179
2558
1968
1447
1248


1219
1578
2384
2677
2001
1510
1831
2223


1899
1061
583
368
387
1173
1711
1344
735

8
09
1650
2127
1254
542
48
0
175
772
848


77
0
530
1200
1049
625
578
741
1187
2291


2879
2529
2215
2628
2956
2939
2869
2859

2
887
2940
2950
2957
2951
2956
2957
2955
295
4

2947
2938
2953
2960
2946
2957
2957
2958


2935
2957
2960
2954
2956
2960
2951
2960
2
9
51
2955
2960
2958
2961
2960
2955
2960
295
5

2958
2959
2947
2957
2947
2959
2951
2956


2953
2953
2931
2950
2640
1879
1849
1936
1
4
14
422
0
0
0
258
682
254
0
0
393
703
6
4

0
0
0
218
1008
1268
586
285
951
1557


1264
651
386
327
487
1382
1895
1331
735
9
1
2
1599
1749
1043
666
510
607
1323
2071

1
986
1308
1130
1870
2317
1809
1267
999
95
9

1211
2054
2329
1616
1156
1639
2252
2151

1
360
1889
1615
1137
1111
1488
1363
368
0


0
0
258
978
1097
489
413
1327
2018
1793

1
472
1453
1588
2032
2928
2967
2830
2730
2
9
53
2954
2960
2955
2956
2950
2960
2953
2953


2958
2934
2950
2958
2959
2955
2949
2951


2960
2960
2954
2955
2960
2958
2957
2954
29
5
9
2951
2949
2955
2954
2960
2954
2957
295
0

2954
2953
2960
2953
2948
2956
2946
2959

2
957
2955
2959
2959
2957
2959
2960
2958
2
9
51
2958
2957
2951
2951
315
0
0
0
0
0
305


0
0
0
347
608
0
0
0
0
365
1099

1
251
511
183
862
1426
1086
481
266
220
433


1310
1776
1168
641
939
1620
1723
1095
7
7
4
666
781
1506
2162
1995
1328
1183
1875
2
2
95
1649
1068
814
797
1181
1994
2336
1639


1237
1739
2292
2155
1489
1169
1083
1187
2
0
32
2542
2115
1456
1411
2009
2210
1410
87
7

627
565
1040
1716
1779
989
609
1273
1813


1473
912
703
825
1376
2320
2514
1561
64
9

592
1070
1043
274
0
0
38
839
1712
1786


1307
1393
2320
2871
2518
2220
2156
2269

2
733
2933
2960
2951
2948
2960
2954
2957
29
6
0
2953
2960
2955
2949
2960
2954
2949
2949


2975
2950
2958
2951
2952
2947
2955
2957

2
955
2950
2955
2959
2951
2958
2949
2957
295
6

2963
2957
2951
2955
2960
2951
2946
2950


2955
2951
2955
2947
2949
2959
2949
2493
1
6
37
918
481
615
1093
956
31
0
140
507
1
0
1
0
0
0
0
355
818
288
0
206
960
1176
5
2
7
199
110
192
881
1573
1415
731
555
130
3

1722
1145
576
359
346
709
1569
1915
12
0
1
837
1363
1997
1908
1283
990
881
990
181
7

2349
1941
1255
1229
1915
2193
1492
1078


908
985
1524
2279
2398
1847
1173
614
240


309
923
1086
255
0
401
1111
1091
586
502


643
976
2047
2778
2553
2167
2405
2953
29
4
9
2858
2783
2832
2918
2956
2955
2960
2957


2941
2947
2960
2958
2959
2960
2951
2959

2
948
2957
2960
2951
2957
2955
2955
2961
295
6

2947
2955
2959
2944
2950
2951
2956
2960


2954
2947
2955
2961
2953
2931
2956
2953
2
9
54
2956
2960
2957
2958
2959
2947
2951
29
5
9
2953
2949
2957
2953
2954
2950
2962
2954


523
368
0
0
137
546
112
0
0
0
0
691

1
213
613
198
607
1302
1310
613
299
195
292


1061
1713
1470
758
633
1390
1808
1195
6
9
0
510
574
1058
1936
2224
1491
1077
1628
2
1
98
1988
1333
1018
901
971
1786
2240
1745


1150
1302
2016
2269
1617
1231
1057
1110
1
6
97
2356
2339
1635
1359
2075
2537
2101
15
0
7
1212
1098
1255
1952
2186
1350
741
1046

1
629
1499
771
434
335
441
1296
1934
1797


1377
1277
1712
1676
657
10
0
0
144
896
1
1
89
578
371
1203
1983
1917
1529
1501
1637


1969
2890
2953
2870
2733
2942
2953
2950
2
9
56
2954
2957
2955
2953
2950
2957
2951
29
5
7
2959
2951
2949
2970
2960
2953
2991
2957


2931
2952
2950
2957
2958
2959
2954
2986

2
959
2951
2956
2954
2955
2954
2955
2960
293
2

2955
2960
2949
2950
2954
2959
2948
2953


2960
2911
2607
2284
2412
2145
939
145
336


715
426
0
0
0
0
6
356
25
0
0
337
67
8

33
0
0
0
279
1074
1270
540
129
755
135
5

1083
494
241
200
359
1233
1718
1171
62
9

858
1565
1705
1072
741
646
748
1393
2093


2031
1325
1089
1777
2222
1679
1041
814

7
52
1068
1939
2310
1621
1227
1698
745
125
8

2154
2322
1366
496
511
1014
1022
273
0

0

134
939
1808
1898
1402
1450
2382
2887

2
518
2210
2149
2270
2704
2951
2950
2945
294
9

2950
2954
2959
2958
2953
2958
2951
2951


2958
2953
2952
2955
2951
2960
2951
2955
2
9
57
2949
2953
2957
2953
2945
2953
2944
295
3

2951
2957
2950
2931
2951
2955
2953
2947

2
954
2960
2955
2955
2951
2958
2953
2947
2
9
49
2957
2957
2943
2956
2955
2950
2947
2951


2958
2945
0
247
630
190
0
0
0
0
363

8
05
277
0
204
938
1136
480
166
56
133
814


1503
1437
720
576
1319
1778
1179
611
37
9

363
718
1585
1904
1178
799
1349
1959
184
0

1222
919
848
990
1817
2367
1967
1305
1
3
00
1958
2185
1522
1104
960
1040
1593
2345


2431
1727
1383
1987
2480
2109
1509
1264

1
233
1434
2251
2642
1961
1346
1459
1999
195
2

1122
659
418
446
1072
1717
1600
907
76
5

1569
2205
1878
1264
731
363
388
987
117
0

379
0
386
1125
1100
573
466
571
896
194
7

2697
2529
2127
2320
2943
2951
2843
2672


2806
2896
2960
2956
2944
2960
2954
2947
2
9
59
2954
2950
2957
2959
2955
2958
2956
29
4
8
2958
2960
2946
2953
2957
2961
2953
2956


2953
2960
2955
2956
2950
2960
2958
2957

2
954
2958
2949
2957
2955
2959
2960
2958
295
4

2955
2959
2958
2955
2759
1981
1678
1794


1457
386
0
0
0
37
443
234
0
0
122
511


0
0
0
0
0
705
1133
511
129
592
1233
1
1
50
465
187
91
222
1087
1671
1309
635
662


1381
1697
1008
549
387
432
1004
1847
204
6

1342
1015
1662
2206
1862
1251
957
859
1
0
08
1834
2256
1680
1162
1403
2063
2199
1566


1957
1783
1383
1397
1847
1818
798
64
0


0
116
848
1168
539
275
1066
1859
1825
143
4

1394
1527
1851
2815
2946
2839
2649
2921


2955
2950
2949
2949
2944
2954
2959
2951
2
9
54
2955
2944
2950
2960
2957
2959
2960
29
5
4
2960
2958
2958
2954
2957
2949
2953
295
0

2949
2951
2954
2955
2960
2959
2955
2957

2
959
2959
2958
2951
2949
2955
2947
2950
29
5
5
2951
2956
2946
2955
2953
2951
2953
2958


2950
2954
2947
2957
2953
1
0
0
0
36
46
5

272
0
0
390
849
272
0
0
0
271
1129
1
4
89
736
304
833
1455
1358
718
405
307
368


1199
1760
1358
735
799
1530
1846
1207
84
8

727
781
1325
2098
2219
1488
1145
1747
22
5
0
1835
1189
893
817
1008
1899
2383
1843


1366
1664
2288
2352
1647
1285
1104
1138
18
3
8
2478
2327
1597
1361
1958
2320
1648
100
8

685
560
839
1602
1875
1090
614
1076
16
8
3
1601
939
708
693
1149
2160
2499
1772
74
9

528
1034
1205
429
0
0
46
651
1614
196
8

1431
1232
2099
2770
2599
2203
2151
2209

2
480
2937
2952
2949
2937
2951
2957
2950
2
9
50
2957
2947
2953
2958
2961
2956
2945
2954


2953
2949
2954
2946
2960
2970
2960
2955

2
958
2960
2957
2955
2959
2956
2956
2955
29
5
9
2954
2957
2951
2956
2955
2948
2928
2928


2962
2954
2949
2953
2937
2953
2958
2533
1
6
65
918
419
387
931
1030
96
0
0
399
222


0
0
0
0
183
676
377
0
0
710
1127
525

1
47
0
37
490
1299
1520
785
410
1049
1607


1312
703
400
309
477
1376
1897
1359
850

1
136
1860
2034
1385
1011
866
951
1648
227
3

2112
1358
1122
1818
2230
1645
1142
985
9
7
4
1386
2214
2545
1840
1389
1805
438
261


867
1171
432
0
210
935
1137
582
429
497

8
03
1738
2559
2608
2142
2153
2893
2949
28
4
6
2691
2710
2819
2958
2959
2960
2951
2945


2955
2953
2954
2948
2957
2960
2957
2954

2
958
2949
2955
2938
2958
2959
2959
2954
295
6

2955
2957
2946
2955
2959
2937
2951
2954


2945
2958
2958
2951
2951
2960
2951
2957


2958
2960
2955
2950
2960
2959
2954
2958
29
5
5
2957
2960
2958
2957
2955
2960
2957
295
4

2959
2959
2957
71
461
165
0
0
0
0
554


1090
631
130
373
1123
1301
576
208
58
1
5
1
825
1535
1525
785
535
1253
1744
1251
69
8

505
464
813
1806
2166
1490
1089
1525
21
2
8
2019
1350
1037
864
916
1674
2210
1807

1
168
1199
1917
2224
1611
1242
1060
1062
15
6
3
2298
2420
1712
1332
1977
2487
2176
1535


1194
1050
1104
1823
2163
1472
821
961
15
8
2
1651
902
529
403
479
1213
1936
1914
1
5
35
1446
1923
2000
1053
242
0
0
59
838
12
4
4
623
298
970
1822
1921
1509
1436
1535

1
817
2754
2949
2887
2695
2879
2954
2951
295
3

2945
2957
2953
2953
2959
3029
2955
2954


2954
2951
2960
2954
2950
2951
2946
2955
2
9
56
2942
2960
2957
2954
2958
2944
2955
296
1

2955
2952
2953
2958
2944
2955
2955
2958

2
954
2957
2948
2951
2948
2959
2948
2960
2
9
49
2953
2867
2585
2717
2559
1491
510
400

8
34
747
0
0
0
0
0
435
307
0
0
339
830


341
0
0
0
237
1167
1535
834
359
785
14
5
2
1367
706
449
316
403
1237
1823
1468
811


845
1591
1919
1266
873
710
754
1287
208
7

2221
1501
1143
1769
2285
1931
1281
1006

9
02
1055
1934
2412
1866
1342
583
485
825


1675
2074
1520
547
189
751
1088
416
0
0

0

450
1445
1971
1460
1249
2000
2750
2707


2312
2240
2263
2491
2954
2956
2949
2946
29
5
2
2951
2960
2954
2951
2956
2960
2951
295
7

2951
2959
2954
2957
2950
2955
2951
2955

2
951
2950
2947
2954
2954
2951
2955
2959
2
9
57
2960
2957
2959
2950
2944
2957
2957
2954


2958
2947
2959
2956
2954
2944
2958
2952


2955
2960
2954
2942
2960
2963
2959
2959
29
5
7
2956
2958
2949
358
322
0
0
0
0
37
5
8
0
481
0
0
613
1135
651
194
26
41
357
12
4
6
1623
903
462
909
1535
1425
752
443
34
1

435
1287
1892
1532
927
1002
1754
2087
14
2
3
1006
823
835
1350
2114
2253
1474
1046


1606
2112
1798
1187
912
881
1134
2039
2531


1950
1392
1619
2256
2359
1701
1363
1216


1297
1989
2627
2428
1679
1378
1936
2220
15
2
7
864
511
378
654
1482
1805
1040
640
11
5
3
1865
1995
1456
940
457
203
784
1207
749


55
87
848
1308
743
497
495
737
1477
24
6
3
2783
2267
2083
2779
2955
2896
2741
2718


2814
2942
2946
2959
2955
2955
2949
2959

2
956
2959
2959
2953
2951
2959
2960
2961
2
9
54
2957
2957
2961
2959
2955
2960
2945
2966


2956
2949
2955
2958
2987
2955
2954
2958


2951
2949
2960
2958
2951
2959
2952
2951
29
5
1
2953
2949
2953
2945
2405
1743
1909
185
8

929
100
0
0
0
367
595
0
0
0
382
325

0

0
0
0
380
1042
815
254
304
1077
1461

8
07
368
155
185
660
1475
1680
912
480
104
7

1632
1376
773
509
430
631
1605
2176
168
7

1123
1339
2022
2161
1487
1139
931
987
16
0
5
2238
2034
1309
1136
1885
2329
1827
135
3

1163
1118
1229
1518
1771
1266
328
0
0
0


511
1119
880
381
583
1501
2032
1615
139
2

1424
1661
2320
2944
2945
2785
2677
2945

2
956
2957
2950
2958
2958
2950
2948
2960
2
9
51
2957
2958
2960
2948
2960
2951
2957
2954


2951
2947
2958
2946
2954
2957
2956
2955


2957
2955
2955
2957
2950
2959
2951
2946
29
5
4
2957
2957
2959
2957
2947
2959
2954
295
5

2957
2962
2957
2950
2954
2954
2951
2950

2
948
2957
2952
2949
2955
2945
0
0
0
210


531
0
0
22
562
595
0
0
0
0
767
1439

1
203
511
468
1230
1647
974
511
325
315
7
1
7
1534
1778
1009
587
1173
1758
1515
965
7
4
9
661
837
1756
2301
1847
1273
1402
2069


2238
1501
1063
825
859
1459
2188
2195
150
9

1250
1982
2415
1968
1417
1168
1136
1405


2276
2657
2003
1569
1895
2416
2290
1535
1
0
58
768
702
1422
1903
1501
770
705
1399
17
7
6
1139
707
577
757
1473
2150
2035
928
2
1
3
560
991
652
78
0
0
71
1127
1858
1555

1
200
1648
2531
2789
2346
2150
2142
2306
2
9
39
2954
2952
2950
2951
2947
2951
2959
2954


2959
2949
2957
2949
2950
2959
2951
2957


2951
2950
2955
2957
2954
2957
2958
2955
29
5
4
2973
2951
2951
2957
2957
2946
2951
295
4

2954
2955
2956
2953
2956
2945
2928
2951

2
960
2957
2954
2947
2951
2957
2927
2237
14
0
9
706
303
679
1022
511
0
0
141
400
0

0

0
0
0
336
624
0
0
269
910
834
273
48


0
90
927
1523
1155
551
623
1354
1616
92
7

487
306
336
880
1680
1819
1097
813
1498


2066
1726
1171
913
867
1065
1919
2361
17
5
7
1170
1370
1984
2037
1344
997
871
976

1
685
2369
2229
1522
1330
2031
2447
1878
139
2

1189
1186
0
386
1023
944
451
368
432

7
63
1904
2643
2374
1985
2279
2928
2944
2761


2647
2686
2845
2950
2951
2953
2948
2963


2957
2954
2957
2956
2959
2950
2958
2955
29
5
7
2960
2957
2949
2958
2955
2959
2957
295
7

2960
2955
2951
2958
2950
2957
2951
2928

2
947
2958
2951
2960
2949
2975
2960
2971
295
4

2954
2955
2950
2951
2953
2960
2947
2955


2957
2956
2953
2959
2954
2946
2955
2954
2
9
55
2946
2960
2947
2958
0
0
0
0
0
630

9
89
320
0
543
1172
1054
398
118
38
128
1005
1637
1254
635
671
1393
1722
1053
614

4
38
499
1097
1919
2086
1375
1055
1718
2230


1873
1271
1019
884
1055
1891
2319
1712
1
1
52
1412
2087
2190
1535
1219
1071
1117
1799


2401
2169
1507
1389
2104
2497
1926
1456


1200
1119
1418
2098
2209
1336
743
1168
166
1

1424
727
406
272
416
1343
1961
1703
13
9
4
1462
1885
1769
736
96
0
0
281
1011
115
4

535
400
1234
1952
1762
1445
1415
1559

1
961
2896
2949
2837
2673
2951
2951
2949
2
9
47
2955
2957
2959
2954
2960
2948
2953
2957


2946
2952
2951
2957
2960
2949
2953
2959


2954
2949
2953
2947
2957
2954
2955
2956
29
5
7
2957
2960
2958
2949
2958
2939
2976
295
4

2957
2956
2950
2955
2939
2951
2955
2958

2
951
2939
2738
2489
2663
2421
1264
448
60
5

999
734
0
0
0
0
237
711
384
0
0
600

9
78
384
0
0
0
487
1330
1567
816
406
971


1555
1259
638
403
291
441
1323
1833
1301


735
944
1635
1806
1184
881
745
795
1474

2
167
2132
1420
1159
1865
2306
1745
1158
878


786
1074
1990
2357
1697
758
511
532
997


1847
2070
1117
245
270
805
831
140
0
0

4
8
778
1678
1807
1328
1357
2245
2848
2489


2193
2147
2222
2667
2959
2953
2946
2941
2
9
57
2949
2955
2949
2957
2960
2983
2951
29
5
7
2960
2960
2959
2953
2958
2949
2955
2951


2960
2951
2960
2955
2953
2988
2947
2955

2
949
2954
2958
2954
2950
2960
2957
2950
296
0

2960
2961
2956
2978
2961
2955
2953
2959


2955
2960
2955
2979
2955
2953
2954
2947
2
9
55
2950
2958
2959
497
165
0
0
0
0
193


673
238
0
35
689
983
368
67
0
48
611
1
3
65
1414
663
363
1067
1584
1183
614
368
28
9

509
1424
1889
1216
762
1151
1813
1847

1
230
934
803
873
1677
2277
2015
1317
1199

1
846
2160
1503
1060
879
880
1374
2195
243
1

1697
1232
1798
2318
2070
1438
1199
1098

1
242
2160
2606
2034
1385
1455
1987
1968
1
1
53
637
365
346
955
1633
1530
790
635
1395


1973
1701
1216
720
337
336
969
1174
341


0
353
1009
1086
560
463
570
858
1927
270
3

2541
2112
2293
2937
2954
2826
2695
2715


2848
2959
2956
2961
2960
2955
2960
2960
2
9
57
2957
2959
2960
2960
2947
2956
2955
29
5
0
2960
2960
2959
2960
2955
2951
2951
2960


2959
2958
2951
2905
2958
2959
2959
2957
2
9
53
2957
2947
2959
2958
2957
2959
2954
29
5
3
2956
2953
2949
2894
2330
2022
2126
177
6

717
97
0
0
146
640
464
0
0
270
704
17
7

0
0
0
18
835
1275
629
246
733
1399
1
3
07
624
307
177
274
1129
1751
1423
731
752


1459
1778
1104
641
458
463
990
1868
207
8

1343
974
1607
2167
1868
1267
1008
926
10
5
6
1901
2348
1753
1159
1409
2095
2225
158
3

1243
1689
1217
1200
1701
1775
810
69
0

0

20
759
1136
535
214
913
1744
1798
1407


1358
1455
1735
2741
2959
2850
2657
2904
2
9
50
2950
2949
2947
2970
2955
2951
2950
2959


2953
2960
2959
2960
2954
2961
2954
2951


2959
2951
2947
2958
2950
2949
2951
2951
29
5
1
2956
2960
2959
2960
2954
2955
2955
295
8

2949
2955
2949
2945
2950
2969
2961
2958


2957
2951
2960
2950
2953
2948
2945
2960
2
9
49
2955
2954
2939
2955
2957
0
0
0
28
4
3
5
197
0
0
345
752
189
0
0
0
269
1137
1
4
73
765
302
848
1422
1231
638
367
276
35
9

1234
1802
1358
736
848
1574
1805
1127
81
6

679
727
1335
2128
2179
1441
1140
1805

2
273
1847
1220
908
804
1040
1933
2389
1772


1296
1636
2271
2277
1577
1227
1086
1156

1
926
2514
2231
1554
1423
2039
2291
1578
976


666
566
911
1680
1855
1072
578
1173
176
0

1535
931
721
672
1035
2233
2658
1822
870


681
1136
1167
379
0
0
0
639
1565
1787

1
247
1206
2080
2739
2478
2119
2035
2121
24
6
4
2955
2951
2944
2935
2955
2955
2957
2951


2949
2960
2955
2951
2957
2947
2954
2947
2
9
59
2953
2961
2947
2958
2950
2963
2958
29
5
7
2958
2947
2954
2951
2951
2946
2951
2960


2959
2949
2959
2960
2955
2954
2943
2931

2
960
2950
2959
2955
2945
2954
2955
2816
214
7

1392
800
823
1268
1165
173
0
143
528

1
92
0
0
0
0
254
710
231
0
70
752
985
35
4

64
0
59
664
1425
1409
682
443
1168
16
7
8
1214
649
400
342
610
1520
1926
1233
791


1215
1881
1871
1265
958
821
909
1730
23
4
1
2006
1328
1246
1881
2181
1509
1066
881

9
12
1406
2210
2399
1657
1261
1808
598
421


977
1243
423
0
220
887
1050
503
338
39
6

695
1712
2543
2558
2107
2162
2893
2954
2
8
29
2707
2703
2816
2951
2957
2948
2951
29
5
7
2960
2960
2958
2963
2947
2960
2955
2950


2958
2949
2960
2951
2954
2950
2951
2951

2
946
2951
2951
2955
2960
2959
2990
2957
295
9

2959
2957
2957
2956
2956
2943
2955
2955


2949
2956
2951
2957
2951
2953
2957
2958
29
5
4
2956
2959
2949
2954
2948
2957
2959
296
0

2959
2960
0
32
384
0
0
0
0
0
551
1017


432
22
444
1162
1210
535
215
81
168
95
5

1640
1399
734
656
1367
1761
1136
656
480


495
983
1879
2155
1451
1056
1642
2191
1
9
55
1338
1049
923
1011
1842
2306
1798
1179


1350
2074
2272
1639
1266
1077
1111
1698

2
383
2341
1651
1382
2042
2518
2115
1535
123
9

1115
1286
2015
2288
1465
859
1122
1697


1601
860
532
370
443
1305
1953
1713
1336


1535
2098
2136
1114
334
0
0
211
976
1239


576
281
1034
1789
1737
1333
1300
1392
1
7
36
2754
2949
2826
2615
2887
2953
2954
295
1

2947
2953
2954
2950
2951
2953
2957
2955

2
951
2951
2960
2954
2956
2960
2949
2958
2
9
49
2950
2949
2954
2956
2957
2960
2952
2953


2961
2960
2957
2955
2951
2958
2952
2958


2956
2950
2947
2958
2960
2959
2960
2964
29
5
5
2949
2847
2522
2647
2475
1370
383
281


718
615
0
0
0
0
0
327
191
0
0
206
656


176
0
0
0
79
970
1391
689
261
694
1350


1285
640
368
270
336
1166
1744
1373
742

7
36
1461
1793
1151
815
646
700
1219
2047

2
221
1468
1096
1696
2223
1881
1203
893
752


893
1806
2293
1792
1276
1527
2203
2303
1
9
14
2447
1875
848
446
926
1176
445
0
0
0


442
1415
1893
1362
1167
1919
2693
2622

2
192
2075
2141
2381
2958
2958
2951
2943
295
7

2947
2956
2951
2949
2954
2960
2957
2960


2960
2956
2955
2949
2959
2951
2960
2960
2
9
60
2954
2957
2951
2950
2957
2947
2949
29
5
5
2944
2957
2953
2958
2957
2946
2954
2950


2950
2960
2958
2953
2960
2957
2959
2954

2
947
2959
2958
2953
2949
2957
2955
2956
295
1

2953
2956
2961
2958
555
0
0
0
0
128

6
77
537
0
0
688
1235
703
286
151
178
592
1429
1731
995
550
1063
1668
1520
893
570
445
502
1339
1914
1535
917
1023
1787
2095


1439
1050
881
929
1449
2213
2288
1535
1
1
27
1713
2181
1786
1214
944
881
1114
2022

2
493
1914
1360
1639
2270
2335
1655
1314
1
1
79
1239
1968
2543
2262
1507
1295
1839
2106


1361
749
434
351
696
1510
1802
1063
615


1189
1817
1813
1449
1040
624
384
909
1259


651
0
91
797
1147
579
334
367
587
1366


2351
2616
2095
1947
2729
2956
2862
2624
25
5
1
2665
2914
2951
2955
2957
2951
2954
295
7

2947
2956
2955
2953
2949
2953
2960
2957

2
953
2958
2953
2955
2957
2955
2956
2955
2
9
54
2957
2959
2959
2960
2955
2955
2953
2960


2953
2960
2951
2960
2955
2948
2942
2939


2956
2950
2960
2959
2944
2512
1847
1941
19
0
5
922
82
0
0
0
304
526
0
0
0
321
219


0
0
0
0
340
896
650
113
208
995
1391
7
2
6
275
102
128
626
1461
1643
896
494
108
7

1648
1328
693
443
371
571
1566
2091
1567


1059
1331
2013
2155
1471
1125
966
1017

1
629
2239
2059
1341
1123
1841
2307
1785
1
2
80
1095
1342
1214
1845
2085
1401
455
0
0


0
677
1185
688
272
640
1535
1891
1407
1
2
83
1349
1591
2430
2953
2898
2654
2672
2953


2951
2958
2949
2946
2951
2958
2958
2960


2958
2958
2955
2961
2959
2959
2945
2952
29
5
4
2951
2960
2955
2957
2957
2953
2959
2949


2947
2951
2958
2951
2959
2949
2951
2958
2
9
59
2956
2959
2949
2957
2960
2957
2949
29
5
0
2955
2949
2959
2960
2958
2960
2953
2949


2951
2951
2953
2951
2960
2938
0
0
0
285


373
0
0
128
619
377
0
0
0
7
902
1472


926
400
614
1269
1425
739
390
247
296
9
5
5
1638
1535
826
653
1387
1884
1345
882
71
9

719
1093
1949
2282
1599
1123
1574
2170


2030
1322
970
791
848
1691
2256
1933
1339
1399
2134
2425
1749
1301
1129
1148
1667

2
407
2559
1817
1483
2061
2487
2047
1345
9
39
734
799
1585
1977
1327
731
925
1614
170
8

998
655
528
774
1750
2416
1997
971
458


931
1235
573
47
0
0
327
1344
1899
1363


1115
1801
2559
2608
2156
2071
2079
2305
29
4
7
2951
2956
2942
2957
2954
2960
2955
294
3

2955
2953
2951
2954
2948
2955
2958
2963

2
959
2951
2946
2953
2960
2960
2946
2959
2
9
51
2958
2959
2957
2949
2960
2950
2948
2955


2949
2953
2957
2959
2948
2949
2942
2957


2960
2960
2952
2957
2958
2951
2907
2307
14
9
4
823
501
1008
1226
447
0
0
366
445
0


0
0
0
0
496
496
0
0
445
981
631
158
0


14
281
1200
1603
893
433
836
1505
1481

8
12
485
336
399
1223
1843
1535
909
965
177
1

2117
1495
1072
891
944
1408
2179
2337
16
2
7
1158
1690
2163
1839
1238
991
939
1118


2032
2498
1995
1461
1617
2288
2389
1712
1339
1200
175
0
647
1130
604
230
223
430
1056
2113
2629
2103
1875
2497
2945
2879
264
5

2559
2655
2841
2953
2958
2951
2957
2961


2945
2958
2949
2960
2956
2955
2956
2950


2951
2957
2960
2957
2960
2955
2956
2956
29
5
1
2957
2955
2957
2954
2951
2957
2955
296
0

2951
2955
2942
2955
2963
2960
2957
2954

2
963
2953
2952
2959
2957
2957
2948
2959
2
9
59
2958
2955
2949
2948
2955
2959
2951
2951


2957
2958
2959
2955
464
0
0
0
0
350
9
5
0
827
242
234
1043
1517
907
413
194
210

6
10
1456
1761
1009
562
1074
1654
1487
801


526
444
576
1513
2102
1673
1099
1267
1968


2162
1459
1048
866
932
1446
2047
1997
1
2
53
981
1695
2207
1783
1261
1051
983
1233

2
126
2482
1805
1326
1721
2323
2269
1594
1
1
83
980
961
1646
2098
1648
869
774
1402
16
8
1
959
465
282
326
817
1632
1868
1251
11
5
1
1869
2179
1511
546
5
0
0
624
1136
666


211
570
1488
1838
1317
1199
1281
1535
23
8
4
2938
2874
2590
2637
2946
2950
2947
2935


2937
2951
2954
2947
2950
2958
2961
2954
2
9
60
2955
2958
2957
2957
2959
2954
2950
294
9

2957
2957
2960
2960
2949
2956
2950
2957


2960
2957
2951
2960
2950
2960
2955
2957
29
4
6
2953
2947
2931
2951
2955
2951
2971
295
1

2910
2629
2606
2559
1824
656
176
604
838


90
0
0
0
0
222
471
0
0
64
577
509
0


0
0
0
737
1387
1094
497
531
1237
1584
8
8
0
437
298
320
817
1583
1719
949
599
126
4

1814
1469
923
745
719
928
1858
2337
1770


1242
1477
2117
2192
1411
962
759
838
15
3
5
2230
2138
1488
1366
2093
2513
1919
138
2

1147
1131
501
771
1082
666
0
0
0
59
10
1
0
1712
1395
1059
1535
2416
2735
2227
202
2

2062
2288
2926
2954
2951
2932
2954
2956

2
950
2960
2947
2950
2960
2951
2957
2956
29
5
5
2955
2954
2955
2950
2954
2959
2947
2951


2959
2955
2960
2967
2954
2954
2954
2953

2
954
2950
2958
2956
2951
2955
2952
2960
294
7

2955
2957
2959
2947
2954
2960
2953
2959


2955
2957
2951
2953
2951
2955
2987
2960
2
9
51
2959
2955
2955
2954
2955
2955
0
0
38
2

569
0
0
317
919
731
158
2
0
161
1035

1
535
1061
511
701
1456
1623
910
486
342

3
92
976
1706
1696
984
790
1563
2077
1651
1
1
01
901
899
1186
2039
2415
1724
1200
1520


2071
1989
1283
1005
967
1055
1882
2465
2145
1516
1502
2205
2480
1808
1325
1191
1219
1670
2322
2384
1570
1086
1593
2027
1615
894
562
430
576
1398
1847
1297
805
1055
1783
1993
1535
1417
1172
892
1162
1487
1136
277
60
736
1255
758
328
306
496
1072

2128
2660
2160
1911
2497
2951
2897
2640
255
9

2675
2864
2955
2951
2953
2959
2956
2958


2954
2949
2950
2957
2951
2951
2955
2959
2
9
57
2949
2951
2961
2957
2958
2961
2958
29
5
1
2955
2955
2954
2960
2947
2951
2960
2951


2951
2952
2955
2960
2956
2950
2955
2950

2
987
2949
2953
2950
2955
2832
2278
2320
222
5

1373
368
0
0
0
288
588
0
0
0
275
35
3

0
0
0
0
177
811
813
189
80
867
1377
8
9
3
331
127
104
385
1302
1725
1040
576
971


1591
1519
832
540
417
551
1401
2032
1770


1177
1219
1938
2285
1616
1151
962
1014

1
424
2122
2219
1450
1090
1727
2261
1971
140
5

1152
1419
1087
1488
1978
1801
720
75
0


0
297
957
953
358
245
1131
1808
1497
118
4

1178
1407
1874
2841
2944
2702
2530
2943


2950
2956
2946
2944
2946
2942
2928
2953
2
9
51
2958
2955
2950
2949
2949
2954
2948
29
5
0
2949
2954
2955
2960
2959
2957
2958
2955


2953
2950
2954
2960
2954
2947
2954
2959

2
951
2953
2953
2957
2953
2958
2949
2953
295
4

2953
2949
2959
2951
2957
2951
2955
2960


2959
2960
2955
2960
2960
2958
0
0
0
110


439
0
0
0
432
624
0
0
0
0
432
1192

1
219
528
274
994
1469
991
419
235
220
503


1377
1776
1090
612
1034
1669
1626
938
68
8

625
734
1571
2175
1856
1232
1265
2002
22
9
9
1581
1015
784
785
1248
2031
2242
1569


1223
1852
2385
2055
1405
1194
1099
1264
21
2
3
2549
1989
1486
1712
2291
2304
1498
987


715
675
1242
1777
1562
833
653
1347
1797


1219
715
562
642
1226
2311
2512
1509
718


850
1237
957
170
0
0
48
941
1662
1517
1
1
01
1343
2254
2720
2243
1987
1968
2178
27
7
9
2958
2947
2935
2927
2957
2949
2953
2959


2959
2958
2958
2959
2959
2951
2957
2947

2
951
2954
2960
2959
2954
2960
2960
2955
2
9
57
2960
2977
2954
2959
2957
2950
2960
2953


2950
2955
2951
2951
2956
2955
2945
2940


2957
2951
2959
2956
2949
2954
2954
2753
20
7
1
1346
843
959
1323
982
49
0
237
569
4
1

0
0
0
0
263
679
73
0
145
823
930
286


14
0
102
846
1471
1271
625
547
1305
1734


1104
588
353
387
774
1598
1881
1155
755


1371
1990
1819
1205
947
897
1013
1856
233
8

1861
1263
1339
1967
2149
1415
1043
926
1
0
54
1671
2351
2369
1648
1359
2001
939
919


1345
1328
395
0
442
1040
869
335
231
351


705
1836
2512
2241
1891
2242
2922
2931

2
681
2520
2559
2795
2945
2954
2954
2956
295
4

2959
2958
2955
2951
2949
2958
2953
2954


2953
2950
2957
2949
2953
2960
2953
2954
2
9
47
2960
2957
2959
2950
2947
2944
2955
29
5
4
2954
2951
2958
2950
2946
2950
2958
2949


2947
2958
2951
2960
2956
2954
2950
2960

2
953
2951
2953
2950
2956
2950
2949
2948
2
9
58
2956
2947
0
196
464
0
0
0
0
9
671
9
5
1
291
9
653
1271
1088
445
176
119
257

1
146
1680
1199
660
816
1493
1703
959
577
4
6
4
511
1142
1902
1920
1250
1022
1747
2202


1762
1177
963
970
1205
1998
2285
1558
10
7
2
1488
2128
2096
1442
1166
1086
1168
1925


2441
2098
1475
1488
2165
2479
1819
1371

1
150
1103
1505
2128
2159
1323
828
1360
1799


1406
718
441
388
593
1457
1968
1485
1186

1680
2256
2058
963
287
0
0
395
1050
1040
423
302
1187
1886
1581
1233
1251
1471
1943
2871
2951
2736
2590
2944
2949
2951
2944
2951
2955
2958
2957
2950
2957
2954
2960
2960
2959
2969
2953
2959
2955
2953
2957
2960
2959
2953
2928
2959
2946
2958
2955
295
7

2951
2960
2955
2958
2958
2946
2959
2952

2
954
2959
2960
2939
2947
2953
2949
2953
29
6
0
2950
2851
2755
2768
2345
1136
315
565


881
428
0
0
0
0
51
390
0
0
0
362
589

0

0
0
0
380
1171
1289
594
311
957
1487


1053
448
272
303
543
1408
1810
1187
688
1
0
36
1702
1713
1007
743
702
853
1629
2215


1946
1318
1295
1994
2339
1643
1107
850
8
5
8
1297
2072
2305
1611
1248
1845
2387
912

2
055
2465
1611
757
705
1090
1040
181
0
0


0
661
1474
1559
1092
1149
2101
2734
2336


2011
1987
2134
2559
2956
2953
2929
2928

2
959
2954
2958
2950
2947
2958
2951
2950
295
9

2950
2947
2960
2959
2960
2955
2948
2956


2959
2959
2960
2963
2954
2953
2953
2955
2
9
60
2954
2949
2956
2951
2958
2947
2951
29
5
7
2947
2957
2959
2957
2957
2959
2955
2953


2960
2957
2958
2960
2953
2958
2955
2953
2
9
60
2955
2958
2955
528
103
0
0
0
0
144

5
46
70
0
36
679
947
304
4
0
80
688
1399
1355
653
413
1165
1675
1193
608
388
394

6
57
1535
1927
1254
816
1282
1957
1915
126
2

973
882
990
1766
2321
2000
1360
1337
197
9

2226
1533
1097
958
996
1505
2251
2419

1
711
1346
1933
2421
2115
1488
1232
1215
139
2

2256
2659
2021
1414
1599
2129
2073
1226


750
544
549
1154
1775
1590
905
791
1553

2
058
1617
1392
1150
866
848
1325
1402
496


0
412
1075
1042
461
314
418
752
1782
254
7

2402
1993
2175
2923
2951
2753
2599
2640
2785
2948
2934
2955
2949
2943
2961
2960
2953
2955
2950
2955
2960
2949
2959
2957
2960
2954
2958
2959
2959
2951
2956
2960
2953


2957
2960
2955
2949
2959
2957
2948
2954

2
951
2947
2957
2947
2955
2955
2927
2942
295
6

2949
2944
2955
2928
2487
2205
2238
1808


653
0
0
0
23
422
177
0
0
64
374
0
0

0

0
0
503
880
251
0
479
1183
1117
437

1
34
65
174
1013
1591
1271
641
693
1414
1
7
01
1013
562
406
464
976
1801
2000
1305
100
7

1675
2197
1853
1246
993
912
1088
1888

2
259
1680
1123
1392
2071
2200
1535
1181
109
8

1162
1808
2395
2261
1565
279
0
0
211

8
51
963
346
183
1019
1719
1518
1169
1184
1
3
76
1795
2790
2950
2736
2541
2903
2950
29
4
9
2940
2945
2945
2959
2957
2949
2950
2945


2961
2950
2960
2947
2960
2945
2953
2958

2
957
2942
2955
2950
2955
2955
2951
2950
295
5

2957
2956
2958
2955
2956
2957
2960
2960


2958
2954
2958
2955
2959
2951
2957
2960
2
9
56
2949
2951
2955
2940
2961
2960
2958
29
5
4
2959
2951
2955
2955
2957
2955
2957
2946


2956
0
0
0
336
553
0
0
0
0
351
1090
1
2
05
523
263
944
1456
1033
447
242
259
486
1375
1808
1124
642
1023
1678
1680
983
710
666
800
1597
2199
1927
1308
1294
1968
2310
1634
1115
858
847
1264
2075
2272
1582
1226
1840
2370
2122
1465
1167
1099
1239
2116
2546
2054
1570
1751
2325
2379
1595
1
0
77
810
790
1338
1875
1639
882
683
1365
18
1
4
1242
713
562
647
1172
2298
2559
1600

8
01
944
1298
978
222
0
0
46
924
1619
1473


1046
1330
2239
2710
2235
1991
2005
2214

2
768
2954
2959
2942
2929
2955
2955
2959
29
4
9
2954
2954
2958
2958
2959
2955
2946
2956


2958
2955
2950
2960
2955
2960
2959
2955

2
955
2957
2960
2954
2958
2960
2944
2958
295
9

2974
2951
2955
2951
2954
2951
2953
2938
2951
2931
2951
2949
2958
2954
2951
2717
1987
1257
770
886
1232
941
16
0
206
546
32
0
0
0
0
272
656
52
0
129
755
867
250


1
0
127
847
1461
1222
585
496
1232
166
3

1019
530
343
365
743
1531
1810
1094
710


1314
1931
1760
1140
858
816
976
1813
228
8

1829
1246
1329
1936
2080
1367
1023
905
9
8
6
1604
2273
2322
1626
1335
1969
2429
848


1279
1323
438
0
354
976
923
352
240
34
9

670
1695
2449
2323
1926
2146
2896
2946
2
7
28
2559
2589
2800
2951
2955
2957
2956
2960


2951
2954
2959
2954
2953
2956
2954
2951


2959
2954
2957
2955
2959
2957
2953
2953

2
949
2945
2954
2955
2961
2950
2945
2960
293
5

2954
2957
2959
2960
2951
2950
2955
2954


2979
2955
2956
2955
2954
2957
2949
2955
2
9
59
2955
2960
2958
2959
2955
2954
2958
295
8

2949
2957
0
91
391
0
0
0
0
0
463
900


304
0
451
1178
1185
474
164
111
196
971


1587
1329
703
678
1420
1777
1088
613
449


497
950
1778
2046
1361
1008
1612
2179
19
3
3
1301
1008
961
1104
1901
2263
1732
1167

1
355
2068
2261
1588
1216
1130
1198
1765
2
3
79
2323
1646
1424
2087
2485
2023
1436
1174


1057
1255
1991
2253
1470
925
1229
1795

1
662
873
496
419
511
1339
1937
1682
1182
1
4
95
2362
2482
1456
620
168
9
306
973
116
9

530
240
979
1731
1638
1199
1173
1319
168
4

2677
2954
2747
2511
2855
2960
2958
2943


2982
2956
2949
2959
2959
2960
2960
2957
2
9
58
2960
2955
2958
2953
2957
2955
2955
29
5
0
2960
2960
2958
2956
2959
2960
2953
2949


2958
2956
2957
2959
2941
2950
2939
2955

2
954
2953
2959
2947
2943
2956
2953
2960
295
4

2960
2946
2898
2930
2822
1761
790
645

9
62
774
0
0
0
0
0
240
64
0
0
147
569


55
0
0
0
29
861
1277
624
233
687
1317
12
2
8
527
245
208
339
1142
1682
1302
707
75
7

1475
1797
1095
701
630
750
1265
2011
218
3

1474
1136
1758
2256
1873
1230
883
787

9
38
1808
2275
1751
1267
1587
2259
2338
1616


2515
1862
911
647
1083
1148
286
0
0
0


450
1265
1593
1075
949
1858
2559
2406
1985


1921
2038
2368
2946
2955
2936
2927
2947


2948
2953
2955
2951
2951
2946
2954
2948
29
5
3
2951
2953
2957
2952
2960
2947
2951
295
5

2958
2951
2957
2960
2955
2950
2955
2958

2
950
2958
2953
2951
2942
2955
2949
2959
2
9
60
2960
2957
2933
2956
2951
2955
2959
295
0

2953
2955
2938
2954
2955
2945
2953
2945

2
951
2956
2957
2953
2953
0
0
0
0
121
52
8

231
0
0
592
987
363
35
0
83
559
1302

1
482
752
384
998
1583
1280
645
388
336
5
0
3
1391
1862
1338
814
1072
1805
1986
1262

9
14
816
930
1558
2199
2117
1443
1211
1808


2207
1637
1075
880
924
1282
2144
2497
181
3

1406
1829
2387
2241
1583
1269
1194
1307


2071
2529
2085
1423
1383
1936
2112
1285


749
528
496
925
1634
1747
1050
712
1399
1
9
51
1669
1303
1303
1110
951
1415
1601
792


111
306
977
1152
503
245
301
597
1468
23
1
0
2417
1946
1955
2807
2945
2783
2559
2541


2702
2951
2953
2954
2957
2946
2947
2954

2
954
2955
2955
2957
2955
2960
2960
2946
295
7

2954
2951
2953
2954
2954
2956
2958
2957


2960
2958
2955
2949
2960
2948
2955
2955
2
9
76
2954
2947
2951
2943
2955
2933
2945
2944
2952
2951
2960
2954
2805
2623
2630
2158
946
193
0
0
80
506
348
0
0
112
439
0


0
0
0
0
503
940
337
0
455
1172
1190
503


211
128
247
1039
1651
1360
734
755
1484
1805
1079
629
471
527
1007
1808
2032
1332


1013
1654
2182
1883
1259
988
941
1089
1
8
81
2225
1611
1107
1355
2063
2189
1511
1182


1083
1168
1815
2211
2399
1423
577
105
0


159
878
1167
502
205
859
1615
1620
1159

1
105
1246
1587
2584
2948
2759
2505
2790
2
9
55
2954
2935
2918
2928
2946
2955
2950
2955


2957
2954
2960
2953
2955
2954
2950
2962


2958
2951
2960
2950
2951
2957
2948
2950
29
5
4
2955
2948
2961
2955
2950
2957
2950
295
4

2951
2955
2955
2960
2954
2950
2950
2954

2
959
2958
2951
2961
2958
2983
2955
2958
2
9
58
2951
2951
2958
2951
2957
0
0
0
0
32
1

13
0
0
314
650
26
0
0
0
227
1014
1
3
28
631
289
858
1408
1156
493
226
211
40
0

1263
1740
1264
735
898
1583
1769
1069
71
9

641
726
1329
2017
2026
1369
1130
1789

2
256
1744
1083
802
755
1038
1922
2326
1669

1
264
1695
2292
2224
1529
1217
1111
1193
1
9
57
2481
2161
1584
1635
2256
2478
1731
1190


901
789
1136
1777
1835
1017
565
1149
16
6
1
1345
736
508
528
750
1926
2485
1777
885


762
1173
1119
273
0
0
0
623
1392
1535


1042
1052
1982
2621
2299
1939
1915
2047
24
9
2
2957
2953
2933
2923
2956
2954
2949
296
1

2957
2947
2982
2957
2952
2951
2954
2960

2
955
2955
2951
2951
2945
2961
2934
2945
2
9
55
2957
2944
2958
2949
2960
2953
2949
2945


2958
2949
2958
2954
2960
2951
2951
2956


2951
2955
2951
2958
2953
2954
2955
2923

2
442
1721
1159
1002
1360
1288
304
0
125
53
1

229
0
0
0
0
144
573
229
0
0
655
101
1

370
0
0
64
574
1335
1454
714
377
1014

1
582
1232
623
385
359
541
1423
1887
1331


824
1129
1882
1984
1273
955
880
976
1617

2
235
2103
1383
1174
1806
2211
1603
1114
9
3
8
991
1349
2164
2445
1757
1207
1227
1069

9
60
1431
1535
640
27
319
936
971
367
151


247
556
1461
2262
2265
1836
1920
2748
296
0

2689
2433
2420
2635
2948
2953
2955
2949


2951
2953
2951
2955
2953
2958
2954
2953
29
5
7
2950
2951
2960
2957
2951
2957
2959
295
8

2959
2957
2960
2954
2957
2955
2950
2960


2960
2949
2953
2958
2955
2960
2945
2960
2
9
57
2947
2950
2958
2949
2957
2957
2950
29
5
1
2947
2954
2955
2957
2958
2960
2954
2960


2960
401
0
0
38
398
0
0
0
0
0
432
894


315
0
417
1168
1236
557
223
111
242
946


1570
1392
747
659
1391
1818
1159
662
492


528
919
1735
2070
1408
1011
1579
2160
196
8

1314
1041
971
1077
1883
2294
1771
1197


1355
2054
2288
1614
1248
1093
1165
1683
23
3
1
2350
1667
1377
2058
2507
2065
1487
127
9

1170
1339
2064
2329
1559
921
1174
1718
1
6
47
831
453
368
476
1239
1854
1628
1100
1
3
69
2230
2383
1358
528
66
0
230
944
1162


465
201
887
1664
1601
1162
1123
1317
1648


2623
2945
2759
2509
2810
2957
2955
2944


2939
2955
2958
2954
2954
2954
2953
2947
29
5
0
2947
2960
2960
2950
2959
2951
2946
294
9

2948
2957
2956
2958
2954
2946
2948
2960


2951
2955
2949
2950
2957
2958
2955
2952
2
9
60
2949
2958
2953
2942
2946
3184
2957
29
5
6
2956
2944
2887
2911
2711
1566
642
653
9
8
2
702
0
0
0
0
40
397
102
0
0
354
738


129
0
0
0
240
1040
1390
690
345
901
148
8

1219
602
302
270
433
1283
1773
1285
72
7

919
1630
1831
1098
720
653
764
1392
2112


2110
1427
1147
1853
2302
1808
1232
926

8
61
1121
1925
2314
1652
1255
1681
556
699

1
814
2488
1872
992
812
1209
1185
321
0
0


0
551
1360
1568
1072
990
1933
2585
2320

1
936
1905
2020
2410
2947
2959
2925
2922
2
9
53
2950
2953
2949
2960
2954
2958
2954
2957


2956
2951
2955
2945
2958
2951
2960
2955

2
958
2960
2953
2954
2949
2957
2949
2956
29
5
3
2947
2957
2951
2957
2957
2959
2959
2957


2950
2951
2960
2955
2958
2955
2958
2960

2
958
2949
2954
2950
2955
2957
2954
2950
29
5
7
2947
2951
2946
2950
194
0
0
0
0
87
49
1

75
0
0
603
896
291
0
0
64
618
1328

1
402
684
359
1056
1585
1222
607
389
337
57
9

1435
1893
1327
817
1139
1865
1991
1285


935
876
991
1655
2272
2117
1472
1310
1941


2295
1662
1083
910
967
1344
2160
2448
17
7
7
1345
1808
2361
2160
1519
1247
1200
1339


2103
2546
2082
1399
1391
1986
2128
1294

7
73
541
544
992
1680
1772
1056
752
1401
19
7
3
1637
1247
1311
1200
1099
1530
1633
795


132
334
967
1108
464
240
293
581
1441
22
7
3
2365
1907
1936
2758
2935
2734
2501
247
8

2673
2946
2950
2958
2960
2954
2950
2959

2
957
2959
2953
2961
2958
2960
2953
2950
2
9
57
2957
2955
2954
2959
2958
2950
2959
29
5
0
2951
2960
2954
2955
2949
2957
2955
2960


2948
2958
2961
2950
2957
2953
2926
2927
2
9
43
2951
2953
2955
2955
2786
2480
2521
222
6

1022
186
0
0
0
432
400
0
0
3
362
14


0
0
0
0
367
816
319
0
272
1008
1186
523


130
33
111
758
1441
1345
685
499
1230

1
685
1078
558
383
418
789
1619
2013
1347
944
1409
2027
1906
1227
947
848
944
1737
2204
1791
1168
1194
1923
2220
1535
1128
1007
1067
1535
2236
2319
1560
535
0
0
12
715
1067
419
98
626
1426
1571
1082
1006
1154
1457
2437
2933
2754
2475
2651
2957
2958
2928
2928
2930
2945
2953
2953
2951
2953
2957
2954
2951
2951
2958
2952
2951
2958
2960
2955
2946
2955
2955
2955
2954
2951
2957
2953
2953
2949
2960
2957
2954
2959
2960
2953
2951
2957
2950
2949
2967
2959
2955
29
5
1
2966
2957
2952
2958
2949
2953
2947
2954
2946
2955
2951
2959
2955
2948
2962
2955

2
918
315
0
0
195
626
192
0
0
0
32
849
1
3
60
761
341
709
1377
1386
657
320
240
38
0

1104
1713
1495
849
761
1493
1912
1282
78
4

670
738
1183
1975
2275
1563
1158
1689

2
245
2025
1362
997
895
972
1806
2270
1852

1
322
1488
2221
2402
1685
1275
1152
1218
17
5
4
2431
2422
1762
1510
2198
2591
2063
137
8

1057
875
990
1706
1997
1247
689
1005
1
6
19
1616
903
613
559
743
1728
2480
2069
11
3
7
733
1168
1328
468
0
0
0
398
1278
170
2

1169
976
1781
2544
2478
2064
1930
2064
2
3
38
2955
2953
2945
2928
2956
2951
2947
295
9

2954
2956
2958
2954
2954
2957
2951
2945


2958
2960
2958
2955
2954
2960
2958
2954
2
9
55
2957
2950
2951
2951
2960
2959
2959
2955


2955
2954
2958
2960
2956
2973
2951
2929


2958
2969
2958
2952
2960
2960
2950
2940
25
3
0
1801
1166
847
1231
1360
487
0
7
463

4
51
0
0
0
0
34
540
431
0
0
529
1045
56
1

89
1
71
442
1317
1643
907
484
955
1601


1491
773
489
384
483
1290
1835
1505
865


944
1714
2083
1405
973
865
927
1392
2118


2217
1495
1120
1712
2189
1805
1146
880
863


1083
1958
2400
1881
1369
1616
928
694
1
0
18
1323
881
97
0
689
1125
576
223
215
43
5

1007
2018
2510
2018
1825
2512
2939
2866


2608
2512
2608
2837
2955
2951
2956
2951
2
9
47
2958
2957
2957
2951
2955
2960
2946
29
5
4
2956
2951
2947
2948
2952
2960
2953
2960


2955
2955
2951
2951
2953
2960
2957
2953

2
955
2949
2958
2954
2946
2953
2950
2955
295
0

2945
2954
2960
2955
2958
2957
2959
2954


2957
2959
2953
2950
2953
2958
2958
2956
2
9
51
2958
2957
0
263
310
0
0
0
0
107
70
1

665
69
33
784
1330
806
315
128
135
473


1327
1680
979
578
1023
1611
1498
794
511


475
582
1399
1998
1693
1112
1200
1910
220
8

1516
1089
945
995
1472
2146
2199
1424

1
082
1680
2203
1856
1277
1062
1023
1231
2
0
47
2455
1914
1404
1654
2320
2401
1694
1347


1174
1191
1706
2240
1983
1182
912
1563

1
909
1235
622
421
432
785
1615
1978
1311
1
0
14
1771
2433
2062
1018
379
49
0
623
112
6

800
240
400
1289
1781
1268
1040
1123
138
3

2069
2869
2913
2559
2444
2949
2960
2958


2954
2955
2955
2961
2958
2959
2957
2949
29
6
0
2951
2960
2954
2954
2958
2957
2953
295
5

2954
2977
2960
2954
2959
2957
2961
2957

2
958
2949
2959
2955
2958
2953
2950
2953
2
9
58
2957
2960
2957
2933
2957
2955
2954
2954


2954
2931
2935
2945
2917
2370
1246
612

9
58
1119
278
0
0
0
0
171
386
0
0
0
430


364
0
0
0
0
562
1182
905
364
433
1161


1461
755
331
186
263
751
1499
1628
896
56
1

1197
1754
1437
816
608
640
867
1767
22
2
1
1693
1195
1455
2105
2190
1462
1057
883

9
58
1585
2191
2036
1388
1302
2018
635
1131


2150
2498
1632
893
1138
1374
853
84
0

0

0
912
1493
1135
811
1294
2186
2493
2004


1825
1853
2088
2814
2957
2947
2896
2939
2956
2955
2955
2947
2951
2959
2960
2958
2958
2960
2948
2953
2950
2951
2954
2955
2957
2960
2957
2958
2954
2951
2959
2950
2955
2
9
50
2960
2951
2957
2957
2942
2951
2952
29
6
0
2954
2955
2952
2955
2947
2958
2954
2958


2958
2953
2960
2961
2955
2951
2959
2955

2
960
2953
2944
2958
2958
0
0
0
0
0
326
5
5
4
0
0
290
879
711
144
0
23
199
1094
1
6
11
1122
577
757
1474
1676
939
547
402
4
8
6
1035
1739
1757
1070
806
1568
2109
1662


1118
912
912
1195
2047
2379
1728
1277
1625


2155
2047
1321
967
880
1003
1807
2359
20
7
1
1486
1456
2135
2441
1777
1317
1151
1216


1685
2403
2510
1746
1319
1819
2187
1754
969
614
464
579
1395
1821
1278
745
1000
17
2
5
1889
1296
1197
1174
1010
1279
1584
1168
318
80
723
1189
661
270
208
426
978
2000
2521
2054
1840
2448
2941
2859
2559
2495
2559
2798
2957
2957
2950
2957
2957
2949
2951
2961
2954
2950
2957
2959
2956
2954
2951
2957
2954
2954
2956
2960
2967
2952
2960
2955
2960
2954
2958
2958
2959
2951
2954
2951
2961
2949
2956
2958
2944
2917
2855
2894
2949
2939
2958
2960
2864
2448
2515
2332
1214
224
0
0
0
301
496
0
0
0
249
116
0
0
0
0
219
722
453
0
133
898
1284
623
205
45
109
560
1335
1521
820
459
1106
1625
1332
679
430
400
592
1471
1973
1481
999
1299
1979
2075
1359
993
880
986
1617
2186
2010
1314
1123
1847
2284
1747
1239
1055
1083
1427
2212
2481
1925
880
279
0
0
657
1114
634
176
461
1310
1703
1181
985
1081
1379
2134
2878
2854
2525
2461
2953
2959


2941
2925
2935
2939
2943
2951
2946
2953
2
9
55
2947
2955
2947
2957
2951
2950
2955
29
5
4
2951
2959
2950
2958
2958
2957
2955
2957


2958
2950
2960
2960
2957
2954
2951
2957

2
953
2951
2958
2959
2955
2959
2957
2954
295
3

2955
2957
2958
2953
2946
2953
2955
2958


2951
2952
2955
2959
2953
2954
2953
2957
2
9
58
382
0
0
44
501
331
0
0
0
0
717
12
9
6
910
405
547
1264
1494
763
330
231
319

9
11
1616
1643
942
658
1329
1831
1408
816


654
703
955
1861
2271
1651
1209
1573
2188


2160
1439
1087
927
999
1708
2241
1974
13
9
3
1415
2123
2482
1807
1331
1153
1168
159
4

2325
2523
1840
1465
2089
2595
2288
1618

1
287
1076
1072
1749
2062
1396
742
893
152
5

1663
890
540
435
586
1347
2234
2042
1072


534
944
1217
564
0
0
0
193
1131
1694
1
1
86
934
1571
2373
2515
2010
1882
1936
2183


2931
2958
2943
2906
2948
2959
2955
2958

2
945
2953
2951
2957
2957
2949
2957
2953
295
5

2955
2955
2951
2960
2960
2955
2951
2959


2947
2950
2960
2959
2954
2957
2948
2956
2
9
59
2949
2960
2953
2950
2954
2957
2949
29
6
0
2958
2955
2950
2954
2955
2960
2947
2559


1846
1242
840
1247
1363
511
0
11
491
47
9

0
0
0
0
46
557
453
0
0
539
1069
573

1
14
6
79
416
1275
1609
905
485
942
1596


1472
782
480
413
527
1307
1867
1509
894

9
38
1712
2091
1401
966
842
910
1375
2117
2
2
36
1506
1136
1712
2160
1774
1107
863
852


1072
1982
2434
1930
1412
1654
2288
973
13
4
7
1535
883
128
125
781
1167
481
166
176


416
1126
2066
2397
1908
1782
2551
2944
27
9
8
2507
2442
2541
2864
2953
2956
2949
295
0

2951
2949
2956
2959
2959
2954
2957
2960

2
957
2953
2950
2938
2951
2949
2948
2956
2
9
55
2951
2949
2957
2960
2955
2955
2960
2950


2960
2953
2960
2960
2949
2957
2955
2957


2951
2958
2957
2959
2957
2957
2954
2951
29
6
0
2954
2948
2949
2956
2956
2956
2954
295
5

2957
0
0
0
274
167
0
0
0
0
272
790

4
95
18
145
917
1333
679
256
123
167
642


1426
1645
912
577
1182
1712
1365
731
496

4
55
656
1535
2055
1535
1054
1334
2044
214
4

1431
1077
951
1018
1667
2237
2035
1310
1
1
45
1850
2270
1729
1258
1074
1107
1433
22
0
2
2503
1810
1390
1842
2406
2275
1591
1267


1106
1147
1847
2252
1791
1077
1039
1667

1
872
1077
607
414
466
977
1744
1913
1249
1
0
49
2006
2622
2064
1086
498
181
184
883
1
2
75
736
285
631
1451
1741
1200
1054
1178

1
467
2288
2911
2832
2533
2559
2953
2953
29
4
9
2951
2958
2950
2955
2954
2960
2958
2955


2951
2951
2955
2957
2960
2950
2957
2959


2949
2959
2949
2954
2959
2958
2951
2957
29
4
9
2951
2954
2956
2948
2956
2956
2952
295
1

2958
2953
2948
2949
2899
2954
2955
2992

2
951
2960
2951
2821
2902
2783
1887
793
45
4

851
906
9
0
0
0
0
227
323
0
0
101
58
2

309
0
0
0
0
804
1360
906
419
640
1329


1488
750
368
277
358
992
1669
1600
911

6
77
1365
1850
1342
789
624
698
1023
1909

2
267
1600
1168
1623
2192
2070
1387
1023
880


947
1696
2193
1870
1285
1353
417
481
11
2
1
2085
2182
1233
592
942
1211
622
0
0
0


68
949
1522
1130
838
1351
2247
2512
1978


1820
1879
2113
2864
2958
2933
2874
2944
2
9
60
2954
2957
2955
2960
2950
2955
2957
29
5
6
2957
2953
2960
2955
2960
2951
2958
2959


2958
2955
2951
2959
2955
2950
2960
2952

2
951
2954
2955
2960
2959
2956
2957
2954
295
7

2957
2947
2957
2954
2958
2959
2951
2959


2976
2947
2959
2955
2954
2958
2960
2958


2957
2958
2950
2947
2951
0
0
0
0
0
392

2
67
0
0
418
902
401
0
0
19
367
1209
1
5
62
843
423
897
1520
1414
716
421
318
452


1258
1795
1450
865
912
1670
2026
1365
91
7

818
875
1357
2102
2217
1506
1155
1757
21
9
6
1802
1141
871
855
1071
1958
2439
1919


1403
1647
2272
2325
1621
1262
1147
1250
18
8
8
2477
2306
1578
1347
1933
2243
1567
901


624
561
820
1579
1867
1150
720
1223
1859


1769
1191
1199
1248
1136
1575
1751
1113

3
20
240
901
1199
545
222
203
455
1155
2093


2431
1953
1799
2559
2947
2810
2512
2450


2558
2861
2960
2967
2957
2959
2945
2951
29
1
7
2960
2958
2961
2945
2960
2948
2953
296
3

2958
2949
2954
2951
2950
2953
2955
2960

2
957
2955
2960
2954
2955
2958
2960
2941
2
9
51
2959
2955
2954
2960
2957
2960
2860
2903


2950
2958
2958
2955
2925
2704
2773
2559

1
485
484
0
0
0
443
624
0
0
0
346
209

0

0
0
0
312
834
533
43
180
960
1337
688


249
115
186
667
1438
1612
907
544
1179

1
703
1385
750
497
461
640
1527
2021
1559
1
0
55
1353
2033
2123
1402
1077
946
1023
166
2

2224
2039
1321
1120
1823
2268
1685
1186

1
014
1058
1434
1845
2385
1850
858
256
16


10
740
1179
625
176
554
1373
1679
1168
99
3

1110
1408
2246
2905
2829
2481
2515
2956


2958
2928
2913
2923
2942
2960
2955
2959
2
9
52
2962
2955
2974
2951
2959
2959
2960
295
7

2949
2956
2955
2949
2952
2960
2955
2955


2971
2954
2951
2954
2951
2956
2956
2969
2
9
48
2958
2958
2957
2930
2953
2955
2951
296
0

2950
2951
2959
2960
2955
2958
2947
2959


2954
2947
2950
2954
2958
2958
0
0
0
144


284
0
0
9
450
303
0
0
0
0
694
1277


900
380
536
1280
1523
785
352
272
363
91
4

1645
1690
954
691
1397
1889
1466
891
6
8
9
757
1006
1904
2320
1689
1232
1583
2191

2
153
1422
1075
934
967
1693
2256
1957
135
5

1371
2128
2448
1808
1329
1154
1200
1632

2
333
2511
1824
1472
2064
2515
2161
1442
1
1
00
909
937
1651
2023
1408
773
943
1606
17
1
8
995
609
506
654
1361
2285
2326
1443
8
9
8
1301
1489
793
131
0
0
244
1173
1686
11
8
9
950
1554
2359
2462
1971
1825
1889
2113


2896
2948
2928
2877
2949
2959
2956
2954
2
9
54
2956
2949
2971
2955
2957
2976
2959
29
5
4
2951
2959
2978
2955
2959
2960
2959
2950


2951
2949
2950
2956
2954
2960
2954
2955

2
957
2960
2948
2960
2957
2950
2935
2869
294
7

2960
2949
2938
2944
2957
2982
2941
2486


1746
1079
661
1053
1173
357
0
0
285
338


0
0
0
0
0
317
313
0
0
298
803
416
0


0
0
230
1109
1535
903
413
788
1454
1498

8
02
462
372
450
1200
1792
1535
897
880
1
6
67
2073
1422
976
839
898
1320
2091
2271
1
5
35
1169
1706
2176
1874
1191
877
854
1015


1906
2398
1930
1414
1586
2242
2381
1681
1
2
95
1168
346
16
629
1070
624
176
126
318


801
1909
2463
2003
1795
2384
2929
2864
25
3
9
2401
2458
2716
2950
2954
2954
2947
294
9

2954
2952
2950
2957
2950
2954
2960
2955

2
957
2951
2951
2957
2957
2943
2957
2957
2
9
56
2960
2953
2961
2958
2950
2959
2956
2960


2949
2951
2955
2957
2960
2950
2952
2950


2960
2955
2957
2951
2950
2955
2953
2959
29
5
9
2959
2955
2963
2954
2945
2959
2958
295
8

2955
2957
2954
304
482
0
0
0
0
51
701


882
215
0
695
1343
1066
467
240
230
400


1278
1739
1194
691
947
1598
1697
960
590


497
594
1233
1898
1838
1224
1090
1818
226
0

1696
1168
975
1002
1317
2071
2335
1591


1130
1581
2163
2038
1371
1122
1038
1179
19
6
8
2480
2154
1535
1591
2278
2559
1866
147
2

1306
1374
1853
2486
2462
1615
1114
1605

1
968
1481
771
448
387
560
1379
1874
1341


901
1402
2118
2009
947
296
0
0
414
1018

9
21
276
224
1080
1717
1344
1037
1050
1300


1851
2768
2941
2631
2452
2919
2958
2967
2
9
50
2958
2958
2957
2957
2955
2957
2951
29
5
0
2959
2954
2960
2959
2953
2956
2949
2954


2955
2961
2956
2957
2950
2955
2943
2957

2
957
2955
2954
2953
2951
2951
2960
2961
296
0

2954
2950
2958
2929
2930
2955
2955
2958


2960
2934
2773
2589
2623
2229
1008
209
496


817
376
0
0
0
0
75
403
0
0
0
418
62
5

0
0
0
0
367
1121
1257
599
352
1040
1
5
35
1118
499
306
314
582
1451
1861
1196
72
9

1079
1731
1719
1007
695
643
796
1599
2
1
70
1936
1314
1278
2001
2319
1620
1127
909


899
1299
2030
2233
1535
1181
435
415
721


1781
2273
1425
661
755
1139
907
114
0
0


0
734
1463
1362
924
1118
2032
2596
2124


1845
1834
2009
2559
2953
2954
2899
2886
29
4
7
2953
2960
2942
2955
2959
2950
2955
295
9

2960
2956
2951
2954
2942
2951
2957
2963


2934
2950
2950
2948
2955
2955
2951
2949
29
6
0
2955
2957
2946
2959
2960
2960
2954
295
4

2955
2975
2951
2958
2953
2951
2960
2959

2
955
2961
2954
2939
2959
2957
2957
2957
2
9
55
2955
2955
2959
2958
0
0
0
0
0
238
54
4

0
0
196
815
736
143
0
0
159
1008
153
5

1193
599
647
1402
1716
1008
566
431
478


965
1726
1839
1122
801
1456
2044
1731
11
2
5
926
917
1102
1952
2384
1811
1296
1526
2
1
29
2154
1380
1012
929
1040
1725
2359
223
9

1591
1403
2097
2514
1941
1407
1207
1238

1
535
2347
2669
1987
1600
2014
2476
2177
1
3
37
880
651
624
1303
1790
1367
722
770
149
3

1838
1194
981
879
688
874
1314
1219
33
9

0
526
1059
757
258
170
304
688
1758
241
3

2118
1821
2241
2922
2914
2629
2464
2496


2724
2951
2959
2960
2951
2955
2961
2957
2
9
49
2955
2955
2959
2959
2954
2958
2950
29
5
3
2955
2957
2955
2956
2959
2958
2954
2956


2958
2958
2954
2950
2954
2957
2957
2960

2
960
2957
2949
2959
2951
2949
2864
2842
292
2

2953
2951
2955
2859
2299
2191
2192
1535


445
0
0
0
179
538
122
0
0
246
551
0
0


0
0
67
787
996
336
75
752
1391
1152
5
5
7
285
230
387
1239
1740
1246
702
902
1614


1747
990
614
479
583
1171
1866
1890
125
9

1045
1782
2259
1749
1193
966
978
1272
20
9
6
2343
1589
1117
1535
2134
2044
1393
113
6

1072
1189
1958
1920
1855
781
84
0
0
150


811
883
241
112
905
1610
1419
1007
1010


1222
1642
2599
2945
2674
2426
2821
2954
2
9
50
2921
2910
2928
2945
2954
2956
2955
29
5
5
2951
2961
2946
2959
2957
2956
2957
2958


2957
2956
2957
2960
2958
2960
2960
2960

2
953
2954
2958
2950
2960
2957
2960
2955
295
5

2958
2956
2958
2950
2956
2955
2953
2955


2954
2954
2959
2954
2956
2959
2949
2950
2
9
53
2956
2951
2960
2956
2954
2953
2955
296
0
