2
470
2629
2690
2777
2801
2
8
38
2878
2879
2882
2895
2896
2896
2897
2896


2877
2850
2831
2835
2793
2785
2705
2677


2677
2663
2682
2671
2639
2630
2608
2614
26
0
8
2544
2519
2544
2517
2489
2495
2450
245
4

2448
2480
2461
2427
2335
2288
2215
2160

2
109
2062
2011
1973
1946
1923
1958
1936
1
9
36
1943
1939
1943
1941
1953
1909
1881
1876


1875
1855
1805
1811
1798
1826
1809
1783


1767
1728
1707
1765
2001
2108
2220
668
741


763
811
957
970
1013
1057
1119
1134
116
8

1177
1179
1210
1222
1231
1244
1219
1247

1
279
1280
1283
1299
1297
1269
1290
1305
1
3
30
1263
1273
1281
1342
1419
1471
1535
1626


1674
1743
1781
1783
1802
1840
1846
1831

1
851
1835
1805
1776
1773
1769
1840
1845
1
8
56
1874
1909
1934
1984
1967
1942
1973
1993


2032
2018
2071
2096
2121
2029
1842
1723


1654
1664
1665
1677
1709
1744
1833
1897
19
6
7
2644
2590
2592
2530
2539
2559
2559
254
2

2534
2521
2483
2463
2451
2494
2433
2416

2
432
2434
2439
2451
2449
2394
2338
2259
2
2
16
2164
2117
2075
2021
2000
1995
1969
1973


1937
1986
1998
2028
1984
1986
2000
1993


1952
1947
1943
1903
1904
1893
1874
1819
17
7
1
1796
1779
1771
1727
1749
1876
2047
219
4

2237
2279
2187
2193
2175
2093
2032
1936

1
871
1758
1648
1535
1535
1488
1431
1216
1
1
54
1109
1151
1199
1215
1191
1209
1221
1253


1280
1275
1296
1284
1311
1285
1357
1362


1457
1535
1616
1679
1738
1781
1831
1867
18
7
2
1877
1845
1801
1808
1803
1764
1764
1767


1778
1849
1895
1911
1948
1936
1989
2029
2
0
59
2062
2058
2041
2035
2085
2110
2167
20
0
1
1840
1715
1655
1686
1658
1677
1711
178
3

1862
1919
1985
2069
2191
2256
2269
2277

2
343
2453
2559
2672
2736
2533
2480
2449
2
4
31
2443
2460
2451
2467
2377
2356
2382
2326


2303
2245
2183
2122
2062
2011
1988
1959


1904
1920
1927
1933
1958
1937
1936
1933
1
9
21
1936
1954
1895
1886
1905
1878
1872
1835


1814
1762
1776
1747
1774
1716
1678
1713


1872
2057
2157
2213
2189
2161
2161
2141
21
1
2
2003
1920
1861
1767
1650
1527
1488
145
6

1463
1360
1302
1040
878
736
606
529
485


497
531
564
651
735
802
819
912
1006
10
8
2
1122
1475
1535
1535
1643
1701
1734
1760


1794
1776
1782
1750
1749
1789
1729
1733

1
792
1825
1866
1904
1930
1936
1963
1982
200
1

2003
1955
1998
2032
2034
2061
2070
2080


2003
1833
1690
1675
1614
1643
1664
1714
1
7
92
1884
1910
1957
2064
2170
2295
2238
224
4

2320
2407
2505
2598
2657
2682
2713
2731


2770
2807
2810
2831
2845
2843
2855
2832
2
8
27
2797
2772
2727
2736
2638
2624
2624
196
9

1903
1860
1919
1882
1889
1900
1932
1955

1
947
1937
1904
1885
1883
1878
1865
1808
1
8
31
1858
1826
1823
1795
1762
1738
1735
17
7
7
1969
2095
2201
2238
2212
2174
2131
2097


2032
1978
1909
1871
1755
1655
1583
1571

1
535
1483
1391
1187
999
788
649
561
473
47
7

465
497
572
665
726
784
864
944
1072

1
083
1139
1163
1200
1198
1215
1200
1210
122
9

1189
1219
1237
1214
1261
1293
1329
1311


1306
1309
1297
1321
1809
1804
1813
1814
1
8
40
1879
1914
1942
2039
1980
2032
2075
21
0
3
1949
1765
1642
1554
1535
1535
1591
1620


1675
1796
1843
1957
2070
2165
2219
2234

2
298
2369
2523
2559
2672
2759
2805
2815
283
0

2861
2858
2867
2874
2891
2849
2866
2873


2843
2845
2825
2790
2763
2743
2707
2691
2
7
04
2640
2639
2644
2639
2625
2597
2557
2529
2535
2533
2544
2470
2493
2505
2515
2475


2452
2427
2346
1729
1683
1696
1653
1640

1
669
1827
2009
2160
2195
2236
2145
2118
207
9

2039
1936
1840
1787
1675
1610
1506
1523


1462
1412
1350
1234
1060
893
734
596
528


528
530
558
539
617
677
767
842
914
996


1009
1105
1150
1229
1127
1189
1231
1243
1
2
64
1245
1223
1197
1177
1219
1267
1282
128
3

1281
1296
1294
1314
1323
1328
1295
1296


1323
1406
1409
1470
1498
1579
1657
1743
1
7
76
1808
1827
1844
1886
1830
1833
1610
1574


1623
1723
1781
1877
1987
2131
2179
2179


2224
2323
2437
2558
2686
2759
2817
2793

2
831
2836
2872
2865
2889
2873
2879
2866
286
7

2878
2813
2795
2775
2734
2726
2705
2671


2625
2638
2624
2615
2606
2550
2529
2496
2
4
75
2451
2445
2457
2451
2432
2418
2455
24
0
1
2384
2395
2358
2288
2243
2165
2087
2021


1967
1991
1954
1892
1918
1907
1949
1957

1
966
1963
1956
1991
1980
1996
1595
1459
139
7

1328
1325
1223
1111
897
697
565
480
39
3

373
391
418
478
544
625
685
726
829
957


1008
1046
1070
1078
1103
1149
1183
1228


1174
1178
1182
1198
1230
1254
1278
1275
12
9
6
1302
1328
1281
1275
1331
1335
1344
1361


1392
1424
1488
1535
1630
1703
1703
1776
1
8
26
1823
1850
1859
1855
1829
1846
1835
18
8
5
1808
1815
1822
1859
1907
1922
1907
192
4

1950
1985
2030
2015
1986
2027
2030
2071

2
097
2101
2847
2830
2861
2845
2837
2838
2
8
39
2833
2799
2768
2714
2704
2635
2619
2618


2625
2559
2582
2559
2559
2559
2529
2501

2
458
2436
2458
2469
2461
2461
2463
2478
2
4
39
2449
2422
2415
2307
2261
2224
2160
2079


2002
1991
1962
1964
1950
1967
1936
1978


2017
2033
2000
2007
1984
1936
1905
1929
19
0
5
1883
1842
1823
1805
1782
1795
1755
174
4

1713
1689
1717
1908
2031
2169
2238
2247

2
207
857
939
987
983
1023
1077
1104
1131


1161
1161
1162
1174
1169
1212
1178
1225
12
4
4
1253
1229
1218
1239
1226
1245
1218
129
1

1264
1264
1318
1342
1394
1475
1520
1577

1
664
1737
1749
1786
1808
1847
1872
1850
1
8
27
1811
1803
1786
1813
1840
1904
1874
191
4

1935
1952
1982
1998
2012
2015
2054
2045

2
061
2062
2071
2089
2122
2005
1840
1707
16
4
3
1646
1647
1674
1703
1709
1791
1888
1980


2678
2622
2620
2558
2531
2522
2538
2527

2
514
2513
2467
2469
2453
2487
2453
2473
246
1

2461
2446
2427
2418
2369
2329
2297
2231


2192
2073
2019
2033
2021
1996
1986
1946


1920
1933
1935
1991
1950
1979
1974
1978
19
0
8
1890
1870
1808
1818
1806
1791
1769
170
7

1699
1707
1695
1671
1713
1866
2032
2178

2
240
2259
2177
2161
2149
2096
1986
1911
1
8
46
1754
1628
1584
1561
1498
1435
1343
1137


1121
1134
1191
1242
1206
1223
1233
1248
1
2
43
1250
1264
1243
1267
1286
1379
1362
14
5
6
1535
1588
1657
1719
1767
1789
1815
182
1

1811
1811
1811
1856
1851
1830
1829
1840

1
863
1891
1920
1946
1984
1963
1997
1982
1
9
97
1996
2018
2031
2038
2069
2096
2128
1953


1810
1721
1677
1651
1622
1631
1700
1787


1869
1933
2025
2094
2201
2261
2302
2303
23
8
5
2503
2593
2690
2767
2853
2512
2441
241
7

2400
2403
2427
2475
2402
2405
2402
2359

2
321
2256
2211
2130
2095
2019
1982
1939
1
8
85
1886
1903
1920
1945
1955
1947
1965
1967


1935
1980
1915
1905
1894
1855
1795
1796


1783
1769
1778
1735
1725
1665
1648
1746
19
5
5
2098
2192
2215
2197
2192
2181
2113
2036


1881
1851
1802
1717
1579
1495
1456
1409


1387
1311
1201
941
752
635
561
509
458
46
1

451
495
615
674
724
781
870
947
996
1
0
40
1072
1105
1146
1751
1757
1745
1749
1738
1749
1766
1789
1794
1817
1751
1790
1837


1904
1971
1968
1931
1943
1958
2014
2038
2017
1985
1999
2033
2039
2046
2082
2096
1911
1738
1657
1659
1602
1594
1643
1679
1776
1856
1904
1974
2112
2206
2272
2235
2304
2
4
06
2514
2594
2673
2759
2805
2825
2864
2864


2872
2880
2903
2917
2909
2885
2865
2864


2845
2821
2759
2771
2722
2718
2721
2678
26
5
5
2634
1907
1846
1808
1862
1891
1934
1947


1962
1911
1920
1902
1883
1874
1814
1811

1
807
1820
1770
1766
1735
1691
1680
1732
19
7
3
2079
2186
2240
2195
2176
2156
2114
2054


1972
1893
1813
1712
1555
1506
1472
1471

1
432
1311
1139
944
733
598
553
404
421
4
4
5
431
493
560
678
732
828
938
1069
1069

1
078
1138
1163
1213
1243
1234
1243
1254
1
2
42
1246
1269
1232
1277
1296
1314
1296
1291


1280
1263
1296
1328
1347
1262
1930
1885


1860
1872
1918
1969
1936
1978
2023
2006
18
7
5
1730
1631
1563
1581
1601
1647
1709
1749


1870
1937
2003
2112
2199
2214
2223
2327


2416
2545
2602
2714
2800
2834
2849
2875
28
9
6
2875
2880
2896
2900
2860
2883
2879
285
5

2819
2789
2761
2735
2713
2681
2635
2596

2
559
2629
2626
2559
2559
2530
2512
2523
2
5
52
2559
2547
2492
2475
2480
2491
2479
2453


2416
2364
2307
2234
2219
1733
1648
1786


1951
2099
2153
2173
2159
2097
2092
2015
19
4
1
1863
1801
1730
1603
1500
1465
1487
139
0

1325
1211
1007
816
640
553
479
409
385
410
448
529
656
746
818
890
976
1046
108
8
1181
1184
1213
1180
1233
1267
1290
1301

1
273
1267
1235
1271
1296
1327
1279
1266
12
6
3
1264
1258
1288
1286
1279
1287
1299
1375


1429
1456
1535
1647
1707
1761
1792
1811


1825
1841
1853
1874
1807
1839
1857
1826
18
2
4
1830
1940
1972
2045
2119
2161
2219
228
9

2384
2499
2593
2671
2730
2768
2799
2832

2
843
2865
2891
2898
2900
2895
2899
2879
2
8
83
2820
2802
2768
2782
2786
2750
2718
2690


2689
2678
2679
2639
2593
2550
2537
2507


2530
2535
2510
2489
2451
2466
2508
2448
24
4
8
2409
2371
2320
2245
2203
2115
2064
198
7

1986
1845
1867
1916
1933
1920
1907
1913

1
914
1951
1957
1943
1936
1873
1872
1840
1
4
01
1290
1181
1086
813
624
507
444
419
419


415
422
469
564
651
723
798
915
969
10
1
8
1070
1124
1170
1166
1152
1146
1219
1168


1217
1191
1181
1206
1250
1267
1277
1280

1
269
1308
1246
1244
1274
1283
1264
1291
131
8

1360
1459
1535
1603
1657
1715
1805
1862


1885
1894
1884
1890
1904
1893
1867
1903
1
8
45
1883
1920
1956
1945
1967
2009
2011
20
6
4
2096
2128
2031
2037
2064
2075
2080
2090


2098
2007
1851
1719
1602
2864
2839
2819

2
837
2805
2767
2701
2738
2677
2672
2677
267
3

2651
2652
2640
2614
2608
2557
2559
2530


2513
2515
2481
2482
2483
2455
2445
2431
24
3
5
2399
2321
2215
2174
2093
2043
1999
195
0

1930
1893
1876
1872
1931
1899
1921
1943


1954
1974
1989
1995
1958
1942
1911
1915
1
9
04
1877
1891
1873
1838
1806
1805
1794
17
5
5
1741
1842
2063
2194
2319
2292
2263
2193


2178
2130
2032
998
1023
1073
1126
1134
1
1
51
1105
1169
1199
1233
1247
1264
1332
1333


1319
1343
1339
1354
1328
1345
1383
1422


1328
1339
1385
1455
1509
1597
1622
1706
17
4
5
1791
1863
1840
1840
1827
1831
1813
177
9

1769
1735
1726
1745
1767
1806
1779
1822

1
866
1887
1920
1984
1994
1963
1986
2006
2
0
75
2074
2053
2042
2014
1851
1714
1648
1568


1582
1579
1611
1720
1791
1869
1937
2029

2
098
2206
2657
2587
2544
2532
2559
2549
253
3

2522
2480
2505
2499
2545
2457
2443
2441


2466
2449
2447
2388
2329
2270
2237
2207
2
1
60
2085
2064
2002
1934
1917
1884
1877
18
5
2
1871
1866
1920
1887
1881
1890
1861
185
3

1840
1841
1787
1779
1793
1837
1783
1723

1
727
1695
1681
1651
1771
1979
2159
2259
2
2
71
2249
2188
2187
2129
2032
1936
1895
1821


1691
1569
1488
1535
1457
1380
1268
1113


942
1184
1178
1155
1136
1197
1230
1207
121
7

1222
1233
1245
1299
1321
1413
1398
1506


1616
1672
1753
1822
1865
1872
1911
1930
19
3
6
1851
1843
1873
1859
1833
1839
1855
186
1

1875
1885
1938
1953
1950
1991
2000
2010


2018
2022
2014
2064
2135
2185
2146
1923
1
7
55
1690
1670
1665
1691
1710
1770
1849
18
7
2
1956
2004
2131
2242
2246
2274
2324
2429


2590
2703
2803
2823
2847
2855
2891
2924

2
421
2386
2415
2479
2410
2379
2326
2281
226
2

2215
2173
2083
2007
1987
1967
1893
1889


1921
1941
1959
1968
1983
1963
1985
1982
1
9
77
1939
1865
1849
1858
1838
1799
1763
17
4
9
1732
1744
1715
1762
1678
1644
1800
1981


2128
2241
2308
2246
2186
2176
2112
2055

1
923
1872
1764
1648
1516
1455
1397
1362
13
1
2
1170
1067
786
654
540
477
421
396
386
4
3
7
551
670
797
775
846
971
1049
1077
110
9

1098
1136
1136
1133
1808
1776
1695
1667

1
727
1761
1765
1738
1805
1755
1816
1805
1
8
45
1888
1893
1936
1904
1899
1922
1974
19
5
7
1938
1966
1994
2038
2019
2057
2003
1797


1647
1580
1594
1535
1525
1555
1642
1735

1
785
1893
1968
2080
2165
2233
2243
2350
240
9

2495
2559
2690
2798
2813
2819
2848
2871


2886
2897
2893
2874
2881
2864
2850
2864
2
8
25
2779
2730
2722
2640
2633
2627
2617
25
9
4
2554
2545
1910
1891
1870
1895
1919
1933


1957
1887
1840
1829
1846
1849
1802
1782
17
4
0
1737
1725
1730
1707
1656
1683
1855
206
8

2163
2248
2261
2240
2162
2112
2071
2000


1903
1839
1759
1614
1531
1472
1419
1389
1
3
05
1177
966
784
630
471
427
421
464
502


554
599
713
817
854
920
1005
1114
1121
1
1
33
1183
1191
1203
1231
1235
1247
1250
11
9
5
1181
1229
1253
1332
1325
1294
1312
1334


1317
1318
1373
1377
1387
1322
1360
2044

1
999
2014
1975
1997
1968
2036
2095
1967
176
7

1645
1602
1607
1626
1584
1662
1715
1784


1882
1943
2077
2161
2244
2311
2375
2445
2
5
59
2666
2703
2807
2837
2862
2891
2897
28
9
9
2913
2946
2926
2939
2914
2918
2895
2899


2874
2851
2827
2807
2800
2785
2781
2759
2
7
38
2758
2759
2739
2722
2698
2672
2642
26
3
1
2635
2658
2559
2545
2527
2489
2503
2510


2487
2403
2315
2230
2194
2091
1690
1774

1
940
2121
2239
2246
2219
2158
2163
2124
202
3

1921
1875
1826
1723
1618
1502
1501
1383


1286
1206
1087
944
755
587
470
447
532
5
3
3
572
587
697
794
867
879
979
1075
1135


1197
1171
1201
1140
1161
1165
1181
1201
1
1
55
1168
1149
1157
1221
1286
1253
1264
12
7
1
1290
1309
1331
1328
1313
1332
1334
1375


1408
1431
1522
1597
1616
1661
1747
1823

1
810
1823
1808
1878
1819
1805
1802
1840
187
2

1882
1901
1966
1974
2079
2181
2273
2323


2414
2491
2549
2662
2768
2817
2835
2842
2
8
42
2850
2871
2890
2887
2877
2877
2859
283
9

2805
2743
2756
2786
2723
2679
2643
2610

2
655
2620
2544
2528
2481
2486
2466
2461
2
4
67
2454
2448
2416
2444
2453
2498
2390
2384


2386
2319
2224
2128
2027
2023
1987
1968


1899
1810
1806
1867
1919
1926
1961
1996
20
0
9
2007
1986
1990
1984
1966
1981
1959
191
4

1199
1005
801
527
423
390
339
255
243


304
374
432
477
624
694
818
899
946
1003


1088
1131
1143
1149
1190
1231
1250
1198
1
2
22
1297
1328
1291
1273
1255
1231
1306
1263


1335
1269
1299
1283
1277
1297
1355
1408


1376
1437
1518
1626
1686
1680
1732
1802

1
854
1881
1839
1783
1797
1773
1775
1779
171
3
1751
1822
1823
1797
1831
1830
1856
1884


1918
1979
1939
1931
1977
2003
2064
2112
2
1
25
1956
1750
1680
1691
1686
2886
2845
28
0
0
2752
2714
2682
2706
2618
2601
2592
2591


2559
2615
2624
2594
2513
2513
2541
2519

2
531
2496
2461
2416
2409
2435
2455
2448
2460
2415
2372
2309
2285
2243
2144
2042
1989
2011
1979
1973
1919
1949
1962
2001
2003
1967
1927
1911
1952
1904
1895
1859
1872
1852
1811
1803
1790
1773
1763
1743
1675
1677
1749
1851
2042
2128
2193
2257
2166
2096
2113
2062
1962
1868
1747
1219
1213
1223
117
5
1187
1195
1218
1249
1227
1239
1296
1312

1
277
1242
1279
1293
1318
1280
1261
1266
1235
1282
1322
1313
1403
1488
1555
1598
1655
1743
1808
1788
1775
1787
1817
1820
1774


1744
1759
1831
1856
1849
1875
1893
1967

2
025
2043
2069
2096
2083
2037
2128
2137
224
6

2217
2178
2229
2064
1919
1837
1738
1714


1714
1728
1773
1807
1867
1945
2003
2082
2
1
62
2227
2278
2626
2608
2614
2599
2551
25
4
4
2527
2556
2557
2551
2559
2509
2547
2546


2559
2559
2522
2457
2319
2277
2217
2164

2
083
1965
1941
1920
1913
1876
1887
1861
187
9

1890
1867
1919
1904
1936
1904
1843
1807


1841
1840
1782
1761
1719
1822
1795
1776
1
7
72
1739
1731
1779
1936
2109
2226
2293
22
8
7
2268
2224
2189
2112
2029
1941
1903
1791


1684
1629
1535
1521
1371
1303
1275
1072

8
51
640
526
1167
1155
1161
1177
1195
1173

1
183
1196
1210
1273
1350
1381
1418
1479
1
5
65
1663
1721
1755
1808
1824
1844
1841
1899


1840
1830
1812
1802
1829
1837
1858
1888


1914
1951
1975
1984
1965
1970
1978
1975
20
1
1
2064
2109
2098
2122
2124
2032
1870
1746


1677
1616
1585
1652
1677
1734
1824
1897
1
9
90
2069
2147
2192
2259
2290
2365
2473
25
5
9
2681
2760
2781
2821
2831
2858
2880
287
2

2874
2482
2471
2352
2307
2302
2256
2197

2
138
2069
1979
1919
1904
1919
1851
1814
1
8
35
1869
1883
1934
1959
1940
1951
1911
1905


1900
1843
1871
1840
1834
1847
1840
1835


1776
1751
1715
1765
1690
1770
1955
2109
22
3
1
2284
2310
2288
2253
2212
2131
2063
196
8

1898
1807
1690
1622
1535
1457
1378
1298

1
153
981
701
511
461
423
419
384
406
473


570
619
709
746
853
978
1040
1071
1123
1
1
66
1136
1121
1125
1179
1233
1803
1762
171
9

1718
1685
1602
1658
1631
1693
1781
1803

1
810
1843
1861
1862
1904
1888
1944
1951
1
9
26
1985
1986
1996
2047
2101
1936
1800
1639


1569
1611
1600
1701
1767
1823
1930
1984


2075
2191
2262
2292
2352
2338
2446
2559
26
2
3
2699
2752
2832
2837
2855
2870
2886
285
9

2883
2894
2901
2896
2875
2837
2810
2800


2796
2736
2699
2590
2611
2661
2657
2633
2
6
01
2543
2503
2498
2466
1975
1904
1887
18
6
4
1824
1843
1771
1789
1777
1760
1759
1757


1718
1719
1686
1654
1612
1639
1789
2015

2
064
2171
2195
2133
2112
2079
2060
1978
1857


1760
1734
1619
1595
1535
1477
1424
1363
1248
1050
816
662
624
554
464
490
510
5
76
645
701
770
791
912
1022
1120
1088
1122


1152
1194
1248
1257
1200
1178
1186
1194
1202
1166
1136
1211
1222
1228
1249
1249
12
2
5
1263
1243
1280
1308
1253
1275
1341
142
0

1990
1941
1920
1894
1975
2027
1904
1662

1
508
1476
1506
1523
1533
1535
1675
1775
1
8
58
1946
2045
2147
2218
2241
2305
2448
2559


2697
2710
2766
2858
2869
2887
2896
2913


2905
2908
2919
2950
2937
2901
2899
2882
28
9
3
2871
2848
2795
2789
2767
2766
2736
269
0

2724
2695
2669
2604
2539
2497
2474
2479

2
480
2486
2367
2357
2370
2409
2410
2351
230
7

2225
2178
2157
2116
2006
1964
1926
2108


2187
2239
2199
2125
2042
2010
1968
1901
1
8
09
1759
1675
1505
1424
1395
1381
1265
11
3
5
934
783
624
487
418
315
316
336
371

4
94
545
601
703
742
815
968
985
1034
1126


1142
1206
1222
1218
1239
1250
1217
1267

1
332
1308
1334
1311
1337
1314
1295
1316
1296
1317
1329
1331
1290
1299
1335
1347
1436


1438
1526
1605
1669
1690
1710
1749
1808
1
8
10
1762
1783
1749
1786
1801
1763
1781
18
0
8
1829
1869
1918
1979
2279
2249
2316
2418


2498
2602
2683
2688
2743
2700
2743
2763
27
8
6
2822
2838
2839
2830
2833
2815
2795
2725
2682
2693
2686
2663
2654
2626
2649
2672
2642
2640
2631
2589
2595
2583
2598
2603
2603
2588
2559
2559
2546
2559
2467
2463
2441
2379
2307
2251
2165
2097
2061
2029
2022


1920
1861
1890
1886
1891
1872
1885
1873

1
884
1879
1835
1829
1794
1763
1790
1753
172
6

1751
1745
1704
477
365
301
336
322
368


389
476
587
695
740
829
930
962
1005
104
0

1069
1120
1136
1143
1159
1152
1118
1170


1199
1214
1191
1210
1238
1248
1281
1294
1
3
09
1265
1283
1317
1354
1360
1401
1453
146
7

1589
1648
1730
1815
1831
1887
1934
1895

1
923
1925
1879
1861
1795
1761
1834
1776
1
7
82
1859
1889
1868
1921
1942
1991
1996
19
7
0
2015
1977
1975
2026
2009
2031
2012
2011


1926
1763
1669
1616
1616
1596
1666
1762

2
779
2750
2661
2650
2553
2525
2559
2559
252
7

2544
2517
2498
2480
2452
2483
2437
2411


2440
2491
2478
2464
2437
2422
2448
2432
2
4
03
2399
2268
2262
2214
2139
2131
2074
20
3
4
2047
2064
2089
2112
2003
2018
2087
2111


2091
2047
1989
1969
1958
1947
1909
1854

1
796
1769
1759
1743
1729
1695
1644
1612
178
0

1979
2170
2199
2224
2176
2140
2118
2063


1968
1889
1787
1737
1690
1574
1205
1152
10
8
8
1103
1114
1136
1141
1110
1157
1167
115
3

1174
1163
1149
1196
1190
1232
1285
1202


1264
1339
1456
1533
1566
1601
1685
1791
1
8
50
1891
1845
1884
1936
1930
1951
1905
18
7
7
1887
1889
1940
1983
2022
1986
1986
1986


2035
2034
2035
2039
2027
2065
2091
2146

2
095
2106
2086
1917
1742
1610
1581
1535
158
9

1616
1627
1677
1725
1825
1913
1979
2064


2157
2202
2229
2337
2457
2690
2625
2583
2
5
17
2489
2489
2495
2541
2471
2410
2401
23
8
1
2408
2390
2320
2242
2213
2164
2160
2042
1939
1956
1917
1879
1854
1807
1885
1902
1894
1889
1901
1853
1949
1942
1921
1923
18
6
1
1843
1872
1865
1850
1859
1766
1786
1769
1746
1754
1901
2093
2212
2291
2339
2242

2
203
2117
2089
2064
1942
1899
1786
1670
156
2

1472
1443
1452
1230
1086
880
710
574
4
4
6
341
302
276
303
391
443
479
623
685
77
0

896
1456
1462
1424
1492
1579
1664
1706


1748
1782
1793
1826
1826
1841
1773
1755
17
1
2
1696
1696
1751
1841
1827
1807
1850
189
0

1939
1927
1925
1957
1983
2034
2058
2032

2
075
2117
2081
1953
1744
1666
1677
1654
16
6
2
1708
1776
1841
1875
1935
2111
2185
2233


2282
2307
2414
2528
2620
2705
2772
2818
2
8
26
2853
2855
2871
2880
2897
2883
2895
2891
2864
2860
2833
2839
2773
2755
2736
2717
2013
1927
1894
1837
1840
1877
1921
1918

1
909
1905
1904
1932
1936
1890
1862
1808
1
8
53
1845
1852
1802
1834
1806
1787
1810
1765


1803
1713
1840
2019
2187
2278
2279
2211


2167
2153
2107
2037
1919
1783
1766
1687
15
8
9
1495
1430
1383
1323
1168
1011
850
617


550
435
395
422
437
511
599
624
720
799

8
10
929
1036
1100
1136
1132
1131
1168
121
8

1242
1234
1207
1179
1211
1199
1222
1234

1
251
1286
1250
1264
1293
1878
1869
1863
19
0
5
1904
1885
1925
1973
1922
1959
1983
2005


2080
2091
2061
1887
1714
1661
1637
1662


1660
1680
1703
1793
1856
1920
2032
2080
21
7
5
2213
2278
2343
2416
2512
2586
2678
2783


2799
2821
2839
2842
2880
2878
2863
2905

2
913
2894
2886
2859
2831
2817
2749
2697
27
2
5
2674
2685
2675
2670
2641
2640
2657
2637


2624
2585
2622
2530
2492
2514
2515
2514

2
519
2497
2493
1747
1680
1704
1673
1633
161
9

1597
1616
1808
1992
2159
2185
2179
2215


2198
2165
2138
2086
1983
1890
1835
1744
1
5
84
1461
1394
1363
1328
1265
1085
853
650


560
551
526
479
490
497
550
604
648
703


761
864
969
1040
999
1073
1137
1202
1211


1168
1152
1165
1163
1157
1175
1184
1210
1238
1232
1232
1265
1316
1321
1325
1355
13
7
4
1401
1337
1407
1479
1557
1598
1622
166
3

1725
1824
1811
1886
1856
1890
1897
1861

1
822
1515
1599
1696
1778
1879
2026
2125
2
2
30
2288
2310
2394
2557
2640
2752
2754
2787


2834
2836
2864
2880
2887
2897
2919
2907


2941
2919
2901
2899
2886
2861
2831
2828
27
8
8
2740
2721
2693
2688
2666
2634
2620
2559


2559
2524
2522
2521
2512
2501
2535
2480

2
503
2497
2506
2473
2416
2375
2272
2192
21
4
7
2131
2090
2032
1996
1956
1919
1936
1990


2019
2028
2032
2002
1997
1927
1947
1535

1
401
1290
1226
1213
1110
1023
864
711
581


471
432
400
390
432
550
571
663
726
782


834
939
1040
1063
1121
1165
1151
1195
11
6
8
1203
1230
1216
1217
1226
1207
1239
1265


1296
1331
1264
1260
1277
1285
1293
1264

1
257
1267
1291
1330
1423
1448
1503
1613
166
9

1743
1776
1823
1857
1885
1904
1894
1875


1805
1833
1831
1833
1835
1851
1869
1852
1
8
73
1885
1963
1945
1953
1984
1991
2032
20
4
6
2094
2118
2154
2160
2837
2817
2829
2834


2827
2823
2814
2797
2819
2731
2736
2709

2
684
2681
2658
2625
2589
2587
2559
2608
25
4
9
2535
2499
2459
2480
2478
2497
2494
2476


2457
2481
2493
2469
2448
2390
2320
2249

2178
2127
2064
2000
1943
1952
1877
1890
190
9

1936
1905
1883
1897
1936
1982
1973
1958


1872
1872
1873
1875
1860
1851
1825
1763
1
7
27
1721
1711
1726
1715
1903
2091
2202
224
5

2245
2219
2178
958
998
1018
1054
1072
1
0
90
1105
1124
1149
1197
1186
1154
1196
120
9

1200
1219
1227
1205
1193
1195
1207
1257

1
242
1279
1298
1315
1339
1366
1409
1469
1
5
53
1593
1681
1683
1712
1779
1840
1840
1840


1853
1850
1873
1873
1887
1883
1855
1885


1911
1935
1965
1955
1973
1975
1977
1983
2
0
63
2013
2035
2087
2077
2122
2130
2015
18
3
3
1727
1645
1621
1561
1565
1617
1726
1821


1866
1914
2734
2639
2640
2595
2583
2597

2
551
2533
2491
2505
2505
2558
2507
2494
248
1

2468
2467
2462
2435
2379
2338
2288
2288


2230
2139
2091
2033
1967
1931
1917
1904
1
9
15
1906
1881
1901
1855
1884
1917
1895
19
0
6
1903
1885
1872
1882
1877
1899
1840
1840


1839
1780
1762
1760
1744
1713
1807
1959

2
126
2215
2245
2262
2241
2243
2151
2062
196
4

1907
1839
1738
1648
1483
1395
1395
1313


1210
1203
1203
1200
1242
1254
1269
1267
12
6
4
1282
1290
1308
1337
1346
1360
1331
14
0
7
1478
1519
1591
1618
1650
1691
1747
1781


1855
1805
1808
1801
1826
1826
1840
1841

1
826
1849
1866
1928
1919
1878
1890
1924
195
8

1936
1949
1961
1959
2000
2014
2067
2054


2121
1970
1818
1695
1651
1675
1648
1653
16
6
9
1778
1826
1887
2000
2128
2217
2242
229
4

2356
2463
2601
2704
2766
2801
2822
2464

2
390
2395
2391
2405
2358
2384
2406
2434
2
4
09
2361
2297
2231
2225
2167
2146
2039
2013


1995
1995
1977
1959
1957
1970
1961
1995


2018
2057
2062
2032
1964
1948
1954
1956
19
2
1
1875
1840
1839
1871
1831
1833
1781
173
4

1827
2011
2181
2274
2330
2257
2224
2147


2093
2102
2047
1931
1831
1698
1565
1501
1
4
20
1410
1338
1155
989
822
695
582
502
4
6
3
405
434
492
598
611
719
801
831
880
95
8

1054
1101
1171
1232
1296
1746
1755
1727


1753
1766
1776
1746
1773
1741
1795
1814
1
8
51
1871
1919
1983
1981
2003
2038
2101
20
8
5
2113
2113
2099
2090
2080
2091
2134
2145


2154
2019
1817
1681
1680
1664
1682
1685
1
7
12
1791
1840
1901
1974
2122
2173
2267
230
2

2401
2480
2605
2701
2741
2815
2830
2890


2865
2896
2896
2907
2915
2894
2912
2918
29
0
5
2877
2866
2817
2779
2751
2753
2698
266
3

2614
2559
2538
1930
1894
1843
1817
1799


1819
1833
1809
1789
1778
1767
1766
1755
1
7
13
1699
1693
1710
1686
1675
1669
1649
16
7
0
1828
2029
2167
2250
2256
2213
2192
2130


2087
2004
1951
1813
1744
1668
1587
1489

1
403
1379
1288
1045
835
699
569
416
375
35
7

364
430
471
569
631
718
736
811
832
9
4
7
1011
1083
1098
1109
1131
1124
1168
1196


1241
1225
1198
1229
1223
1203
1247
1277

1
256
1298
1343
1325
1360
1326
1353
1340
135
4

1924
1877
1904
1912
1968
2023
2027
2075


2069
1915
1775
1681
1649
1655
1569
1535
1
6
40
1742
1856
1947
2032
2118
2222
2278
229
7

2403
2490
2608
2662
2682
2729
2758
2786


2799
2815
2807
2846
2814
2831
2855
2866
2
8
47
2839
2800
2746
2703
2681
2707
2691
26
5
4
2658
2659
2626
2624
2621
2611
2605
2592


2559
2559
2498
2471
2482
2511
2514
2507

2
483
2414
2388
2358
2330
2240
2150
2088
174
9

1942
2159
2262
2295
2247
2226
2166
2140


2090
2015
1900
1808
1746
1638
1567
1415
1
3
81
1335
1081
813
603
463
336
270
239
317


315
349
439
541
599
686
789
853
951
1067


1089
1123
1159
1221
1255
1296
1289
1284


1295
1270
1303
1306
1330
1289
1327
1359
13
3
5
1342
1353
1340
1311
1360
1359
1361
1392


1370
1445
1520
1585
1629
1683
1770
1831


1863
1839
1869
1775
1809
1813
1809
1806

1
815
1840
1817
1828
1851
2094
2141
2181
222
5

2325
2472
2549
2613
2647
2668
2709
2736


2786
2819
2815
2843
2866
2880
2885
2898
2
8
14
2817
2819
2800
2778
2752
2704
2649
26
0
9
2623
2635
2559
2559
2547
2515
2512
2496


2511
2515
2478
2448
2435
2457
2431
2432

2
423
2421
2411
2388
2352
2283
2259
2187
215
9

2089
2005
2003
1962
1936
1930
1943
1937


1926
1935
1933
1889
1899
1916
1901
1909
19
0
3
1877
1840
954
752
599
494
351
297
302


303
343
386
511
545
647
756
816
928
103
6

1088
1106
1135
1152
1172
1216
1222
1249


1264
1232
1232
1255
1274
1290
1331
1311
1
3
31
1328
1347
1347
1375
1360
1333
1347
134
3

1385
1411
1494
1499
1575
1662
1735
1782

1
799
1831
1829
1853
1859
1841
1831
1786
1
7
82
1785
1777
1823
1854
1922
1918
1903
1935


1967
1925
1978
1979
1999
2002
2027
2027


2054
2064
2035
1895
1758
1673
1638
1617
28
3
2
2773
2773
2768
2694
2683
2640
2615
261
8

2614
2604
2557
2533
2521
2594
2535
2522

2
489
2511
2498
2497
2512
2480
2457
2433
2
4
48
2437
2406
2368
2318
2257
2202
2135
20
7
9
1995
1962
1936
1955
1878
1904
1936
1949


1954
1952
1941
1935
1938
1872
1855
1840

1
808
1838
1795
1763
1771
1767
1757
1762
172
4

1697
1719
1894
2129
2312
2366
2334
2258


2230
2224
2161
2047
1974
1851
1821
1134
1
0
71
1072
1091
1125
1093
1115
1200
1201
119
8

1205
1229
1234
1265
1271
1253
1297
1256

1
245
1296
1333
1386
1408
1469
1523
1629
1
6
76
1771
1728
1796
1869
1887
1872
1865
1872


1867
1881
1837
1843
1881
1857
1869
1903


1936
1945
1973
1968
1960
1975
1983
2041
20
0
3
2038
2071
2117
2130
2098
1968
1753
166
6

1663
1695
1677
1671
1734
1818
1898
1968


2047
2131
2193
2259
2313
2627
2559
2539
2
5
37
2512
2518
2493
2509
2434
2448
2479
24
6
9
2453
2422
2400
2385
2375
2337
2320
2208


2174
2128
2091
2005
1977
1979
1966
1942

1
979
1981
2017
1983
1995
2025
2015
2011
198
5

1927
1915
1886
1872
1877
1763
1775
1759


1757
1760
1728
1709
1749
1901
2093
2241
2
3
02
2285
2256
2175
2128
2035
1946
1862
17
7
3
1694
1585
1482
1361
1327
1319
1221
992

8
01
650
501
379
361
432
429
485
547
642

1
295
1247
1227
1234
1214
1302
1345
1445
151
7

1570
1629
1685
1718
1731
1776
1722
1731


1744
1751
1775
1763
1799
1808
1839
1865


1959
1948
1975
2027
2032
2015
1995
1991
20
0
0
2018
2079
2102
2118
2097
2059
1875
1738


1655
1649
1652
1627
1706
1773
1884
1871
1
9
35
2032
2154
2233
2256
2290
2365
2508
26
1
5
2711
2761
2768
2795
2818
2832
2880
2875


2864
2871
2882
2896
2896
2864
2847
2341

2
211
2131
2031
1968
1890
1849
1859
1835
180
8

1814
1835
1851
1907
1934
1957
1962
1921


1899
1904
1888
1903
1866
1799
1794
1807
1
7
74
1793
1714
1699
1709
1807
2039
2239
23
3
5
2343
2338
2289
2266
2175
2125
2062
1973


1876
1802
1671
1535
1471
1423
1374
1213

9
30
770
629
511
433
414
402
432
451
542

6
63
715
784
859
919
997
1072
1099
1126
1
1
68
1193
1221
1197
1181
1201
1195
1196
1233


1249
1232
1250
1295
1805
1755
1756
1783


1818
1846
1898
1952
2014
1967
1989
2059
20
5
7
2064
2111
2096
2122
2123
2042
1879
1712


1597
1561
1573
1572
1613
1671
1764
1793
1
8
61
1981
2103
2166
2230
2268
2402
2512
25
5
9
2638
2663
2702
2718
2782
2768
2807
2845


2859
2866
2867
2879
2864
2858
2841
2816

2
793
2752
2759
2757
2745
2721
2673
2643
260
8

2604
2593
2607
2516
2511
2515
2513
2526


2533
2587
2559
1823
1732
1712
1705
1701
1
6
97
1664
1636
1610
1615
1841
2041
2226
2
3
38
2359
2320
2256
2192
2148
2114
2010
1941


1789
1715
1585
1463
1409
1359
1268
975
7
4
7
573
479
384
307
370
437
464
541
587
67
1

750
803
879
960
1023
1119
1140
1143
12
0
0
1220
1243
1267
1269
1277
1333
1257
1274


1321
1312
1358
1407
1370
1355
1338
1308

1
315
1308
1287
1280
1287
1280
1285
1305
1
3
43
1426
1525
1627
1743
1744
1783
1818
1845


1650
1598
1613
1535
1591
1671
1789
1872


1947
2069
2131
2192
2251
2334
2453
2592
26
8
1
2729
2751
2738
2751
2757
2799
2833
285
2

2867
2827
2838
2846
2815
2802
2785
2754

2
717
2666
2622
2628
2558
2544
2549
2540
2
5
15
2467
2463
2421
2442
2430
2451
2478
2421


2443
2463
2455
2500
2457
2466
2467
2432

2
371
2349
2227
2175
2148
2097
2019
2000
195
9

1913
1910
1909
1917
1913
1910
1946
1881


1773
1678
1599
1488
1377
1359
1316
1101
8
5
1
661
489
388
335
355
420
417
464
560

6
27
747
827
894
967
1055
1116
1138
1182
11
8
6
1220
1267
1257
1232
1222
1229
1231
126
6

1268
1343
1312
1312
1311
1314
1354
1361

1
368
1375
1361
1358
1390
1360
1396
1490
1
6
05
1645
1687
1715
1757
1818
1885
1905
1935


1871
1872
1867
1862
1851
1845
1853
1840


1895
1922
1983
1911
1932
1964
1985
2015

2
032
2035
2013
2006
2768
2781
2798
2829
282
7

2831
2832
2845
2853
2846
2815
2798
2779


2733
2688
2672
2650
2635
2631
2618
2643
2
5
95
2614
2623
2597
2549
2525
2517
2518
249
8

2477
2479
2442
2427
2411
2416
2413
2374

2
320
2270
2235
2182
2117
2099
1958
1935
1
9
45
1906
1866
1921
1930
1918
1915
1918
1936


1913
1893
1889
1871
1866
1855
1778
1736


1744
1786
1770
1757
1693
1709
1707
1877
20
8
2
2226
629
641
683
748
829
902
971
1036


1068
1068
1090
1136
1155
1157
1201
1211
1
2
03
1226
1232
1250
1252
1299
1279
1330
13
0
5
1310
1331
1331
1336
1335
1358
1346
1346


1392
1479
1520
1597
1648
1703
1755
1774
1
8
18
1841
1837
1799
1770
1776
1772
1799
18
2
1
1827
1839
1863
1895
1926
1967
1953
2016


1976
2001
2015
2027
2042
2032
2107
2127

2
160
2037
1873
1717
1643
1687
1698
1664
170
2

1744
1839
1914
2670
2624
2559
2557
2559


2559
2559
2522
2528
2507
2435
2423
2445


2439
2421
2410
2382
2377
2390
2419
2448
23
8
4
2359
2320
2286
2256
2213
2170
2108
202
7

1984
1999
2003
1984
2005
2019
1995
1963

1
938
1957
1966
1974
1935
1958
1906
1904
1
8
75
1882
1903
1904
1920
1861
1828
1778
174
4

1799
1961
2149
2241
2282
2266
2202
2171
2
1
28
2089
2007
1922
1766
1695
1584
1488
14
2
6
1367
1337
1207
1210
1216
1246
1249
1275


1296
1283
1312
1280
1291
1323
1339
1407

1
401
1408
1424
1471
1531
1600
1657
1695
177
6

1757
1814
1856
1867
1866
1827
1831
1783


1820
1808
1847
1821
1835
1916
1940
1930
1
9
26
1950
1947
1950
1958
1983
2000
1981
20
1
5
2064
2073
2082
1961
1793
1670
1633
1627


1699
1665
1702
1829
1933
1965
2053
2142

2
239
2285
2283
2326
2402
2495
2628
2739
2
8
06
2491
2466
2452
2389
2369
2386
2363
2361


2367
2377
2338
2316
2288
2265
2178
2128
2
0
70
2025
1951
1904
1872
1853
1875
1904
19
4
7
1947
1936
1950
1933
1943
1934
1927
1873


1823
1797
1792
1834
1779
1783
1779
1773

1
749
1716
1711
1803
1988
2192
2320
2317
2
2
84
2211
2153
2080
1973
1904
1797
1731
1647


1506
1401
1304
1311
1281
1186
958
800
6
3
6
509
454
443
464
400
464
542
608
672
73
3

805
907
1023
1105
1168
1155
1563
1571

1
629
1667
1741
1770
1775
1744
1757
1733
170
5

1713
1744
1751
1750
1825
1851
1926
1872


1887
1927
1921
1954
1997
2027
2043
2075
2
1
13
2128
2115
2096
1966
1806
1655
1587
15
8
4
1584
1602
1662
1735
1851
1838
1915
2044


2160
2229
2268
2336
2419
2530
2637
2757
2
7
58
2799
2815
2827
2832
2869
2880
2889
2895


2891
2896
2895
2865
2877
2849
2839
2783


2754
2736
2726
2724
1797
1754
1750
1778
18
1
3
1843
1895
1921
1951
1899
1887
1876
190
4

1899
1889
1853
1819
1810
1793
1793
1767

1
758
1759
1744
1776
1953
2159
2263
2323
2
3
13
2253
2197
2087
1999
1929
1867
1808
1721


1583
1462
1414
1392
1379
1268
1104
912

7
41
592
481
399
339
336
364
427
543
595


682
755
829
934
1014
1113
1129
1153
1154

1
195
1182
1202
1248
1251
1264
1250
1275
1
3
06
1329
1347
1371
1360
1372
1401
1392
1351


1323
1898
1931
1872
1915
1946
1951
1981

2
040
2086
2096
2067
1879
1754
1593
1602
16
1
6
1615
1615
1648
1754
1837
1910
2003
2161


2245
2286
2346
2411
2507
2624
2709
2787
2
8
32
2837
2832
2864
2864
2883
2895
2911
28
9
6
2898
2879
2845
2825
2810
2820
2769
2726


2702
2687
2653
2630
2631
2608
2588
2592

2
559
2551
2494
2486
2470
2485
2492
2496
249
3

2461
2474
2454
2480
2406
2411
2393
2320


1691
1616
1597
1616
1769
1967
2103
2192
2
1
58
2124
2069
2029
2000
1917
1849
1727
16
3
1
1535
1505
1471
1428
1347
1219
1125
925


807
579
465
400
373
365
427
481
539
640

7
35
811
899
986
1014
1058
1090
1105
1135


1164
1183
1199
1190
1227
1165
1184
1232
12
4
5
1257
1270
1277
1290
1277
1286
1333
133
9

1361
1380
1351
1350
1408
1462
1535
1618

1
682
1727
1795
1787
1872
1879
1918
1903
1
8
72
1842
1839
1862
1841
1832
1840
1901
2016


2080
2160
2236
2304
2384
2480
2638
2731


2800
2821
2861
2858
2874
2896
2903
2915
28
8
4
2885
2885
2864
2835
2822
2797
2747
273
6

2701
2704
2639
2637
2664
2659
2642
2617


2591
2549
2502
2522
2555
2532
2486
2499
2
4
81
2495
2485
2491
2445
2412
2379
2333
231
0

2224
2193
2141
2070
2021
1987
1968
1921


1951
1959
1994
1946
1929
1949
1965
1946
1
9
27
1889
1873
1840
1407
1298
1166
1045
923


760
597
511
480
511
448
478
533
609
672
755
839
918
1009
1058
1154
1161
1182
1211
1239
1211
1210
1203
1155
1184
1230
1232
1299
1213
1218
1222
1253
1269
1232
1210
1209
1243
1269
1350
1338
1379
1406
1487
1532


1620
1664
1708
1759
1807
1827
1840
1828


1844
1837
1826
1824
1838
1866
1885
1934
19
8
9
2017
1998
2039
2060
2032
2027
2065
208
0

2074
2081
2078
2112
2132
2128
1967
1799

2
880
2850
2878
2835
2772
2774
2749
2703

2
691
2663
2646
2591
2559
2559
2608
2542
2542


2547
2512
2478
2463
2466
2466
2475
2465


2470
2416
2427
2439
2449
2417
2354
2297
22
1
7
2207
2169
2109
2047
1966
1936
1987
197
9

1998
2014
2035
2027
2039
2032
2080
2009

1
972
1939
1947
1939
1911
1911
1848
1817
1808
1797
1796
1769
1730
1715
1827
2016
2186
2255
2245
2225
2180
2167
2063
1069
1060


1067
1099
1109
1180
1152
1158
1188
1203
11
7
4
1190
1191
1218
1259
1285
1309
1298
129
6

1322
1328
1328
1339
1339
1357
1344
1398


1418
1511
1517
1622
1703
1776
1824
1856
1
8
47
1861
1865
1854
1884
1807
1799
1795
18
2
2
1872
1893
1907
1875
1904
1939
1968
1986


1956
1975
1990
2006
2037
2054
2066
2079

2
037
1836
1721
1575
1565
1575
1586
1622
169
1

1769
1841
1904
2055
2192
2742
2703
2657


2621
2602
2599
2602
2518
2513
2513
2499
2
4
96
2490
2483
2444
2422
2418
2411
2407
233
1

2319
2256
2163
2104
2034
1968
1919
1882

1
893
1927
1867
1897
1895
1910
1926
1943
1
9
38
1908
1915
1858
1857
1853
1808
1783
1760


1744
1752
1758
1744
1706
1697
1671
1743


1904
2103
2206
2258
2245
2193
2186
2144
20
8
0
2011
1935
1816
1747
1654
1588
1511
145
9

1421
1311
1178
962
1147
1111
1075
1053


1071
1075
1126
1169
1217
1170
1217
1231
12
5
9
1305
1339
1414
1462
1567
1639
1712
175
9

1783
1831
1871
1891
1885
1901
1899
1897

1
869
1873
1903
1871
1914
1948
1945
1958
1
9
59
1965
1979
1994
2064
2119
2083
2064
2107


2149
2175
2064
1873
1675
1570
1555
1573
1610
1622
1719
1820
1872
1931
2021
2135
2217
2295
2304
2430
2473
2559
2682
2774
2831


2859
2890
2896
2461
2411
2384
2365
2369
2379
2349
2301
2283
2226
2206
2118
2086
20
5
4
1984
1948
1920
1885
1899
1916
1936
1967


1904
1951
1955
1953
1981
1949
1923
1907

1
904
1885
1879
1840
1808
1764
1791
1776
17
6
2
1716
1709
1815
2056
2206
2302
2242
2195


2168
2111
2063
1991
1907
1801
1728
1629

1
584
1482
1424
1383
1274
1155
1023
820
617


480
410
386
362
347
437
511
625
716
786
861
977
1053
1063
1159
1131
1183
1171
1767
1689
1716
1776
1765
1769
1793
1761
1759
1766
1776
1776
1813
1872
1885
1878
1870
1
9
59
2000
2004
1999
2001
1986
1994
2058
20
9
4
2146
2092
1979
1819
1711
1665
1648
1611


1612
1668
1754
1879
1874
1956
2091
2205

2
240
2288
2328
2384
2463
2548
2669
2801
281
5

2829
2848
2882
2885
2891
2903
2911
293
0

2918
2925
2896
2879
2854
2811
2783
2777

2
739
2709
2683
2675
2684
2670
1887
1842
1
8
34
1828
1826
1845
1888
1877
1869
1869
1847


1795
1799
1812
1825
1810
1789
1808
1751


1744
1712
1732
1901
2096
2203
2276
2256
22
2
4
2194
2141
2079
1995
1905
1852
1774
1646


1522
1459
1409
1366
1334
1155
944
774
58
6

496
432
399
387
371
417
547
587
692
78
4

881
1008
1067
1127
1168
1186
1209
1223
1
2
35
1186
1230
1233
1235
1232
1212
1221
12
4
7
1296
1289
1342
1307
1296
1300
1311
1323


1360
1342
1963
1898
1914
1936
1939
1985

1
996
2021
2064
1946
1770
1645
1535
1580
16
1
3
1631
1668
1723
1804
1870
1984
2099
2226


2195
2224
2302
2390
2505
2559
2647
2736
2
7
83
2832
2855
2874
2880
2893
2901
2914
29
1
9
2918
2898
2885
2887
2839
2836
2781
2797


2767
2729
2718
2665
2633
2623
2601
2599

2
618
2526
2486
2487
2478
2486
2526
2549
253
7

2484
2482
2478
2460
2423
2368
2303
2212


2142
1575
1591
1680
1896
2032
2137
2141
2
1
30
2117
2098
2057
1969
1867
1737
1663
16
1
1
1559
1490
1424
1316
1210
1175
1061
874

7
02
501
466
436
413
464
491
511
576
670


757
912
947
1038
1088
1136
1200
1237
1253


1231
1201
1205
1235
1215
1185
1203
1181

1
202
1216
1210
1200
1193
1227
1227
1290
1
2
64
1286
1329
1365
1387
1397
1471
1533
1634


1722
1795
1791
1792
1824
1843
1872
1911


1895
1840
1807
1786
1839
1906
1999
2055
21
1
7
2155
2218
2288
2413
2447
2535
2658
2731


2770
2829
2839
2866
2864
2855
2877
2852
2
8
59
2877
2863
2855
2831
2797
2734
2720
26
9
5
2672
2662
2619
2608
2615
2597
2553
2545


2515
2484
2475
2448
2511
2463
2505
2521

2
509
2495
2480
2511
2517
2507
2432
2374
228
6

2175
2135
2064
2000
1950
1897
1901
1913


1961
1975
2015
1936
1954
2001
2002
1991
1
9
33
1890
1855
1839
1264
1113
977
841
650


452
366
310
319
333
300
373
465
573
688


797
870
960
1036
1088
1182
1168
1239
1250
1231
1217
1222
1219
1224
1236
1247
1294
1280
1264
1264
1251
1254
1237
1223
1234
12
44
1266
1262
1313
1297
1360
1449
1535
162
6

1683
1755
1805
1825
1870
1936
1878
1869

1
866
1861
1861
1863
1872
1882
1898
1952
19
8
2
1979
1969
2038
2078
2059
2037
2090
2107


2121
2129
2174
2213
2167
2046
1862
1746

1
711
2846
2849
2811
2791
2762
2724
2706
267
2

2653
2641
2624
2642
2651
2661
2613
2627


2599
2591
2588
2610
2623
2595
2594
2583


2602
2529
2559
2559
2512
2449
2406
2343
22
7
4
2208
2142
2093
2032
1962
1938
1926
1911


1903
1889
1863
1859
1869
1858
1871
1829
1
8
04
1805
1790
1797
1764
1769
1744
1734
1721
1733
1665
1676
1664
1749
1921
2111
2256

2291
2288
2273
2240
2183
2112
2037
1986

1
072
1054
1069
1087
1048
1058
1082
1092
110
4

1146
1160
1165
1180
1222
1271
1243
1236


1286
1298
1303
1323
1363
1395
1437
1531
1
5
95
1652
1701
1791
1867
1904
1931
1985
20
0
0
1996
1958
1955
1995
1925
1893
1929
1906
1937
1972
1981
1937
1957
1987
2029
1978

1
981
1968
1967
1957
1970
1991
1981
1968
18
1
1
1632
1534
1470
1461
1469
1493
1568
165
8

1773
1819
1930
2044
2197
2209
2559
2526

2
487
2490
2496
2453
2378
2333
2384
2370
2
3
85
2370
2385
2362
2355
2338
2363
2378
2321


2295
2241
2183
2125
2102
2047
2000
1964


1913
1936
1894
1929
1962
1965
1936
1926
19
2
8
1964
1936
1899
1872
1851
1818
1833
1815
1772
1731
1698
1670
1645
1611
1534
1617

1
733
1939
2065
2107
2032
2022
1990
1943
18
7
3
1776
1734
1657
1613
1569
1472
1392
1354


1312
1226
1111
917
740
581
1142
1086
105
0

1041
1045
1082
1139
1104
1122
1170
1190

1
235
1344
1458
1499
1584
1670
1776
1843

1
871
1927
1929
1903
1904
1915
1924
1911
190
2

1922
1958
1983
2039
2046
2064
2081
2091


2104
2096
2118
2130
2157
2113
2118
2186
21
9
3
2181
2000
1785
1624
1605
1597
1606
156
6

1522
1614
1685
1745
1831
1943
2008
2073

2
164
2238
2373
2455
2583
2709
2778
2838
2
8
93
2883
2901
2918
2910
2501
2423
2371
2343
2283
2219
2164
2110
2057
1979
1947
1907
1898
1895
1859
1872
1901
1954
2005
2090
20
4
6
2070
2107
2083
2080
2047
2015
1973
196
3

1968
1985
1950
1920
1904
1904
1910
1915

1
883
1895
2047
2233
2367
2416
2352
2304
2
2
40
2155
2070
1990
1908
1812
1683
1523
1452


1333
1277
1211
1111
965
770
577
404
353


320
300
334
338
452
529
639
739
823
89
1

1014
1099
1141
1228
1232
1247
1323
1350

1
345
1729
1732
1653
1648
1660
1690
1683
1
7
07
1713
1754
1809
1894
1947
1978
1974
2031


2042
2062
2082
2095
2078
2035
2081
2114


2179
2162
2018
1847
1747
1719
1680
1698
17
0
5
1734
1873
1985
1997
2065
2175
2246
2279


2308
2330
2448
2555
2658
2705
2756
2728

2
768
2801
2801
2842
2834
2832
2819
2850
28
6
2
2866
2809
2803
2800
2781
2774
2757
2729


2713
2715
2714
2730
2687
2658
2669
2666

1
728
1710
1719
1719
1658
1659
1648
1616
161
4

1616
1661
1662
1673
1646
1671
1644
1670


1697
1872
2063
2197
2286
2307
2298
2259
2
1
97
2128
2010
1941
1907
1839
1750
1631
15
6
5
1490
1483
1434
1306
1010
815
656
511
46
4

416
366
336
375
464
592
624
667
701
7
9
1
905
959
1005
1035
1065
1061
1074
1108


1077
1106
1113
1158
1154
1159
1161
1198
12
2
8
1241
1303
1249
1232
1261
1255
1243
124
7

1270
1280
1326
1392
1482
1955
1950
1946

1
958
1938
1774
1603
1519
1446
1454
1498
1
6
03
1671
1747
1814
1883
2019
2160
2319
2310


2345
2415
2487
2588
2671
2768
2822
2851

2
880
2897
2878
2873
2906
2907
2918
2912
2
8
98
2880
2853
2835
2817
2774
2704
2698
2641


2631
2583
2559
2559
2559
2587
2558
2549


2483
2499
2518
2512
2480
2451
2453
2421
24
1
5
2433
2389
2355
2306
2257
2226
2174
213
4

2096
2046
1998
2000
2135
2175
2112
2065

2
036
1973
1941
1846
1827
1708
1594
1513
14
2
4
1367
1319
1253
1134
994
788
619
481
36
3

341
338
397
415
496
562
651
783
852
10
0
3
1001
1054
1108
1142
1163
1161
1169
1199


1194
1193
1209
1197
1168
1220
1276
1297

1
317
1313
1303
1299
1328
1341
1401
1296
133
5

1341
1359
1407
1458
1497
1526
1585
1684


1799
1831
1840
1894
1883
1846
1845
1844

1
837
1806
1789
1821
1833
1810
1870
1878
222
7

2225
2279
2417
2500
2618
2739
2849
2864


2892
2854
2863
2896
2924
2923
2915
2914


2923
2917
2895
2895
2869
2866
2864
2863
28
4
6
2832
2788
2784
2769
2730
2704
2667
263
9

2590
2559
2544
2559
2494
2467
2493
2481

2
480
2465
2449
2395
2351
2296
2218
2130
2
0
46
1994
1968
1938
1931
1904
1898
1919
1945


1965
2014
1968
1981
1990
1984
1963
1950

1
919
1898
1891
1904
1917
1855
1851
603
384


334
277
256
254
256
353
432
558
642
713


810
915
1010
1076
1154
1131
1179
1243
12
6
4
1296
1289
1271
1247
1261
1271
1347
133
9

1311
1315
1353
1341
1354
1341
1314
1333

1
357
1369
1418
1395
1459
1494
1575
1637
16
9
5
1758
1768
1809
1790
1829
1762
1793
1810


1807
1786
1742
1735
1732
1745
1820
1840

1
844
1852
1891
1933
1971
1984
1980
2010
203
2

2074
2109
2192
2128
2000
1874
1782
1724


1674
1642
1648
2768
2703
2651
2593
2559
2
5
57
2509
2527
2527
2541
2559
2533
2544
25
2
7
2512
2526
2529
2533
2509
2529
2499
2517


2502
2512
2509
2470
2406
2357
2319
2262

2
202
2125
2086
2043
1982
1991
1969
1953
193
9

1947
1937
1939
1925
1893
1919
1856
1870


1863
1845
1810
1761
1776
1729
1726
1731
1
7
44
1682
1638
1618
1660
1842
2025
2157
22
1
9
2186
2165
2138
2106
2000
1939
1920
187
1

1773
1193
1119
1023
1060
1102
1144
1111

1
105
1090
1166
1191
1214
1252
1166
1165
1
1
75
1195
1235
1265
1290
1271
1329
1401
1503


1568
1604
1711
1755
1777
1818
1838
1855


1883
1879
1860
1875
1795
1811
1861
1891
19
3
8
1954
1970
1974
2011
2053
2114
2074
2047


2047
2063
2084
2109
2159
2142
2119
1924

1
767
1673
1594
1600
1599
1647
1703
1776
18
3
0
1875
2000
2124
2282
2256
2293
2375
2466


2629
2555
2537
2482
2438
2452
2449
2449

2
457
2447
2431
2429
2417
2409
2416
2341
230
1

2247
2176
2121
2066
1997
1938
1902
1851


1882
1813
1823
1852
1908
1920
1917
1891
1
9
18
1897
1885
1873
1845
1795
1825
1835
17
9
5
1739
1709
1677
1650
1648
1627
1765
1926


2156
2268
2311
2302
2239
2214
2159
2111

2
031
1951
1811
1691
1631
1566
1483
1437
1
3
49
1237
1088
882
709
599
465
426
450
454


457
508
1343
1217
1205
1254
1281
1342
14
4
0
1520
1571
1627
1712
1779
1821
1869
1947


1975
1955
1937
1919
1915
1904
1876
1894

1
941
1914
1929
1938
1934
1917
1942
1977
1988


1986
2008
2058
2032
2070
2128
2134
2096


1920
1769
1665
1643
1648
1644
1663
1681

1
781
1863
1968
2057
2161
2195
2203
2269
236
8

2549
2627
2736
2805
2846
2836
2882
2897


2903
2905
2917
2928
2913
2918
2925
2912
2
8
73
2199
2099
2033
1927
1901
1881
1863
184
0

1770
1776
1791
1827
1830
1885
1843
1887

1
913
1934
1904
1879
1849
1815
1791
1827
1
8
90
1858
1790
1808
1780
1773
1771
1744
1842


2032
2221
2287
2352
2279
2258
2247
2204


2159
2077
1953
1825
1738
1633
1611
1489
14
0
3
1297
1164
979
782
587
405
321
289
291


309
308
424
511
627
691
759
842
925
101
5

1072
1150
1095
1088
1147
1137
1164
1191

1
209
1197
1195
1210
1277
1281
1789
1783
1
7
71
1791
1816
1817
1881
1898
1953
1958
19
3
6
1956
1975
1978
2002
2035
2035
2090
1986


1840
1734
1625
1575
1535
1571
1585
1701

1
793
1877
1927
1968
2111
2211
2265
2291
235
5

2413
2533
2658
2778
2845
2827
2864
2872


2884
2898
2882
2895
2894
2896
2902
2914
2
8
67
2838
2832
2812
2777
2768
2731
2707
270
3

2723
2731
2702
2629
2617
2559
2540
2543


2531
2480
2448
2468
1815
1735
1722
1737
1
7
34
1703
1682
1673
1670
1616
1661
1648
1728


1905
2081
2210
2246
2254
2224
2165
2109


2032
1959
1895
1794
1684
1535
1466
1418
1
3
92
1297
1225
1001
847
679
553
417
336
30
5

318
384
435
528
617
673
778
895
997
1045
1062
1071
1095
1136
1168
1199
1137
1156
1142
1152
1161
1232
1251
1273
1297
1307
1378
1350
1322
1344
1353
1392
1413
1433
1429
1455
1520
1590
1668
1680
1751
1808
1799
1851
1715
1597
1498
1488
1515
1575
1667

1
759
1862
1923
2032
2160
2260
2259
2320
244
3

2519
2630
2752
2826
2863
2890
2889
2923


2917
2918
2911
2899
2898
2901
2898
2877
2
8
29
2802
2755
2774
2691
2652
2623
2634
26
2
4
2639
2659
2634
2624
2583
2594
2512
2496


2514
2525
2505
2499
2464
2438
2432
2465

2
453
2474
2384
2346
2305
2252
2239
2187
2
1
29
2066
2065
2046
2067
2005
2002
2013
2015


1954
1808
1751
1637
1531
1461
1435
1408


1348
1274
1072
933
749
593
476
391
375
41
3

455
511
588
658
750
838
922
1069
1073


1120
1136
1161
1149
1185
1199
1170
1194
11
8
0
1174
1189
1166
1157
1200
1227
1226
1250


1254
1222
1257
1296
1344
1307
1305
1345

1
411
1466
1561
1635
1693
1760
1839
1930
19
2
5
1921
1916
1904
1881
1889
1911
1874
1824


1813
1849
1899
1903
1893
1884
1907
1935

1
947
1910
1889
1909
1907
2799
2809
2829
286
4

2860
2894
2898
2906
2891
2896
2889
2857


2835
2811
2768
2753
2704
2689
2615
2593
2
5
37
2559
2601
2544
2496
2467
2448
2435
24
6
7
2434
2448
2416
2450
2489
2491
2471
2445


2442
2448
2442
2407
2336
2234
2110
2100

2
065
2055
2015
1957
1906
1904
1975
1998
1
9
91
1950
1951
2000
2001
1974
1903
1871
1838


1824
1836
1849
1733
1649
1649
1681
1664


1634
1690
1862
579
615
629
668
730
805
93
5

1009
1035
1072
1117
1113
1139
1173
1155


1166
1183
1192
1143
1103
1135
1231
1233
1
2
50
1249
1241
1233
1261
1257
1280
1288
129
4

1303
1360
1387
1459
1535
1617
1680
1727


1789
1819
1871
1902
1936
1888
1870
1901
1
9
06
1903
1879
1871
1905
1974
2015
2013
19
9
3
1975
2032
2042
2065
2096
2085
2103
2117


2147
2142
2236
2059
1857
1698
1595
1584
1
6
03
1627
1629
1691
1811
2725
2687
2615
255
9

2527
2544
2551
2559
2555
2494
2512
2521


2506
2496
2480
2442
2468
2489
2473
2482
24
1
5
2458
2510
2493
2435
2354
2294
2205
216
1

2096
2082
1998
1931
1921
1905
1911
1947

1
968
1965
1964
1980
1997
2003
1961
1953
1
9
45
1881
1842
1851
1842
1777
1766
1748
1757


1679
1653
1746
1950
2128
2231
2271
2288

2
240
2233
2180
2053
1939
1891
1813
1744
1
6
37
1511
1433
1182
1142
1102
1075
1053
1081


1158
1168
1174
1166
1226
1180
1182
1233


1263
1245
1266
1291
1340
1392
1489
1606

1
671
1744
1825
1865
1899
1950
1966
1979
193
9

1923
1911
1925
1865
1873
1901
1904
1950


1981
1984
1968
2005
2045
2069
2032
2023
2
0
31
2064
2067
2065
2071
2063
1952
1796
16
5
3
1586
1520
1525
1504
1593
1655
1740
1791


1837
1977
2041
2160
2129
2251
2403
2528
2
6
21
2666
2626
2551
2516
2523
2495
2479
246
3

2477
2452
2430
2421
2406
2373
2260
2196


2149
2094
2036
1956
1903
1838
1790
1789
1
8
58
1813
1846
1886
1863
1869
1879
1879
18
7
7
1853
1842
1847
1867
1823
1847
1849
1861


1867
1861
1845
1805
1755
1925
2179
2286
2
3
68
2352
2327
2256
2213
2160
2038
1939
183
4

1791
1691
1565
1470
1409
1389
1340
1129


882
717
579
463
368
282
331
384
443
496

5
81
657
753
847
909
1054
1043
1424
1419

1
443
1518
1606
1728
1739
1717
1731
1746
175
5

1766
1777
1778
1769
1773
1808
1863
1862


1908
1939
1947
1963
1977
2002
1971
1989
1
9
81
2043
2014
2059
2085
2107
1998
1822
16
8
7
1643
1607
1608
1654
1682
1749
1873
1911


1984
2112
2239
2304
2309
2353
2517
2666

2
709
2807
2844
2855
2837
2855
2865
2895
288
3

2903
2930
2896
2894
2894
2877
2864
2847


2827
2768
2753
2761
2736
1927
1865
1804
1
8
01
1808
1847
1893
1984
1951
1955
1927
19
3
6
1929
1938
1919
1858
1840
1840
1869
179
7

1730
1699
1685
1683
1663
1798
1970
2141

2
297
2299
2274
2173
2112
2073
2028
1975
1
8
50
1766
1654
1572
1465
1503
1427
1349
1142


899
727
621
464
375
314
321
385
437
50
9

567
640
726
816
945
1060
1102
1103
1124


1225
1209
1257
1278
1237
1232
1229
1231
1
2
14
1238
1215
1266
1226
1243
1273
1255
1267


1253
1979
1930
1866
1900
1933
1974
1995


1973
1968
1987
2030
2046
2098
1913
1725
16
0
4
1526
1574
1535
1509
1523
1593
1735
185
9

1914
1959
2061
2143
2218
2295
2443
2544

2
603
2672
2742
2794
2773
2811
2832
2827
2
8
48
2883
2889
2896
2911
2881
2891
2844
2851


2854
2833
2790
2753
2761
2731
2721
2704


2721
2709
2677
2666
2639
2621
2607
2595
25
8
8
2559
2553
2485
2519
2442
2417
2403
179
8

1758
1715
1703
1634
1585
1791
2023
2185

2
289
2292
2263
2231
2191
2146
2112
1981
1
9
03
1863
1781
1636
1488
1424
1427
1371
11
3
6
923
677
551
464
384
343
353
368
377
464


511
639
701
722
791
902
979
1071
1140

1
141
1158
1181
1215
1286
1297
1321
1347
1
3
40
1327
1339
1374
1379
1401
1381
1389
1333


1313
1308
1310
1314
1296
1341
1387
1437


1466
1535
1658
1706
1776
1814
1859
1879
19
1
4
1895
1870
1866
1865
1929
1776
1793
186
5

1929
2032
2125
2250
2225
2294
2477
2630

2
726
2783
2814
2815
2826
2835
2863
2864
28
6
2
2880
2878
2896
2896
2907
2851
2851
2842


2800
2799
2743
2727
2692
2670
2627
2643

2
615
2559
2525
2481
2512
2507
2519
2513
250
9

2510
2490
2466
2442
2445
2417
2398
2384


2311
2270
2240
2154
2095
1989
1966
1948

1
954
1945
2032
2006
2023
2054
2038
2030
200
0

2029
2027
2026
1968
1411
1304
1241
1023


778
597
384
275
278
227
266
287
307
380


453
581
720
817
897
1010
1052
1104
1207


1275
1313
1312
1275
1245
1293
1325
1376
13
5
6
1280
1260
1297
1315
1308
1279
1221
120
6

1223
1223
1308
1251
1260
1292
1333
1419

1
535
1620
1648
1711
1725
1808
1839
1881
1
9
23
1892
1840
1792
1798
1808
1833
1812
1815


1821
1793
1822
1861
1917
1976
2001
1970


1938
1947
2000
2122
2097
2098
2081
2114

2
021
2859
2859
2841
2834
2874
2855
2832
282
2

2814
2766
2725
2695
2674
2677
2639
2622

2
613
2591
2559
2559
2542
2499
2487
2453
2
4
92
2426
2397
2415
2395
2386
2363
2354
22
9
1
2243
2179
2126
2054
1952
1931
1943
1941


1937
1883
1809
1770
1798
1862
1919
1834

1
791
1779
1781
1828
1875
1887
1808
1753
176
2

1835
1871
1874
1886
1855
1800
1770
1983


2193
2335
2415
2383
2351
2288
2297
2270
9
5
9
990
1003
1047
1008
1049
1136
1153
1154


1218
1232
1249
1267
1317
1405
1420
1367
14
0
7
1392
1348
1322
1328
1344
1389
1439
144
3

1517
1521
1609
1659
1723
1761
1806
1847

1
869
1885
1835
1843
1741
1732
1712
1717
1
6
92
1680
1728
1769
1814
1863
1904
1881
1886


1920
1936
1919
1910
1925
1962
2016
2112


2138
2177
2016
1851
1776
1743
1743
1744
17
4
5
1760
1841
1904
1977
2017
2093
2698
261
2

2606
2559
2559
2518
2494
2483
2468
2462

2
483
2481
2495
2511
2505
2512
2555
2512
2
5
49
2529
2449
2391
2336
2293
2224
2128
2061


2059
2014
1961
1969
1941
1947
1977
1982


1968
1971
1949
1927
1936
1892
1886
1879

1
817
1799
1791
1808
1778
1761
1738
1773
170
5

1707
1936
2181
2298
2381
2371
2307
2267


2198
2192
2095
1993
1913
1835
1714
1557
1
4
71
1440
1403
1353
1115
895
1232
1200
1236


1275
1328
1323
1341
1264
1292
1313
1329
1
3
60
1343
1353
1399
1482
1568
1670
1705
17
1
8
1771
1850
1866
1887
1873
1819
1791
1802


1824
1866
1778
1750
1759
1809
1861
1889

1
918
1930
1958
1997
2066
2047
2032
2069
208
1

2099
2114
2149
2146
1951
1758
1680
1680


1642
1660
1647
1695
1787
1894
1920
1953
2
0
78
2134
2239
2239
2332
2502
2622
2683
27
1
1
2749
2768
2799
2845
2502
2448
2427
2424


2423
2403
2375
2353
2333
2255
2193
2130

2
078
1983
1898
1821
1785
1791
1773
1808
179
2

1778
1839
1850
1841
1835
1817
1781
1782


1791
1792
1754
1735
1747
1802
1819
1845

1
856
1821
1824
1845
2061
2248
2303
2378
237
7

2288
2227
2150
2079
1959
1887
1795
1729


1578
1447
1430
1402
1365
1283
1063
836
66
2

502
368
263
197
223
247
287
390
510
5
7
6
656
711
784
934
923
983
1066
1113
1187


1200
1217
1799
1748
1758
1729
1715
1703

1
698
1712
1697
1699
1683
1757
1767
1841
187
1

1903
1936
1962
1984
1998
2033
2058
2112


2096
2119
2143
2160
2026
1851
1713
1678


1671
1653
1681
1761
1795
1900
1987
2057
21
2
6
2191
2251
2285
2385
2530
2662
2662
2762


2805
2811
2815
2814
2815
2847
2856
2865

2
879
2864
2871
2849
2841
2829
2797
2787
276
1

2729
2731
2723
2715
2698
2684
2643
2608


2559
1902
1897
1855
1878
1902
1899
1902
1
8
89
1911
1857
1843
1803
1755
1728
1689
16
8
0
1680
1648
1632
1825
2030
2193
2281
2271


2240
2160
2160
2130
2073
1983
1854
1762

1
655
1569
1503
1495
1345
1232
1058
852
703


577
482
410
391
394
432
477
543
676
758


851
944
1059
1175
1200
1202
1217
1284
124
0

1264
1232
1168
1104
1104
1150
1185
1200


1227
1270
1242
1221
1297
1290
1327
1330
1
3
58
1350
1347
1357
1337
1403
1905
1835
18
0
7
1811
1879
1932
1981
1734
1573
1487
145
9

1453
1469
1513
1519
1584
1705
1801
1904

2
018
2113
2207
2272
2367
2555
2679
2768
281
6

2848
2880
2878
2911
2928
2939
2945
2940


2923
2929
2912
2899
2914
2867
2831
2788
2
7
46
2719
2695
2646
2601
2593
2604
2559
25
4
4
2528
2495
2437
2394
2333
2317
2295
234
6

2335
2304
2321
2271
2309
2342
2297
2277

2
227
2185
2129
2079
1807
1944
2058
2112
20
9
6
2030
2000
1973
1937
1860
1786
1745
1678


1584
1517
1474
1441
1391
1286
1057
875
6
9
5
644
563
523
485
464
497
545
628
708
83
9

811
857
944
1008
1104
1167
1186
1189
1
1
99
1207
1218
1232
1179
1187
1205
1229
1225


1215
1209
1214
1232
1242
1296
1253
1312


1362
1323
1278
1242
1280
1365
1431
1520
15
8
6
1648
1712
1855
1927
1995
2015
2019
201
8

2003
2026
2015
2053
1943
1910
1903
1936

1
943
2061
2159
2167
2256
2427
2539
2609
2
6
72
2708
2761
2794
2832
2864
2874
2889
2897


2900
2925
2928
2917
2897
2891
2863
2825


2832
2790
2763
2755
2707
2672
2641
2608
25
9
4
2559
2491
2474
2432
2401
2416
2444
246
2

2455
2443
2425
2431
2426
2416
2432
2336

2
272
2197
2128
2045
1989
1973
1892
1829
1
7
54
1778
1813
1895
1957
1971
1953
1922
19
7
9
1991
2006
2000
1949
1887
1827
1813
833

6
29
462
278
111
0
25
114
226
368
464
555


662
776
931
1134
1210
1335
1427
1386
1287


1210
1161
1151
1186
1222
1216
1194
1140


1184
1242
1319
1412
1446
1446
1419
1411
13
9
2
1417
1309
1299
1264
1287
1306
1362
143
9

1510
1599
1673
1767
1803
1856
1904
1882

1
803
1743
1687
1617
1615
1611
1571
1558
1
5
70
1643
1713
1723
1745
1805
1911
1977
2068


2132
2227
2250
2255
2305
2323
2313
2202


1965
1743
1601
1479
1511
1562
2903
2831
28
0
1
2802
2854
2859
2861
2831
2832
2829
275
4

2739
2680
2673
2723
2771
2773
2747
2661

2
616
2627
2678
2720
2755
2717
2613
2495
23
6
3
2283
2207
2151
2143
2116
2083
2005
193
2

1883
1943
2070
2159
2208
2138
2067
1986

1
899
1829
1866
1840
1723
1644
1590
1599
1
5
55
1593
1635
1690
1725
1702
1669
1649
1807


2041
2174
2245
2204
2129
2028
1898
1813


1798
1759
1655
1584
1433
1179
1008
901
825


743
659
690
882
1000
1102
1085
911
820


903
1133
1391
1503
1454
1308
1228
1202
135
3

1473
1576
1664
1719
1777
1823
1786
1780


1849
1921
2082
2157
2112
2011
1927
1966


2064
2087
2034
2047
1966
1923
1882
1843
18
2
3
1858
1977
2139
2294
2354
2373
2379
234
1

2388
2317
2138
1925
1643
1478
1421
1497

1
591
1743
1893
2057
2227
2339
2398
2492
265
7

2779
2865
2928
2923
2909
2915
2944
2812


2790
2733
2559
2448
2422
2559
2759
2778
2
6
71
2416
2192
2070
2059
2075
2067
1958
19
3
5
1951
1958
1925
1863
1867
1929
2098
2245


2262
2111
1933
1905
1840
1837
1824
1773

1
761
1707
1613
1477
1472
1423
1532
1671
182
0

2069
2245
2263
2218
2209
2231
2201
2047


1826
1651
1478
1328
1287
1328
1328
1360
1
2
25
959
704
458
358
335
319
241
192
144


186
274
435
640
706
848
1007
1064
913
706


629
789
1078
1305
1272
1063
1756
1770
1
7
63
1748
1771
1776
1745
1633
1581
1651
1795


1994
2109
2125
2085
2071
2027
2057
1968


1927
1936
1953
2000
2001
1937
1934
2010
21
4
7
2149
2079
1932
1814
1691
1689
1701
173
1

1786
1909
1987
2062
2177
2169
2359
2547

2
759
2867
2923
2919
2943
2946
2945
2962
2
9
58
2963
2961
2977
2955
2942
2957
2967
2973


2983
2958
2946
2886
2799
2757
2774
2864


2883
2877
2778
2705
2018
1983
2011
2045
20
5
8
1968
1850
1753
1737
1766
1850
1921
190
9

1840
1765
1691
1599
1535
1470
1422
1526


1758
1988
2010
1953
1899
1936
2013
2064
2
0
64
1969
1870
1626
1509
1439
1369
1333
114
3

838
535
304
76
0
0
13
150
305
437
511


576
635
726
861
1059
1145
1099
1168
1183


1187
1209
1225
1237
1282
1327
1301
1263
1
0
23
791
647
656
853
1085
1193
1076
930
8
6
3
951
1106
1275
1351
1349
1331
1399
1442

1
479
1446
1496
1615
1855
1981
2021
2117
1
8
08
1602
1455
1475
1457
1612
1662
1650
1692


1738
1843
2039
2269
2544
2721
2756
2793


2826
2864
2880
2910
2900
2943
2954
2960
29
4
9
2946
2927
2931
2965
2944
2945
2937
292
5

2912
2897
2919
2929
2911
2946
2939
2928

2
911
2914
2881
2867
2891
2887
2916
2919
2
8
87
2832
2736
2539
2434
2416
2510
2559
24
8
7
2281
2098
1889
1840
1957
2032
2064
1983

1
926
1873
1838
1801
1712
1725
2188
2045
1
8
71
1621
1456
1350
1295
1166
949
699
466
3
1
8
129
0
0
0
0
108
233
327
416
467
533


592
770
874
954
1022
1050
1040
947
960
9
8
6
991
1058
1136
1175
1200
1254
1230
1247


1190
1179
1258
1316
1331
1351
1315
1245
1
2
16
1218
1345
1427
1535
1697
1775
1830
18
4
2
1847
1831
1731
1680
1680
1791
1779
1794


1679
1534
1498
1587
1805
1967
1972
1893

1
925
1905
1964
1958
1930
1834
1871
2038
217
2

2234
2138
2014
1981
2104
2305
2265
2129


1859
2941
2887
2827
2782
2797
2841
2861

2
859
2814
2751
2718
2713
2782
2751
2723
271
2

2671
2624
2559
2486
2452
2496
2559
2639


2681
2651
2625
2582
2491
2423
2376
2350
2
2
91
2226
2163
2082
1984
1982
2012
2066
20
9
6
2095
2126
2097
2112
2093
2095
2010
1983


1899
1750
1620
1603
1678
1687
1668
1535

1
456
1477
1525
1643
1629
1761
1910
2068
217
6

2167
2158
2096
2038
1919
1899
1903
1760


1013
1011
1043
998
960
970
1022
1007
1007


1018
1022
1035
1119
1168
1170
1056
1073


1099
1130
1183
1201
1271
1347
1479
1555
16
8
0
1650
1661
1754
1811
1876
1939
1919
184
2

1810
1824
1858
1859
1808
1825
1879
1931


1985
1989
1985
1988
2038
2094
2176
2139
2
1
46
2185
2201
2235
2270
2296
2359
2409
2395


2224
1949
1647
1485
1535
1710
1881
1939


1900
1902
1935
2112
2347
2461
2603
2672
28
6
6
2801
2726
2791
2797
2845
2839
2817
276
5

2726
2718
2721
2730
2696
2627
2519
2386

2
297
2195
2096
1958
1899
1887
1891
1932
1
9
20
1926
1904
1936
2012
2044
2057
2005
1915


1821
1828
1841
1833
1707
1680
1732
1762


1771
1784
1721
1660
1646
1712
1694
1825
20
0
3
2174
2265
2291
2326
2315
2256
2160
208
0

1976
1887
1682
1566
1477
1404
1411
1203

9
37
634
285
10
0
0
34
112
121
80
84
17
5

391
594
831
933
924
830
871
921
951
100
8

1044
1072
1839
1783
1774
1810
1890
1871


1819
1721
1699
1695
1775
1771
1776
1885
1
9
50
2017
2054
1999
1963
1981
2107
2203
22
4
0
2186
2157
2154
2227
2272
2241
2085
1904


1741
1667
1733
1703
1719
1777
1917
2097

2
247
2304
2304
2311
2466
2704
2800
2853
289
5

2915
2928
2935
2943
2953
2959
2948
2959


2960
2959
2953
2947
2956
2941
2912
2848
2
8
54
2863
2880
2874
2789
2753
2767
2824
28
8
1
1968
1879
1890
1885
1926
1915
1917
1905


1898
1874
1813
1761
1728
1793
1714
1711

1
671
1563
1487
1418
1379
1424
1670
1927
20
5
7
2077
2099
2095
2072
2009
1922
1843
1741


1562
1454
1374
1439
1371
1190
881
603
37
8

225
162
127
120
174
236
275
393
511
647


711
816
979
1072
1095
1127
1136
1170
11
7
0
1211
1197
1167
1134
1104
1089
1049
980

8
80
839
829
983
1098
1111
1017
944
970
1
1
07
1295
1443
1486
1407
1355
1414
1498
1636


1729
2122
2185
2131
2122
2005
1885
1735


1594
1495
1468
1535
1661
1824
1903
1947
20
2
2
2127
2265
2512
2690
2762
2839
2896
292
8

2942
2942
2945
2959
2955
2963
2947
2963

2
960
2959
2960
2960
2948
2941
2910
2906
2
8
99
2915
2923
2902
2893
2854
2883
2864
286
3

2851
2832
2817
2805
2815
2798
2827
2802

2
763
2764
2711
2710
2638
2485
2302
2128
1
9
95
1970
2028
2064
2066
1889
1807
1841
2226


2127
2015
1988
1919
1847
1810
1735
1646


1529
1487
1438
1423
1257
983
727
416
226

7
1
45
23
63
61
90
167
236
445
571
714

8
91
943
939
970
1015
1038
1081
1072
1073
1
0
89
1023
1066
1055
1061
1104
1168
1215
12
1
6
1180
1165
1198
1168
1234
1281
1270
1264


1262
1297
1362
1468
1573
1686
1730
1808

1
890
1877
1918
1953
1989
1983
1977
1951
185
6

1778
1615
1535
1597
1746
1859
1904
1840


1703
1740
1898
2193
2266
2250
2078
1961

1
953
2943
2935
2919
2929
2928
2936
2943
294
9

2944
2925
2909
2894
2896
2891
2861
2834


2767
2719
2710
2752
2807
2841
2810
2710
2
6
93
2636
2726
2815
2806
2746
2665
2593
26
0
9
2631
2651
2613
2481
2398
2345
2317
2240


2147
2088
2064
2095
2068
2031
2005
1947

1
975
2062
2075
2043
1961
1870
1810
1808
180
8

1808
1703
1718
1777
1783
1783
1790
1801


1739
1611
1488
1331
1382
1671
1969
2123
5
9
7
683
825
903
902
930
949
946
1010
1066


1091
1065
998
951
1011
962
1061
1107
1081


974
929
945
963
976
1005
1008
1033
1019


1085
1199
1312
1462
1616
1711
1782
1863
1
8
85
1949
1935
1963
1955
1906
1874
1853
18
5
9
1858
1898
1922
2019
2037
2055
2115
2175


2228
2213
2204
2179
2182
2174
2176
2194

2
187
2181
2228
2223
2227
2160
1978
1808
164
8

1578
1605
1651
1749
1843
1930
1983
1938


1891
1940
2210
2602
2801
2935
2907
2898
2
8
85
2818
2756
2723
2757
2764
2788
2765
27
1
0
2658
2617
2546
2506
2432
2367
2341
2155


1994
1904
1871
1886
1937
1971
1921
1915

1
915
1994
2000
1968
1950
1988
2012
2032
196
3

1794
1735
1780
1838
1903
1767
1665
1579


1595
1584
1610
1669
1911
2146
2295
2363
2
3
20
2288
2284
2245
2121
1955
1837
1683
15
9
5
1523
1443
1318
1023
752
508
271
81
48

4
3
46
131
186
320
400
510
613
640
577
6
1
5
662
778
969
1087
1072
879
821
1881
1802


1767
1753
1744
1763
1767
1797
1825
1824


1818
1829
1852
1952
2032
2041
2061
1945
19
0
3
1951
2006
2032
2043
2000
1961
2032
212
7

2262
2283
2277
2151
1968
1825
1744
1689

1
644
1651
1717
1765
1913
1968
2098
2221
2
3
83
2559
2723
2801
2814
2847
2838
2911
2931


2929
2934
2947
2958
2948
2952
2957
2960


2953
2961
2937
2951
2954
2939
2932
2913
2
9
22
2924
2903
2899
2901
2880
1867
1867
1923


2013
2071
2015
1959
1839
1776
1795
1799


1775
1774
1737
1670
1616
1617
1651
1681
16
5
5
1760
1968
2142
2276
2335
2313
2288
221
1

2091
1974
1806
1695
1673
1535
1387
1269

1
105
813
571
354
256
49
0
0
41
105
161


220
271
382
559
669
772
784
912
1085
1126


1165
1198
1166
1168
1191
1175
1200
1095


1104
1065
1081
1090
1153
1217
1231
1215
12
4
8
1245
1263
1250
1232
1218
1168
1136
115
3

1234
1322
1459
1558
1689
1737
2185
2246

2
275
2327
2160
1963
1696
1522
1525
1587
1
6
73
1747
1764
1882
1975
2113
2317
2478
264
3

2765
2743
2693
2699
2759
2854
2896
2931

2
935
2940
2941
2971
2956
2947
2929
2943
2
9
45
2935
2928
2912
2926
2877
2883
2902
2893


2882
2857
2837
2826
2800
2771
2775
2778


2755
2762
2741
2738
2746
2747
2736
2718
27
1
4
2665
2629
2495
2399
2344
2258
2178
208
1

2000
1954
1931
1952
2003
2275
2144
1973

1
854
1785
1744
1665
1506
1419
1353
1122
8
0
0
451
230
151
81
46
0
5
41
127
278
366


507
589
669
742
807
918
1033
1011
1104

1
192
1183
1109
1146
1141
1167
1220
1210
116
2

1115
1075
1110
1120
1134
1122
1136
1123


1107
1143
1193
1258
1190
1223
1262
1297

1
383
1457
1535
1611
1709
1798
1884
1885
185
3

1879
1843
1851
1862
1853
1823
1826
1851


1875
1936
1915
1953
2006
2043
2074
2103
2
1
39
2146
2179
2192
2287
2257
2260
2875
28
8
1
2896
2911
2943
2941
2934
2927
2923
2905
2883
2882

2
887
2887
2873
2879
2861
2832
2828
2811
2810
2791
2804


2793
2741
2743
2721
2750
2703
2703
2718
2734
2741
2701
2592
2496
2379
2287


2214
2127
1989
1918
1859

1
810
1805
1818
1843
1877
1889
1857
1906
190
4

1909
1895
1870
1797
1744
1727
1712
1746


1762
1742
1698
1711
1697
1722
1698
1808
2
0
27
2256
2416
2459
2422
2369
687
753
784

8
06
871
961
1023
1063
1095
1121
1094
1102


1127
1125
1134
1138
1201
1227
1219
1216
1
2
28
1219
1216
1249
1259
1253
1258
1307
13
2
8
1373
1365
1458
1535
1666
1777
1801
1814


1829
1866
1872
1913
1863
1851
1840
1795

1
764
1763
1799
1828
1881
1870
1904
1963
197
3

1982
1995
2015
2100
2160
2257
2343
2375


2387
2437
2383
2352
2177
1994
1866
1776

1
760
1715
1763
1808
1942
2087
2175
2901
288
1

2875
2880
2866
2841
2805
2794
2794
2786


2746
2709
2725
2725
2729
2736
2763
2687
2
6
73
2647
2587
2480
2368
2237
2101
2006
19
5
0
1966
1900
1845
1865
1897
1918
1943
1941


1955
1953
1945
1903
1854
1801
1829
1819

1
777
1733
1723
1685
1680
1698
1689
1744
163
5

1621
1614
1815
2047
2193
2277
2288
2273


2271
2214
2075
1931
1845
1737
1616
1533
1
4
56
1369
1198
868
576
420
183
106
1123
1
0
38
1023
1064
1135
1105
1105
1095
1093
1116


1136
1235
1308
1378
1457
1520
1600
1663


1751
1792
1822
1771
1751
1701
1730
1735
17
3
5
1767
1712
1725
1795
1872
1920
1952
199
6

2018
2064
2047
2109
2083
2074
2082
2099

2
143
2199
2262
2309
2371
2325
2170
2034
1
8
59
1791
1774
1807
1869
1911
2000
2118
2233


2287
2363
2402
2559
2666
2720
2761
2801


2809
2829
2867
2912
2939
2930
2717
2642
26
2
8
2559
2512
2463
2489
2359
2320
2267
212
9

2014
1904
1868
1859
1886
1865
1905
1846

1
845
1877
1898
1889
1905
1898
1830
1798
1
7
70
1775
1717
1671
1707
1719
1703
1712
168
1

1649
1587
1577
1555
1776
1977
2177
2257


2269
2259
2256
2202
2098
2006
1909
1792
1
6
31
1560
1525
1489
1328
961
643
386
201
64


30
11
10
63
131
240
327
405
487
581
7
3
6
880
993
940
946
961
975
993
1023
1053

1
050
986
976
999
1003
1068
1131
1184
1220


1223
1846
1882
1872
1897
1945
1981
2002
2
0
00
1989
1993
2009
1971
2030
2023
2037
21
1
7
2181
2235
2199
2058
1873
1739
1664
1650


1690
1743
1780
1909
2061
2131
2214
2273

2
400
2608
2737
2815
2830
2858
2864
2905
291
8

2930
2935
2954
2944
2955
2945
2941
2941


2939
2938
2931
2907
2901
2898
2896
2887
2
8
64
2864
2850
2855
2862
2819
2783
2768
27
3
6
2706
2685
2682
2720
2683
2726
2733
2724


1671
1616
1602
1535
1558
1563
1567
1529

1
463
1414
1600
1879
2064
2146
2174
2105
208
6

2059
1936
1847
1785
1654
1582
1511
1413


1394
1156
822
576
402
242
158
83
18
71


127
235
352
415
541
626
700
783
924
1003


1043
1089
1120
1129
1097
1140
1168
1175

1
167
1131
1143
1154
1153
1201
1235
1215
11
7
4
1200
1181
1175
1159
1146
1134
1170
1261


1327
1407
1432
1534
1631
1721
1802
1865

1
890
1885
1921
1871
1903
1776
1770
1648
163
0

1661
1747
1883
1994
2062
2149
2241
2358


2519
2686
2794
2853
2896
2881
2906
2918
2
9
47
2954
2934
2959
2950
2956
2943
2972
29
5
2
2954
2909
2928
2890
2909
2896
2894
2896


2881
2854
2853
2848
2833
2789
2762
2736

2
719
2723
2714
2710
2721
2698
2672
2703
264
3

2619
2535
2461
2361
2299
2204
2089
1971


1918
1929
1860
1894
1903
1890
1901
1947

1
968
2003
2014
1961
1898
1853
1450
1350
132
7

1178
857
537
343
135
42
21
18
0
16
6
9

165
303
406
482
550
606
770
898
919
959


957
976
1007
1072
1067
1078
1023
1013
1
0
59
1098
1149
1181
1203
1187
1170
1170
1233


1191
1195
1195
1200
1217
1245
1296
1337


1402
1530
1675
1791
1843
1890
1915
1950
1
9
95
2006
1958
1891
1861
1859
1886
1861
1881


1863
1841
1858
1898
1939
1950
1937
1946


1983
1974
1969
2063
2082
2098
2128
2166
22
3
9
2298
2242
2087
1915
1698
1647
1647
171
7

2947
2929
2913
2874
2875
2891
2855
2859

2
830
2819
2795
2757
2736
2736
2674
2659
26
7
2
2679
2681
2662
2638
2608
2559
2546
2518


2498
2396
2326
2230
2114
2064
2032
2015


1986
1936
1942
2030
1970
2001
2029
2033
20
0
0
1979
1973
1925
1933
1891
1851
1804
177
6

1807
1806
1765
1715
1674
1618
1619
1619

1
575
1758
1905
2065
2137
2173
2173
2126
2
0
73
1951
1876
1805
1749
1595
1517
1449
1079


1013
972
1023
976
964
1062
1055
1039
10
5
9
1021
1021
1039
1072
1073
1133
1103
1200


1263
1350
1424
1535
1658
1765
1856
1873

1
949
1935
1945
1941
1911
1872
1868
1857
188
7

1915
1968
2045
2067
2070
2099
2172
2191


2195
2141
2098
2063
2091
2127
2189
2155
2
1
86
2240
2267
2317
2187
2014
1838
1675
15
9
2
1623
1638
1678
1756
1856
1959
2007
2064


2149
2333
2519
2689
2768
2814
2869
2825

2
783
2763
2743
2774
2737
2736
2702
2650
258
9

2526
2470
2371
2286
2160
2091
1972
1888


1886
1845
1872
1880
1911
1918
1957
1978

2
000
1995
1946
1967
1926
1875
1840
1794
175
8

1715
1758
1778
1826
1792
1779
1795
1730


1649
1587
1589
1839
2059
2201
2246
2240
2
2
07
2182
2106
2032
1961
1799
1646
1477
13
8
3
1273
1237
973
718
439
241
109
48
19
17


79
126
240
314
406
535
619
689
802
950


986
1023
1072
1109
1181
1186
1226
1247
16
8
1
1692
1681
1732
1649
1696
1719
1722
174
4

1749
1799
1835
1872
1890
1936
1926
1925

1
970
1994
2053
2114
2180
2217
2283
2366
2
4
18
2473
2475
2350
2178
1974
1808
1709
1715


1776
1859
1949
2127
2215
2272
2370
2411


2522
2654
2752
2800
2839
2858
2878
2897
28
9
9
2935
2939
2951
2956
2944
2962
2946
294
4

2941
2935
2903
2896
2866
2877
2864
2837

2
847
2865
2864
2847
2878
2834
1883
1863
1
8
41
1909
1909
1878
1840
1808
1827
1822
179
0

1759
1712
1677
1670
1674
1645
1694
1648

1
637
1724
1992
2166
2261
2304
2311
2320
2
2
46
2153
1983
1843
1797
1680
1579
1510
1488


1397
1136
819
592
435
233
105
63
37
63


64
138
213
355
449
596
646
738
878
912

9
66
1022
1058
1049
1040
998
971
1011
986

1
008
1045
1089
1136
1166
1200
1227
1262
1
2
63
1283
1239
1249
1264
1215
1235
1310
1391


1520
1627
1712
1839
1914
1995
2056
2078


2129
1995
1822
1696
1570
1602
1653
1716
17
7
3
1840
1936
2007
2128
2179
2334
2457
264
6

2747
2800
2838
2887
2923
2933
2966
2955

2
962
2963
2955
2951
2967
2971
2957
2946
2
9
54
2941
2930
2924
2899
2901
2907
2917
2909


2885
2854
2827
2782
2743
2707
2747
2672

2
640
2624
2634
2638
2646
2614
2608
2553
2
4
94
2423
2341
2223
2187
2137
2047
1990
1950


1941
1931
1966
2007
2071
2045
2012
1878


1730
1653
1594
1498
1355
1247
1218
1074
73
9

450
222
90
0
0
0
0
0
79
181
320
477


624
720
759
843
899
955
907
945
1019
104
0

1072
1053
1049
1065
1049
1065
1106
1107


1113
1159
1136
1122
1108
1071
1091
1129

1
111
1104
1122
1099
1145
1228
1326
1415
149
8

1585
1681
1735
1783
1849
1817
1845
1849


1821
1805
1794
1791
1795
1815
1826
1886
1
9
08
1871
1865
1885
1886
1858
1904
1925
19
3
8
2007
2021
2038
2032
2103
2215
2288
2321


2205
2006
2941
2938
2927
2934
2933
2889

2
873
2837
2814
2848
2812
2814
2786
2819
280
2

2769
2735
2711
2731
2681
2683
2683
2742


2677
2677
2640
2637
2624
2598
2559
2483
2
4
01
2289
2219
2115
2000
1968
1993
1981
19
8
2
1978
2013
1998
1996
2005
2033
1958
1985


1921
1899
1901
1876
1837
1776
1813
1778

1
773
1725
1673
1659
1664
1616
1594
1776
199
3

2121
2224
2232
2209
2149
2100
2033
1978


1874
1138
1194
1104
1104
1082
1059
1037
1
0
23
1037
1042
1101
1177
1198
1199
1120
11
5
5
1171
1157
1157
1129
1148
1162
1219
1286


1380
1436
1586
1691
1797
1864
1899
1919

1
905
1873
1838
1919
1910
1921
1947
1936
194
3

1983
2035
2096
2093
2066
2086
2096
2074


2122
2145
2160
2174
2162
2186
2222
2286
2
3
35
2404
2402
2271
2071
1866
1687
1631
16
3
8
1645
1700
1757
1933
2022
2121
2240
2933


2921
2923
2928
2905
2871
2860
2841
2822
2
7
99
2805
2779
2762
2723
2697
2721
2658
26
1
4
2545
2458
2368
2262
2160
2063
1994
1946


1968
1933
1933
1938
1968
1954
1918
1921

1
960
1970
1952
1950
1971
1943
1936
1905
190
3

1905
1886
1840
1766
1717
1663
1705
1648


1673
1866
2115
2271
2363
2335
2298
2270
2
2
30
2153
1989
1853
1743
1584
1403
1346
12
5
4
1056
763
496
286
157
6
16
23
67
112
1
7
0
252
332
438
508
666
703
891
1013
1227


1250
1354
1456
1531
1613
1700
1775
1808
1
7
93
1782
1737
1766
1796
1771
1739
1670
16
9
8
1753
1810
1846
1909
1958
1973
1975
2007


2039
2065
2128
2190
2211
2251
2283
2317

2
334
2352
2210
2032
1899
1736
1708
1727
175
6

1795
1863
1968
2101
2176
2227
2384
2450


2559
2663
2713
2780
2815
2831
2823
2880
2
9
22
2942
2933
2929
2957
2951
2938
2916
29
1
3
2896
2886
2864
2883
2864
2841
1857
1744


1723
1727
1735
1805
1805
1825
1840
1834
1
8
51
1856
1835
1807
1790
1729
1753
1697
16
8
6
1699
1723
1697
1663
1646
1566
1522
1517


1692
1983
2142
2224
2199
2158
2106
2082
2
0
55
1972
1939
1825
1705
1519
1455
1358
12
4
4
946
650
431
218
59
0
11
0
29
154
270


357
416
492
599
692
851
922
979
992
103
5

1050
1056
1052
1047
1095
1125
1168
1162

1
206
1157
1182
1231
1255
1282
1275
1274
1
2
38
1257
1247
1245
1247
1275
1389
1479
1600


1975
1954
2035
2030
2099
2192
2225
2241


2116
1902
1745
1666
1673
1742
1744
1776
19
0
4
2065
2197
2335
2448
2519
2684
2803
287
3

2892
2902
2930
2947
2971
2951
2963
2961


2958
2960
2965
2948
2957
2955
2965
2959
29
5
4
2928
2905
2885
2882
2864
2864
2825
281
1

2801
2787
2777
2747
2737
2732
2722
2702

2
710
2704
2656
2689
2706
2673
2647
2609
2
5
44
2448
2363
2326
2290
2181
2106
2067
1846


1954
2030
2095
2046
2014
1968
1886
1829


1738
1648
1479
1387
1338
1267
1121
789
574


379
244
125
61
77
125
207
284
426
475

5
71
697
784
854
978
1046
1033
1072
1136

1
170
1141
1117
1091
1058
1056
1023
988
951


936
985
1009
1053
1008
1047
1084
1105
11
2
3
1163
1134
1166
1184
1265
1407
1461
1535


1663
1753
1841
1872
1923
1933
1954
1983
1
9
73
1972
1922
1934
1907
1950
1967
2007
204
5

2064
2091
2106
2176
2142
2155
2171
2186


2790
2739
2835
2829
2886
2923
2939
2958
2
9
63
2942
2958
2966
2954
2945
2960
2945
29
4
4
2933
2925
2933
2941
2929
2935
2941
2923


2927
2881
2867
2859
2821
2806
2778
2769

2
735
2724
2676
2669
2626
2559
2559
2479
236
8

2251
2109
1984
1933
1889
1855
1860
1782


1806
1799
1840
1891
1911
1936
1936
1941
1
9
65
1945
1902
1870
1883
1870
1857
1847
17
5
8
1727
1712
1707
1715
1715
1671
43
71
154


289
373
506
587
759
851
863
892
912
97
6

1022
1079
1102
1136
1072
1089
1111
1153

1
232
1246
1234
1232
1264
1256
1259
1264
1
1
97
1225
1231
1271
1286
1321
1351
1419
1527


1584
1739
1782
1824
1853
1856
1860
1840


1845
1811
1797
1759
1761
1731
1719
1807
18
5
7
1856
1902
1936
1995
2005
2046
2060
2111


2101
2151
2192
2223
2234
2262
2320
2341


2283
2134
1979
1767
1669
1695
1738
1783
18
4
3
1955
2073
2198
2834
2806
2814
2815
281
5

2787
2785
2765
2743
2747
2697
2746
2763

2
775
2773
2755
2735
2688
2678
2614
2603
2
4
61
2390
2275
2156
2046
1958
1949
1894
1905


1889
1936
1953
1957
1979
1952
1931
1891


1823
1775
1743
1712
1633
1659
1599
1657
16
7
8
1647
1619
1574
1535
1478
1457
1447
168
7

1876
2064
2138
2167
2192
2183
2141
2006

1
939
1877
1807
1707
1573
1473
1395
1264
9
6
3
690
455
243
102
42
82
79
158
272
387

1
075
1046
1098
1083
1127
1243
1340
1422
1
5
08
1616
1680
1750
1817
1842
1880
1840
1829


1851
1824
1835
1835
1866
1850
1871
1904


1986
1939
1959
1954
1970
1968
2023
2040
20
5
7
2073
2110
2128
2165
2159
2254
2285
2322


2214
2032
1840
1694
1653
1658
1755
1776


1872
1999
2134
2265
2342
2439
2546
2672
27
5
8
2839
2850
2915
2914
2929
2935
2959
294
5

2954
2948
2977
2956
2960
2959
2950
2475

2
352
2249
2177
2153
2043
1984
1973
1947
19
2
7
1939
1958
1947
1976
1997
2039
2043
202
2

1984
1931
1919
1919
1893
1808
1799
1723

1
703
1682
1628
1623
1619
1570
1535
1505
1
6
51
1889
2089
2190
2256
2183
2093
2032
1947


1873
1807
1663
1489
1403
1343
1303
1165


842
588
396
239
128
49
30
50
112
176
299


336
449
584
705
831
927
999
1089
1158

1
210
1246
1179
1138
1148
1125
1131
1105
109
0

1035
1088
1103
1146
1217
1198
1819
1826


1815
1868
1904
1982
1983
2039
2091
2075
2
0
30
2032
2059
2110
2155
2215
2277
2289
215
8

2001
1804
1660
1649
1679
1702
1791
1862


1920
2001
2102
2206
2319
2451
2586
2717
2
8
00
2870
2916
2935
2946
2928
2950
2955
29
4
8
2960
2957
2949
2960
2935
2947
2960
2945


2944
2935
2950
2928
2919
2927
2915
2921
2
9
04
2880
2867
2821
2798
2759
2720
2677
263
3

2641
2642
2647
2659
2681
1795
1747
1731


1709
1734
1729
1701
1647
1535
1594
1840

2
054
2179
2216
2192
2192
2160
2058
1924
177
4

1705
1627
1495
1391
1325
1230
944
659

4
32
247
13
0
0
0
0
14
80
173
262
373
51
1

645
727
821
897
927
1033
1085
1124
115
4

1148
1105
1165
1098
1162
1216
1199
1168


1168
1174
1191
1249
1252
1273
1251
1234
1
2
18
1197
1213
1270
1345
1427
1511
1616
1687


1770
1789
1851
1906
1915
1907
1842
1840


1801
1795
1771
1840
1802
1847
1904
1904
19
2
5
2203
2256
2447
2607
2730
2788
2823
286
3

2896
2913
2941
2951
2960
2946
2948
2953

2
960
2965
2970
2947
2951
2941
2925
2896
2
9
05
2867
2867
2880
2854
2858
2855
2859
2838


2837
2812
2780
2753
2773
2762
2742
2703


2687
2702
2707
2685
2624
2539
2493
2336
22
6
7
2225
2143
2075
2006
1991
1950
1933
195
0

1986
1976
1989
2011
2006
1981
1940
1919

1
870
1854
1819
1815
1807
1754
1725
1728
1


0
0
34
27
105
187
303
392
525
627
704

8
36
918
993
1052
1042
1136
1154
1136
1151


1130
1134
1094
1059
1023
1073
1088
1165
1
2
12
1206
1174
1188
1193
1211
1215
1197
121
8

1189
1234
1309
1369
1415
1490
1570
1663


1717
1761
1797
1817
1821
1834
1872
1839
1
8
15
1771
1765
1787
1830
1903
1954
1931
19
6
8
2015
2086
2098
2110
2107
2083
2130
2133


2194
2195
2192
2256
2326
2320
2166
1936

1
781
1664
1660
1709
1794
1840
1957
2092
288
5

2875
2846
2825
2764
2791
2797
2784
2753


2706
2674
2633
2559
2607
2640
2651
2638
2
6
57
2666
2640
2587
2546
2453
2388
2282
22
0
3
2176
2093
2019
1979
1953
1926
1974
1985


1988
2000
2009
2103
2038
2021
1937
1926

1
936
1899
1872
1817
1757
1729
1744
1744
171
2

1699
1641
1562
1535
1763
2014
2162
2163


2160
2176
2123
2121
2021
1882
1765
1674
1
5
65
1437
1377
1293
1113
723
427
274
112

1
115
1088
1110
1136
1114
1107
1122
1066
112
9

1110
1109
1115
1200
1261
1375
1424
1520


1616
1698
1791
1865
1873
1836
1845
1823
1
8
40
1847
1813
1817
1810
1794
1830
1895
192
3

1933
1985
2061
2103
2055
2078
2095
2126


2130
2153
2179
2207
2263
2320
2391
2318
2
1
86
1995
1822
1684
1659
1697
1747
1790
183
5

1957
2110
2181
2282
2389
2512
2627
2725


2795
2863
2891
2881
2898
2903
2939
2691
2
6
91
2639
2633
2667
2591
2541
2479
2417
23
3
1
2288
2192
2097
2023
1977
2005
1957
1955


1937
1953
1947
1962
1970
1959
1962
1967

1
909
1904
1850
1846
1827
1767
1744
1727
174
6

1744
1744
1705
1674
1535
1485
1639
1943


2143
2219
2239
2210
2192
2147
2077
1986
1
8
34
1729
1618
1483
1431
1382
1263
982
659


439
313
157
71
53
85
103
190
304
391
48
4

574
639
733
848
955
983
1040
1056
1084


1134
1136
1142
1144
1168
1107
1833
1738

1
709
1712
1742
1803
1744
1726
1777
1840
187
5

1914
1935
1933
1954
1995
1975
2025
2031


2095
2169
2211
2236
2266
2323
2321
2193
2
0
27
1873
1664
1630
1711
1779
1823
1906
201
1

2125
2210
2278
2361
2498
2621
2737
2800


2860
2906
2915
2929
2945
2944
2963
2951
2
9
59
2960
2960
2955
2957
2928
2934
2928
29
1
5
2898
2887
2864
2863
2864
2850
2842
2827


2814
2802
2787
2778
2753
1938
1905
1845

1
802
1785
1739
1683
1655
1653
1686
1681
166
4

1651
1648
1614
1578
1520
1662
1941
2084


2163
2193
2192
2151
2112
2018
1877
1785
1
6
15
1511
1431
1385
1347
1184
827
527
324

1
58
54
23
0
15
34
129
282
382
492
582
7
0
7
830
1000
1002
1056
1051
1088
1179
1217


1227
1153
1110
1104
1150
1169
1174
1174
1
1
27
1190
1228
1281
1283
1278
1257
1213
12
4
3
1246
1310
1238
1261
1309
1424
1534
1653


1750
1785
1798
1810
1895
2286
2070
1851

1
682
1570
1535
1626
1711
1744
1877
2004
209
9

2135
2224
2384
2559
2739
2800
2871
2849


2847
2890
2912
2923
2933
2946
2955
2951
2
9
53
2961
2955
2957
2951
2945
2931
2915
29
1
3
2896
2885
2887
2873
2877
2871
2862
2864


2831
2819
2810
2791
2760
2736
2706
2783

2
704
2700
2693
2672
2634
2601
2519
2429
231
4

2231
2129
2064
1983
1981
1941
1910
1895


1904
1949
1968
1962
2064
1911
1802
1678
1
5
11
1355
1349
1333
1267
942
630
384
240
1
1
0
54
27
42
85
180
304
414
465
587
629

7
58
902
956
976
980
1053
1054
1122
1101
1
0
86
1092
1088
1065
1054
1087
1082
1079
11
3
6
1136
1153
1152
1151
1141
1131
1179
1187


1191
1216
1268
1343
1470
1503
1613
1663

1
776
1856
1894
1920
1914
1920
1922
1961
190
5

1872
1851
1847
1889
1872
1907
1938
1969


2017
2027
2047
2037
2064
2111
2128
2133
2
1
58
2176
2192
2244
2276
2953
2961
2950
29
4
5
2937
2943
2930
2943
2896
2901
2885
2853


2877
2852
2843
2848
2816
2830
2832
2812

2
783
2773
2715
2711
2723
2717
2672
2658
266
6

2630
2676
2602
2559
2486
2362
2239
2162


2128
2070
1983
1931
1872
1857
1877
1936
1
9
67
1919
1889
1903
1889
1941
1905
1859
18
2
9
1751
1782
1750
1728
1691
1673
1648
1648


1658
1645
1629
1584
1559
1796
2064
2199
2
2
44
2249
2218
2176
935
926
954
1001
1005

1
040
959
945
942
1005
1001
1011
999
999
1
0
40
1069
1139
1140
1190
1194
1234
1178
11
7
5
1193
1184
1193
1264
1360
1438
1527
1617


1713
1786
1836
1879
1915
1963
1922
1893

1
828
1829
1839
1846
1889
1824
1850
1895
190
1

1933
1991
2035
2042
2013
2003
2033
2060


2034
2102
2143
2165
2218
2345
2399
2359
21
5
1
1936
1835
1713
1741
1798
1816
1833
190
4

2046
2181
2256
2317
2480
2837
2794
2801


2768
2754
2723
2717
2672
2669
2682
2672
2
6
67
2638
2607
2559
2544
2512
2479
2428
22
8
8
2219
2150
2102
2041
2000
1991
1943
1973


1983
2083
2028
1997
2032
2017
1999
1955

1
916
1847
1811
1795
1779
1798
1744
1733
171
0

1680
1665
1665
1598
1559
1535
1741
2029


2162
2216
2171
2121
2067
2064
2011
1894
1
7
94
1638
1535
1436
1418
1415
1197
841
570


371
211
111
57
61
99
119
209
305
384
4
9
1
638
771
884
1034
1321
1365
1408
1519
15
8
4
1663
1712
1741
1799
1789
1778
1840
183
0

1825
1798
1776
1774
1824
1920
1997
2008

1
994
2057
2071
2106
2119
2130
2112
2128
2
1
49
2154
2179
2143
2189
2320
2341
2269
2086


1871
1703
1645
1697
1793
1865
1913
2000

2
155
2231
2256
2317
2448
2559
2705
2794
283
4

2829
2859
2875
2907
2946
2958
2946
2949


2958
2945
2960
2933
2935
2940
2914
2921


2907
2896
2869
1968
1924
1854
1839
1870
18
8
1
1903
1967
1969
1967
1997
1909
1934
192
3

1893
1852
1798
1792
1734
1701
1664
1680


1599
1618
1599
1563
1521
1454
1611
1910
209
6

2176
2214
2240
2147
2070
1975
1872
1778


1654
1509
1408
1378
1281
1232
901
595
4
0
5
209
75
67
17
31
78
192
325
385
455
54
2

610
744
887
931
973
987
1021
1078
1122


1072
1135
1168
1139
1154
1132
1104
1095
1
1
36
1180
1221
1171
1162
1135
1121
1171
11
8
2
1168
1154
1173
1283
2000
2001
2000
2061


2086
2125
2181
2257
2363
2240
2058
1856

1
695
1637
1635
1711
1799
1893
2000
2143
216
6

2207
2285
2423
2593
2723
2799
2813
2851


2834
2876
2907
2927
2937
2943
2944
2945
2
9
53
2955
2963
2948
2917
2919
2895
2907
28
7
9
2864
2832
2832
2839
2847
2864
2843
2834


2785
2761
2763
2770
2758
2735
2746
2693

2
706
2700
2697
2683
2645
2605
2511
2451
234
1

2265
2177
1431
1329
1471
1747
1977
2067


2142
2160
2159
2082
2032
1878
1762
1680
1
5
84
1513
1476
1392
1247
991
705
510
385
1
8
1
133
97
125
235
320
397
471
592
686
83
8

889
1008
1037
1111
1167
1168
1210
1173

1
098
1084
1125
1173
1125
1142
1104
1111
114
7

1147
1143
1142
1105
1118
1202
1188
1173


1175
1184
1186
1289
1439
1535
1575
1632


1734
1774
1843
1904
1897
1879
1842
1827
18
5
4
1879
1877
1859
1872
1871
1968
2019
202
1

2288
2265
2375
2450
2595
2730
2793
2844

2
871
2902
2934
2955
2953
2946
2944
2939
2
9
49
2959
2959
2941
2944
2931
2903
2915
2903


2898
2886
2878
2896
2876
2875
2867
2854


2832
2834
2802
2800
2763
2765
2773
2734
27
0
1
2656
2659
2619
2559
2545
2480
2361
227
6

2205
2107
2034
2003
1981
1995
1973
1989

1
993
2002
1943
1974
1971
1985
1945
1926
1
8
77
1841
1802
1735
1775
1707
1718
1698
228


68
0
9
0
0
79
170
260
385
496
614
750


834
880
937
958
1019
1040
1014
996
966
1
0
46
1035
1075
1059
1081
1023
1063
1121
117
1

1199
1175
1177
1198
1227
1269
1285
1226


1234
1310
1408
1521
1603
1662
1712
1757
1
7
76
1817
1856
1791
1824
1810
1841
1831
181
3

1757
1755
1785
1859
1937
1943
1937
1952


2000
2023
2056
2089
2033
2069
2077
2139
2
1
82
2210
2259
2298
2320
2192
2018
1847
1717


1662
1728
1840
1856
1904
2014
2118
2177


2288
2363
2435
2817
2775
2736
2707
2698

2
667
2624
2608
2607
2623
2638
2617
2630
264
4

2604
2559
2517
2448
2384
2309
2201
2155


2028
2041
2038
2019
2014
2006
2005
1981
1
9
74
1978
2010
1975
1926
1924
1891
1908
18
5
5
1838
1819
1776
1791
1762
1776
1710
1661


1600
1522
1456
1387
1535
1801
1998
2087
2
1
48
2114
2083
2032
1985
1936
1813
1693
15
5
5
1447
1366
1314
1255
1057
807
558
348
20
1

116
89
117
167
241
419
464
1117
1043

1
