7
0
4
2955
1854
1785
2950

2
846
1535
1534
2944
2953
1271
1769
2944
2958


1520
2955
2939
2133
1521
2949
2955
2714


971
2966
2944
1926
1750
2955
2496
1479
228
0

2949
2944
577
1936
2959
2451
1617
2934


2960
1728
1218
2957
2947
2279
878
2950
296
0

1591
2150
2928
2213
1159
2285
2955
2597


550
2010
2955
1517
1210
2850
2590
1014
10
4
0
2956
2960
601
943
2922
2888
511
2425

2
559
1089
269
1986
2947
1939
0
2513
2875
1
1
52
629
2818
1761
495
1365
2960
1223
640


2319
2244
450
304
2790
2913
319
496
2883

2
815
176
1939
2250
865
115
1910
2951
2035


0
2347
2863
1034
508
2730
1680
339
1103

2
951
2869
0
949
2953
2126
386
2177
2442

5
66
0
2448
2829
1700
0
2955
2875
1008
1109


2782
1712
503
1735
2955
2523
326
1808
2
9
51
1405
986
2634
2559
883
721
2948
2945
6
2
3
868
2942
2959
1002
2875
2832
1701
1009


2809
2960
2590
726
2959
2946
1846
1639
29
5
8
2509
1526
2294
2960
2950
651
2102
2953


2486
1584
2950
2955
1173
1083
2946
2953
9
5
5
2694
2790
1642
889
2557
2937
2367
276


2839
2925
1396
957
2956
1984
671
1423
2951


2897
0
1141
2957
2230
630
2401
2610
656


27
2559
2857
1795
0
2955
2910
1072
1239


2774
1555
302
1497
2956
2295
0
1091
2960


1009
419
2096
2094
359
263
2734
2911
321


577
2906
2871
363
2197
2494
1106
320
2095


2951
2087
0
2459
2875
1070
526
2689
1615


265
1068
2928
2800
0
869
2957
2042
386
2
1
82
2533
638
2
2480
2827
1659
0
2953
283
8

847
995
2641
1452
262
2000
2953
1297
932


2889
2225
854
1397
2959
2954
309
1499
2
9
60
2736
1127
2949
2925
1635
1063
2951
2945


2448
666
2950
2948
1707
1670
2951
2314

1
326
2481
2949
2821
992
2423
2957
1968
1946


2949
2864
1645
1607
2949
2957
1314
1742


2957
2955
1351
2958
2901
1994
1314
2918
2
9
52
2625
785
2958
2946
1783
1527
2957
2352


1195
1984
2948
2934
308
1661
2958
2320
1
1
68
2831
2882
1126
464
2923
2895
554
1882

2
448
1163
237
1747
2954
2099
0
1885
2925


993
511
2707
1837
476
1123
2947
2896
0
97
6

2954
2262
455
2262
2417
482
0
2286
281
7

1646
0
2919
2791
795
751
2641
1516
326

1
467
2953
2463
0
1294
2957
1338
736
2325


2177
347
210
2717
2899
236
438
2853
2798

1
58
1951
2259
879
88
1822
2955
1921
0
23
2
0
2874
1072
564
2778
1815
501
1303
2957
2
9
10
0
1164
2948
2290
748
2559
2752
947
3
4
2
2848
2896
1969
187
2960
2946
1380
1616


2931
2106
1088
2298
2961
2717
822
2256
295
5

1764
1583
2957
2954
768
1493
2951
2929


1107
2990
2892
1779
1137
2913
2958
2510
56
0

2954
2939
1715
1465
2950
2312
1222
2162


2962
2833
383
1711
2955
1871
1061
2559
2
7
50
843
308
2914
2889
1361
211
2953
2937

8
10
1776
2677
1616
542
1881
2955
2323
183


1878
2947
1170
742
2749
1979
535
975
2930


2943
0
907
2930
2512
370
2327
2492
765

5
4
2288
2894
1883
0
2928
2845
1107
803
284
8

1717
474
1527
2956
2597
0
1139
2957
14
9
7
640
2161
2410
469
48
2737
2741
61
1920


2215
815
80
1882
2958
2068
0
2491
2880
1
2
00
702
2851
1843
499
1295
2954
2897
0
1
0
95
2959
2234
747
2533
2770
966
358
2896


2918
2102
430
2959
2951
1458
1775
2942
217
3

1169
2339
2958
2677
698
2207
2954
1754

1
674
2945
2831
1506
1526
2959
2954
1262
16
6
7
2955
2955
1456
2960
2929
2112
1488
2953


2956
2731
996
2960
2953
1893
1727
2954
24
8
3
1439
2228
2950
2951
619
2032
2959
2473


1574
2925
2954
1558
1003
2951
2934
779
16
6
9
2633
1522
431
1763
2955
2211
14
1683

2
949
1044
603
2673
1937
450
910
2897
2938

0

933
2946
2512
398
2331
2501
799
96
232
5

2901
1935
0
2935
2847
1104
795
2815
1616


385
1429
2957
2543
0
1047
2956
1398
592


2165
2432
494
90
2799
2864
1003
195
2943


2905
507
1659
2406
1141
274
1786
2958
21
0
9
0
1941
2922
1018
511
2701
1782
329
907


2842
2891
0
819
2944
2311
339
2256
2498


715
68
2469
2882
1895
0
2951
2836
1037
89
3

2790
1639
419
1568
2953
2588
223
1619

2
950
1616
2107
2961
2953
786
2110
2960
2832


1520
2950
2947
1863
1308
2960
2955
2559


790
2947
2949
1840
1811
2944
2318
1307
244
8

2958
2782
815
2176
2959
1774
1535
2933


2747
1238
1175
2955
2959
944
1280
2949
294
5

918
2755
2758
1489
701
2359
2954
2228

1
35
2815
2925
1410
1005
2950
2067
787
1565


2947
2869
0
1067
2957
2080
496
2189
2434


496
0
2515
2825
1606
0
2960
2867
883
11
3
6
2719
1585
384
1535
2953
2384
11
1342
29
5
4
1215
390
2721
2889
144
482
2855
2797

1
99
2077
2333
909
141
1870
2953
1992
0
233
6

2832
938
411
2653
1617
254
1033
2924
2
8
23
0
912
2959
2089
435
2239
2544
658
20

2
559
2847
1768
0
2953
2895
1015
1239
2841


1839
699
1925
2958
2587
437
1861
2954
156
1

1284
2853
2682
1131
1055
2944
2949
938


1282
2955
2954
1089
2918
2864
1867
1232

2
893
2959
2594
806
2958
2945
1927
1761
2960


2540
1630
2448
2961
2943
757
2155
2956
2
4
87
1584
2927
2951
589
1003
2928
2915
647

2
544
2657
1312
567
2331
2946
2249
143
282
9

2903
1319
871
2946
1936
596
1376
2942
28
3
4
0
1093
2960
2073
635
2311
2559
641
48


2651
2828
1569
0
2958
2853
785
1111
2622


1520
336
1531
2955
2359
0
1360
2952
1185


627
2285
2220
452
350
2834
2923
398
576

2
902
2890
385
2201
2477
1125
320
1999
295
6

2099
0
2333
2868
967
426
2636
1626
302

1
050
2943
2858
0
940
2959
2147
432
2194

2
431
560
0
2463
2832
1723
0
2957
2854
945


979
2677
1509
284
1483
2960
2295
0
1244

2
640
1134
1175
2960
2949
810
1424
2947
29
4
4
1139
2951
2895
1849
1244
2941
2951
2623


818
2961
2955
1921
1754
2954
2481
1498
2
3
67
2938
2943
695
2129
2960
2383
1635
2926


2947
1588
1045
2957
2951
2190
953
2955
2
9
56
1637
2384
2926
2274
1299
2465
2982
2640


710
2195
2954
1559
1354
2955
2514
1097

1
279
2930
2960
337
1185
2942
2826
699
2672


2721
1201
470
2471
2942
2089
0
2847
2857


1147
752
2893
1744
0
1559
2943
918
439
2
5
10
1815
352
798
2851
2922
0
880
2934
25
4
6
426
2352
2478
749
49
2227
2894
1814
0

2
789
2782
905
576
2675
1475
181
1241
2953


2502
0
1039
2954
1445
574
2087
2369
420

0

2697
2832
1017
146
2945
2896
464
1615

2
467
1203
331
1804
2955
2161
0
2077
2938
1
1
87
763
2880
2032
667
1268
2959
2943
64

1
296
2957
2559
915
2823
2870
1278
654
2918


2923
2197
329
2959
2933
1492
1559
2938
2
1
92
1136
2290
2960
2772
805
2227
2956
1875


1785
2957
2851
1602
1584
2957
2876
1165

2
947
2875
1566
848
2787
2949
2270
210
2955


2920
1451
1147
2939
2006
797
1847
2955
2
6
97
153
1449
2960
1634
969
2469
2655
768

3
40
2931
2918
1075
389
2947
2939
560
1866


2512
1261
350
1787
2960
2157
10
2043
2913


1117
646
2795
1910
525
1113
2930
2923
0

9
54
2944
2357
428
2277
2491
651
0
2353
2
8
55
1801
0
2946
2832
1010
883
2769
1612
36
7

1475
2958
2463
0
1168
2955
1268
606
21
7
1
2359
489
125
2783
2880
752
304
2928
289
3

357
1758
2320
1015
0
2916
2877
1233
91
0

2916
1835
640
1730
2957
2726
234
1587
29
4
3
1815
1309
2789
2863
1161
775
2960
2950


1535
914
2958
2955
1263
2657
2864
2026
12
7
0
2725
2955
2657
912
2955
2949
1849
1754


2953
2614
1662
2279
2950
2957
759
2117
29
4
9
2710
1584
2954
2948
1697
1130
2951
294
5

2418
736
2949
2957
1786
2033
2931
2368
1
4
07
2528
2966
2711
777
2182
2951
1675
145
6

2917
2733
1201
1102
2943
2954
790
1079
2
5
38
565
0
2554
2817
1594
0
2949
2877
839


1138
2635
1489
264
1434
2953
2291
0
1312


2958
1138
594
2259
2230
464
368
2832
292
9

368
577
2898
2871
341
2117
2402
1056
227


1905
2957
2030
0
2270
2871
1015
501
273
1

1700
305
1040
2922
2843
0
907
2950
2108


282
2079
2327
442
0
2294
2809
1614
0
29
1
3
2793
786
767
2551
1410
255
1443
2954
2
3
53
20
1391
2959
1237
734
2395
2342
607
49
5

2921
2939
551
711
2933
2928
650
2509
2
7
07
1498
753
2449
2951
2431
423
2930
2944

1
629
1377
2954
2391
833
2194
2952
2274
16
0
2
2897
2950
1418
897
2960
2945
2032
850

2
959
2955
1491
2327
2881
2169
1211
2495
29
6
0
2551
681
2494
2959
1563
1333
2967
2393


1047
1486
2951
2953
158
1277
2950
2609
708


2619
2718
958
349
2559
2903
1982
0
2955


2863
1160
926
2831
1699
486
1616
2958
250
9

37
1306
2955
1392
785
2355
2494
595
21
9

2835
2896
844
351
2932
2899
433
1874
244
8

1161
318
1904
2953
2109
0
2258
2907
11
3
6
653
2843
1824
454
1147
2978
987
452
22
9
3
1837
240
483
2718
2911
0
672
2885
2704


294
2247
2421
899
208
2151
2947
2022
0

2
704
2863
1155
736
2911
1813
624
1678
2959


2779
166
1509
2957
1898
1153
2676
2845
1
0
69
569
2955
2947
1759
752
2973
2955
1413

2
463
2885
2199
1289
2554
2957
2594
790
25
9
3
2955
1693
1584
2965
2606
1535
2100
2955


2957
805
2123
2960
2813
1535
2957
2949
1
8
22
1264
2954
2951
2539
785
2957
2945
1808


1881
2947
2373
1421
2495
2934
1341
960
2
8
09
2259
685
823
2917
2951
66
870
2926
277
0

435
2402
2559
1052
346
2299
2930
2062

0

2737
2843
1088
589
2771
1587
317
1331
29
6
0
2640
0
1049
2949
1567
545
2097
2405
4
3
5
0
2650
2815
1249
44
2945
2877
594
1421


2474
1374
289
1635
2957
2170
0
1625
2943


980
511
2416
1810
352
787
2826
2897
0
81
6

2927
2502
355
2258
2407
716
30
2194
28
8
6
1838
0
2799
2797
944
624
2717
1523
256


1322
2951
2546
0
1069
2959
1482
656
2217


2517
623
183
2890
2908
1207
367
2949
2951


810
2007
2688
1510
752
2950
2958
1893
1
9
42
2956
2451
1520
2594
2946
2817
958
2338


2957
1918
1809
2983
2849
1570
1453
2954

2
947
1197
1535
2944
2955
1348
2958
2902
200
4

1335
2901
2947
2559
660
2957
2950
1646


1294
2958
2259
1023
1789
2954
2928
144
14
6
7
2953
2305
953
2671
2810
999
384
2883
2
8
93
1874
105
2960
2919
1088
1367
2827
1734


549
1723
2959
2468
82
1424
2949
1278
746


2361
2331
542
395
2860
2896
478
586
2914


2896
208
1840
2957
1978
0
2221
2879
998

4
41
2683
1658
272
1023
2909
2854
0
923
2
9
49
2165
403
2202
2448
558
0
2429
2830
168
4

0
2944
2833
903
905
2638
1478
290
1483


2955
2370
0
1322
2955
1218
687
2315
2258


482
362
2870
2941
570
701
2927
2939
704


2542
2742
1491
769
2495
2957
2395
432
2948


2941
1601
1337
2959
2370
1181
1955
2954


2947
436
1856
2938
2466
1457
2935
2948
160
9

1089
2960
2945
2414
1007
2951
2959
1904


2453
2944
2528
1679
2784
2956
1521
1242
2
9
34
2447
977
1139
2951
2954
260
1078
2938


2823
576
2541
2629
1109
398
2335
2945
212
4

0
2880
2886
1245
817
2915
1787
506
147
4

2957
2689
0
1157
2949
1691
731
2253
2528


566
22
2723
2842
1283
64
2951
2894
631


1467
2512
1414
342
1691
2961
2218
3
1701

2
947
1047
583
2607
1878
411
821
2886
2927


0
854
2927
2535
376
2321
2459
818
100
22
8
7
2897
1914
0
2892
2834
1040
701
2795
16
1
2
336
1359
2959
2538
0
1011
2960
1409
4
9
0
2022
2320
350
0
2668
2824
1040
128
2946


2878
934
2387
2955
2448
527
2777
2953
1
6
05
1363
2955
2359
1250
2000
2953
2946
481


1872
2955
2526
1491
2938
2947
1657
1142

2
956
2944
2454
1005
2955
2955
1872
2345
294
9

2463
1535
2673
2954
2768
911
2318
2955


1723
1531
2927
2797
1344
1313
2979
2954
11
1
3
1486
2947
2957
1141
2943
2842
1790
106
6

2706
2955
2438
418
2935
2944
1506
1119

2
957
2153
880
1615
2960
2912
0
1245
2960
2
2
26
720
2448
2661
215
594
2885
2802
272

2
157
2387
985
212
1953
2958
1975
0
2355
2
8
32
960
400
2650
1605
256
1047
2938
2804
0


917
2948
2071
422
2185
2467
573
0
2550


2831
1666
0
2953
2859
898
1015
2667
1490

2
72
1437
2959
2342
0
1211
2958
1134
555

2
211
2176
385
277
2759
2901
320
531
2909
2
8
86
368
2171
2477
1178
350
2013
2950
2160


7
2486
2922
1279
851
2955
2100
803
1520

2
956
2935
160
1491
2954
2432
1153
2902
29
1
5
1325
775
2951
2933
2218
559
2957
2956
1
5
78
1923
2938
2291
1301
2959
2950
1822
15
9
8
2957
2451
1408
2262
2950
2924
495
1880

2
960
2256
1325
2861
2917
1245
679
2959
29
2
8
1901
415
2951
2946
1177
1758
2855
1851

6
79
1867
2954
2418
173
1633
2957
1296
899


2596
2373
687
658
2929
2945
305
699
2905


2861
362
2269
2485
1110
325
2101
2948
20
7
4
0
2530
2876
1147
650
2847
1795
449
1246


2956
2845
0
1002
2960
2065
547
2254
252
3

604
12
2605
2829
1616
0
2951
2858
827
1
0
43
2635
1456
223
1378
2961
2328
0
1226

2
951
345
757
2791
2897
0
830
2926
2535
396


2380
2559
885
244
2422
2914
2042
0
2957


2886
1310
1070
2943
1978
802
1893
2960
27
5
7
347
1718
2957
1840
1359
2814
2880
1253


859
2961
2949
1727
1110
2956
2959
1392
27
6
7
2881
2093
1349
2768
2957
2646
924
2946


2953
1808
1671
2952
2559
1556
2207
2954
2
9
53
717
2063
2954
2700
1474
2948
2948
163
0

1059
2951
2950
2435
758
2959
2954
1799
1
9
51
2935
2305
1264
2365
2963
2673
672
279
9

1899
443
1007
2913
2916
0
905
2946
2399


369
2263
2430
624
5
2318
2864
1805
0
289
7

2782
880
671
2611
1424
243
1394
2975
2
3
86
0
1210
2958
1268
655
2310
2258
511
401


2890
2914
449
563
2890
2896
334
2097
23
8
7
977
158
1887
2951
1975
0
2291
2866
1046


542
2778
1760
377
1094
2929
2846
0
913


2951
2133
395
2166
2420
493
0
2416
2807
1
6
55
0
2943
2819
810
890
2622
1467
304
15
1
8
2955
2425
66
1451
2957
1370
944
2559
24
9
7
813
678
2957
2928
722
894
2937
2938
7
9
0
2650
2753
1562
834
2544
2959
1968
1886

2
949
2413
1438
2461
2958
2865
746
2106
29
5
7
2022
1690
2901
2939
1495
1150
2955
2949


1765
1167
2960
2955
1296
2624
2843
1947

1
122
2480
2958
2449
499
2559
2960
1454
1132


2951
2240
879
1458
2955
2945
93
1318
29
6
1
2507
746
2617
2720
979
295
2615
2877
19
0
5
0
2949
2863
1069
957
2807
1639
379
15
2
1
2944
2495
7
1279
2959
1361
717
2330
225
3

471
311
2778
2894
380
533
2901
2878
349


2151
2455
1105
304
1931
2958
2067
1291

2
399
1242
127
1483
2951
2080
0
1510
2945
8
9
1
391
2476
1770
299
759
2843
2915
0
848


2929
2519
377
2319
2484
834
201
2395
2910


2002
0
2950
2881
1279
1057
2941
1909
70
9

1786
2963
2711
205
1562
2966
1746
1200
2
7
37
2832
1152
765
2955
2949
1518
979
2959


2960
1296
2755
2882
2109
1357
2766
2950
2
6
51
918
2930
2958
1804
1723
2949
2608
162
7

2233
2960
2949
763
2096
2950
2733
1503
2
9
50
2952
1678
1103
2957
2944
2445
697
295
8

1766
648
1925
2957
2290
131
1875
2958
11
6
1
743
2778
2057
592
1061
2939
2944
0
997


2942
2585
491
2416
2546
849
182
2381
290
6

1999
0
2943
2861
1141
811
2819
1652
35
5

1393
2956
2559
0
1105
2954
1499
631
2177


2447
478
21
2741
2863
1104
176
2953
290
3

528
1634
2416
1151
230
1687
2951
2043
0


1847
2912
960
457
2599
1734
314
900
2875


2897
0
909
2946
2339
309
2192
2389
610
0


2320
2864
1792
0
2928
2816
960
721
2686


1483
272
1409
2950
2475
0
1212
2957
1408


809
2376
2559
725
387
2937
2943
1283
294
7

2937
1565
976
2954
2950
2474
762
2947
29
5
7
1881
2033
2955
2402
1478
2554
2960
281
5

879
2272
2959
1861
1673
2942
2810
1422
1
3
47
2960
2947
1162
1535
2955
2947
1287
29
6
0
2890
1903
1217
2843
2959
2491
567
2958

2
943
1619
1285
2957
2240
1018
1790
2942
2
9
13
176
1460
2947
2209
912
2608
2769
921
3
0
5
2853
2877
1824
115
2953
2918
1058
1380


2789
1680
446
1598
2959
2347
16
1385
2954


1200
723
2373
2915
0
650
2843
2638
186


2146
2307
779
96
2032
2935
1936
0
2637
28
1
5
1005
539
2759
1535
248
1221
2960
2583


0
953
2958
1565
467
2022
2364
394
0
2611


2815
1265
43
2950
2880
635
1393
2490
141
4

336
1654
2960
2223
58
1795
2950
1174
782


2793
2111
713
1187
2947
2954
80
1226
29
5
7
2686
918
2875
2866
1405
767
2931
2942
2
3
54
459
2951
2950
1669
1646
2942
2230
120
1

2333
2953
2737
756
2158
2955
1836
1686
2
9
48
2843
1535
1498
2957
2939
1324
1679
29
6
0
1589
883
2935
2934
2254
286
2960
2933
1
4
37
1318
2918
1951
758
1871
2953
2559
176


1478
2958
1423
910
2518
2418
703
570
2938


2890
552
625
2907
2899
475
2242
2513
11
4
3
341
1989
2962
2068
0
2357
2877
1054
52
5

2747
1734
416
1168
2955
2871
0
1023
2967


2181
535
2291
2532
642
27
2559
2838
174
4

0
2955
2859
897
926
2597
1413
192
1376

2
954
2338
0
1275
2953
1211
627
2253
2208


426
283
2775
2912
363
551
2903
2889
364
2
1
39
2369
999
198
1859
2955
2027
0
2311
2
8
64
992
431
2954
2928
35
1349
2951
2423
10
37
2821
2881
1264
720
2953
2930
2253
576


2956
2954
1679
2003
2944
2350
1398
2521
29
5
7
2750
857
2270
2953
1790
1741
2963
2867


1649
1632
2950
2949
1360
1735
2947
2951

1
418
2973
2918
2028
1371
2922
2954
2583
718


2955
2951
1863
1674
2950
2491
1483
2254


2956
2944
511
1899
2954
2402
1345
2901
292
8

1319
684
2955
2928
1991
366
2959
2940

1
226
1613
2878
1865
711
1850
2942
1088
595


2673
1790
364
899
2887
2885
0
906
2947
2
3
68
419
2319
2531
764
127
2473
2867
1841


0
2955
2821
967
785
2707
1527
247
1337
29
5
8
2410
0
1102
2960
1250
558
2101
2309
4
2
6
129
2806
2898
768
320
2931
2897
393
182
5

2357
1007
193
1789
2949
2055
0
2167
28
8
2
998
458
2672
1675
310
1043
2933
2853
0


919
2951
2215
509
2356
2587
811
213
2730


2886
1949
94
2955
2925
1285
1452
2896
197
1

858
2035
2949
2617
481
1913
2955
1619

1
361
2892
2735
1190
1098
2957
2940
1313
295
9

2935
1642
1059
2955
2946
2522
690
2949


2947
1796
1765
2955
2305
1268
2319
2945
2
7
20
544
1854
2955
1630
1199
2766
2598
915

7
69
2953
2877
704
815
2947
2932
638
2437


2681
1382
568
2180
2950
2208
51
2481
2906


1199
691
2851
1865
528
1216
2946
2899
0

1
022
2949
2224
534
2340
2559
720
74
2533


2841
1773
0
2960
2880
1018
1085
2768
1636


430
1570
2957
2400
0
1297
2955
1202
650


2241
2203
405
241
2762
2917
395
496
2895

2
855
303
2057
2948
1870
0
2254
2813
878

3
74
2623
1585
273
1093
2943
2832
0
1069
29
5
1
2093
689
2416
2706
851
267
2852
2889

1
879
203
2957
2935
1188
1615
2880
1971
882


2084
2955
2625
599
2079
2951
1694
1590
29
4
9
2807
1472
1439
2958
2947
1205
1601
295
7

2946
1318
2953
2912
2070
1488
2951
2957

2
719
987
2954
2951
2003
1886
2960
2559
161
8

2438
2950
2949
671
2080
2949
2448
1490


2923
2953
1535
1067
2960
2947
2303
842
295
7

1680
549
1767
2957
2305
67
1598
2950
1
1
04
660
2533
2062
526
711
2887
2944
60
828


2917
2768
433
2401
2523
1004
261
2192
2
9
39
2012
0
2745
2843
1062
605
2800
1645
33
2

1298
2950
2648
0
997
2946
1660
592
216
4

2448
511
6
2707
2832
1313
23
2954
2864

5
62
1296
2390
1297
195
1502
2950
2090
0

1
535
2954
958
483
2499
1784
309
751
2788
2
9
15
0
802
2915
2464
283
2224
2395
747
58


2259
2897
1919
0
2890
2838
1102
783
2859


1712
494
1563
2958
2674
27
1333
2960
167
8

983
2519
2751
918
447
2942
2943
1294
295
9

2910
2032
1413
2942
2953
2651
879
2960


2957
1839
1618
2973
2471
1427
2167
2955
29
4
7
529
1958
2960
2453
1523
2941
2949
1517


962
2951
2938
2214
656
2954
2951
1478
190
4

2917
2103
995
2128
2957
2595
459
1855

2
954
1494
1143
2739
2559
897
752
2953
2909


713
836
2933
2928
612
2375
2594
1270
471


2099
2956
2137
0
2339
2889
1094
592
2783


1779
421
1135
2946
2878
0
1013
2951
2179


533
2336
2559
698
73
2559
2847
343
1646


2273
1016
121
1648
2950
2077
0
1845
2903

9
57
452
2601
1748
306
863
2832
2879
0
82
5

2931
2333
330
2240
2441
704
63
2425
2887


1902
0
2946
2847
1086
912
2833
1712
496
1623
2951
2550
81
1430
2957
1535
1062
2691
2607
963
880
2962
2953
931
1114
2946
2
9
51
1017
2881
2838
1834
1127
2763
2956
2541


667
2958
2945
1805
1603
2954
2482
1491

2
288
2949
2953
719
2146
2959
2559
1677
2962


2953
1743
1218
2939
2956
2416
912
2946

2
953
1754
2255
2957
2363
297
2119
2946
1262


894
2861
2149
670
1062
2943
2943
0
996

2
946
2619
496
2441
2559
926
227
2379
2903


1950
0
2909
2831
1063
737
2786
1611
331

1
423
2953
2593
0
1167
2954
1492
688
2218


2480
546
87
2786
2875
994
212
2950
2914
5
4
0
1746
2470
1223
321
1745
2960
2135
0
1
9
11
2928
981
481
2629
1703
318
934
2873
28
8
0
0
903
2951
2323
453
2343
2545
742
64


2394
2850
1775
0
2909
2790
805
603
2519
1
3
35
144
1292
2965
2441
0
1136
2950
1341

6
57
2181
2386
510
171
2845
2910
914
417
2937
1630
954
2927
2945
2467
591
2934
2946


1757
1631
2953
2345
1360
2437
2961
2864
8
4
6
2230
2957
2027
1788
2928
2947
1603
1262


2945
2959
1830
1344
2955
2960
1423
2867

2
894
2167
1450
2817
2955
2634
866
2894
2959


1723
1535
2960
2452
1273
1813
2971
2950


285
1530
2958
2559
947
2795
2838
1159
481


2805
2916
2075
100
2955
2903
1226
1135
2
8
33
1724
530
1691
2954
2442
81
1441
2954
1
3
23
865
2480
2405
650
871
2932
2202
283

2
134
2372
546
0
2325
2830
1682
0
2901
2797


848
726
2551
1390
176
1361
2959
2303
0


1232
2959
1163
631
2256
2233
447
293
2790


2882
336
474
2881
2837
272
2025
2314
969


164
1833
2943
1996
0
2282
2874
1045
564

2
775
1808
466
1252
2960
2912
0
1155
2951


2323
771
2608
2784
1007
394
2881
2903
2079


288
2959
2960
1429
1657
2922
2087
1017

2
205
2960
2673
683
2128
2960
1730
1594
2938


2818
1447
1392
2961
2917
1309
1667
2949


2950
1479
2960
2947
2389
511
2957
2941
158
4

1535
2939
2096
948
2046
2959
2674
326

1
663
2957
1603
1098
2614
2660
866
489
2945


2943
1085
567
2946
2942
702
2137
2602
13
1
8
491
2017
2932
2146
0
2323
2915
1151
640


2825
1845
495
1203
2944
2883
0
993
2955


2208
474
2254
2487
602
6
2479
2831
1738

0

2959
2849
965
990
2701
1535
358
1498
29
7
8
2370
0
1213
2955
1178
589
2203
2176
3
6
8
239
2707
2864
341
491
2881
2832
238
203
2

2336
1005
207
1887
2950
2014
0
2189
28
6
4
967
444
2651
2614
19
1342
2952
1564
910
2481
2700
883
510
2951
2947
1367
786
2947
2949
1082
2512
2827
1910
1127
2559
2953
2559
741
2839
2956
1701
1535
2951
2541
1457
2069
2959
2955
725
2084
2951
2753
1611
2952
2947
1845
1306
2951
2955
2531
849
2957
2954
1792
1927
2941
2302
1316
2485
2949


2739
881
2346
2960
1776
1653
2946
2817
1347
1202
2954
2906
1031
1226
2945
2949
923


2759
2779
1599
848
2504
2957
2349
1402

2
497
1370
251
1535
2957
2131
0
1599
2945
1
0
35
564
2559
1873
409
821
2864
2919
0
82
2

2923
2489
313
2269
2434
761
91
2247
2897


1898
0
2841
2814
1008
623
2749
1535
314


1355
2938
2549
0
1066
2955
1449
587
2140


2384
418
0
2713
2839
1011
151
2955
2880


434
1586
2384
1136
214
1628
2960
2057
0
1
8
31
2927
1018
551
2683
1846
460
1003
2920


2906
0
983
2948
2481
596
2505
2686
991
3
9
7
2736
2909
2101
144
2949
2933
1425
1431


2938
2107
1008
2119
2955
2709
549
1943
2
9
55
1759
1519
2943
2951
1144
1535
2953
2947


1200
2956
2880
1931
1283
2916
2959
2559


678
2957
2949
1746
1478
2955
2337
1180
196
3

2959
2928
255
1597
2953
2278
1078
2747


2874
1074
474
2937
2893
1863
219
2957
2935


1127
1527
2829
1741
557
1711
2958
2393
7
9

1421
2951
1253
783
2445
2293
587
483
28
7
7
2943
419
661
2896
2880
393
2228
2459
1
0
75
286
1993
2956
2067
0
2409
2880
1074

5
45
2758
1764
387
1101
2941
2855
0
945
295
0

2154
0
2371
2795
1529
0
2919
2777
715


753
2499
1348
160
1347
2953
2358
0
1175
2
9
51
1167
586
2247
2251
502
394
2885
2870


560
710
2928
2960
693
2533
2725
1520
721


2350
2954
2327
270
2744
2939
1474
1136
295
9

2257
1062
1823
2937
2949
405
1803
2960


2514
1360
2942
2954
1535
986
2955
2954
238
9

848
2950
2951
1886
2288
2945
2481
1604


2719
2958
2798
1039
2447
2957
1844
1777
29
4
9
2850
1509
1392
2958
2880
1200
1494
295
3

2975
304
2850
2875
1747
131
2958
2928
10
2
3
1499
2800
1711
529
1714
2955
2343
54

1
456
2951
1166
678
2352
2236
524
484
2839

2
931
293
683
2905
2858
356
2214
2449
1061


297
2041
2951
2085
0
2515
2878
1104
614

2
815
1761
407
1167
2928
2832
0
959
2959

2
066
435
2207
2463
550
0
2505
2809
1601
0


2942
2787
768
926
2624
1456
272
1473
295
4

2374
0
1207
2950
1129
511
2133
2085
283


161
2678
2893
240
419
2864
2821
254
2020


2376
1054
268
1921
2959
2105
0
2371
2903
1178
704
2885
1961
470
1872
2950
2224
1397
2894
2946
1456
954
2957
2951
2213
974
2
9
54
2947
1744
2535
2935
2450
1590
2748
29
5
4
2736
1023
2519
2951
1741
1677
2951
2675


1419
1680
2963
2957
847
1813
2959
2928
1
2
96
2957
2913
1767
1126
2935
2954
2455
482


2953
2938
1613
1327
2947
2111
926
1937
2
9
57
2747
243
1534
2953
1696
973
2446
2650

7
42
291
2918
2908
1264
355
2953
2939
755


1918
2650
1419
480
1889
2953
2183
16
2023


1616
256
1191
2951
2715
0
973
2959
1820

4
86
2112
2439
494
0
2544
2798
1424
0
2944


2832
656
1082
2510
1393
219
1456
2965
22
7
0
0
1346
2951
1103
591
2257
2140
368
29
1

2736
2898
197
511
2882
2853
332
2186
246
9

1135
339
2044
2953
2129
0
2467
2895
11
9
8
715
2890
1926
645
1399
2958
2923
64
1377
2960
2384
997
2781
2871
1191
640
2955

2
928
2159
475
2959
2955
1587
1882
2935
2253


1215
2389
2960
2731
801
2213
2974
1805

1
671
2941
2860
1535
1481
2933
2906
1201
295
1

2897
1521
854
2891
2938
2320
329
2954

2
928
1476
1262
2960
1947
704
1726
2957
2666


17
1285
2956
1616
861
2384
2638
721
314


2940
2917
1204
387
2946
2932
658
1831
253
1

1266
352
1718
2957
2109
0
1859
2928
10
1
5
582
2726
1891
461
1038
2933
2911
0
950


2951
2436
454
2354
2509
709
53
2368
2864


1832
0
2925
2818
996
771
2722
1535
277
1
3
63
2959
2448
0
1089
2957
1277
558
2071

2
301
383
78
2779
2896
880
305
2940
2903
40
9

1763
2371
1092
247
1787
2957
1303
964

2
925
1824
585
1654
2958
2736
197
1554
2958
1856
1275
2785
2872
1196
784
2957
2955
1616
881
2955
2953
1304
2611
2864
2098
1345
2782
2955
2663
971
2942
2963
1809
1726
2959
2615
1599
2195
2960
2955
763
2106
2959


2742
1534
2955
2953
1702
1114
2954
2951
2
4
13
689
2950
2957
1769
1919
2946
2368
141
5

2539
2955
2729
771
2149
2955
1675
1393
2
8
64
2688
1055
899
2959
2923
816
1003
2942


2944
855
2386
2863
1798
0
2935
2829
992

7
86
2761
1587
327
1422
2960
2474
0
1125

2
960
1300
615
2182
2406
495
144
2816
2879

7
87
276
2931
2874
352
1712
2286
977
171

1
771
2958
2062
0
2142
2902
1013
495
2684
1
6
83
288
982
2884
2828
0
851
2945
2164
319


2131
2373
531
0
2431
2832
1699
0
2955
2
8
34
915
897
2682
1531
336
1490
2939
2388


0
1305
2960
1281
748
2367
2362
592
470
2929
2956
709
791
2935
2951
834
2640
2785

1
638
880
2558
2956
2411
391
2922
2943
1602


1285
2957
2320
1135
1917
2955
1712
1575
2953
2647
1306
1519
2953
2954
831
1727
2955


2933
1265
2956
2896
1752
1088
2898
2951


2457
478
2953
2934
1570
1232
2950
2073
824


1766
2958
2773
60
1370
2943
1894
1003
2
5
59
2779
907
385
2946
2891
1480
214
2945
2
9
15
720
1535
2605
1499
416
1748
2955
2320


198
1850
2941
1212
789
2758
2011
503
891


2875
2923
0
821
2907
2496
317
2269
2462


816
117
2303
2902
1941
0
2871
2832
1062
7
0
4
2815
1605
338
1362
2950
2559
0
1039
2
9
57
1438
351
2746
2895
214
463
2839
2794
1
6
2
1955
2275
887
125
1871
2957
2083
0
24
7
8
2896
1213
750
2927
2007
694
1463
2955
2
9
25
62
1423
2946
2402
1018
2790
2867
1190


621
2954
2933
2169
497
2958
2950
1578
191
3

2938
2231
1225
2381
2959
2741
817
2288


2951
1842
1787
2958
2891
1712
1666
2959
29
0
0
1459
1808
2958
2950
1412
2958
2899
198
7

1305
2895
2959
2592
736
2957
2945
1806
1
6
11
2957
2499
1507
2303
2950
2950
903
247
6

2426
637
469
2910
2953
601
624
2922
2915


402
2128
2436
1067
257
1951
2948
2031
0


2303
2869
1083
565
2791
1813
483
1235
293
4

2886
0
982
2954
2184
439
2235
2481
593


3
2519
2842
1746
0
2954
2862
976
980
270
4

1503
270
1441
2973
2347
0
1174
2958
11
7
8
547
2187
2192
406
281
2832
2939
468
559


2911
2881
379
2126
2429
1072
198
1809
2
9
58
1946
0
2073
2843
870
315
2559
1648
295


1083
2945
2883
0
969
2953
2192
432
2251


2503
675
114
2679
2880
1943
107
2960
2934


1277
1413
2895
2629
807
2944
2951
1711
1
5
35
2957
2511
1489
2257
2951
2953
727
211
6

2954
2606
1477
2944
2955
1535
1009
2954

2
951
2397
843
2953
2960
1819
2178
2945
23
5
9
1355
2465
2960
2707
653
2032
2960
1638

1
306
2847
2706
1083
973
2951
2947
995
115
9

2945
2950
789
2583
2721
1451
663
2333
29
5
9
2265
176
2661
2910
1262
763
2897
1889


511
1261
2950
2896
0
1075
2959
2210
523
2
3
09
2554
656
24
2544
2847
1792
0
2960
28
7
4
969
1009
2729
2053
0
2033
2896
983
474


2703
1716
323
1051
2911
2839
0
876
2945


2122
287
2132
2419
579
0
2499
2842
1715
0


2954
2801
770
743
2506
1331
107
1298
295
4

2340
0
1303
2960
1361
903
2544
2533
78
4

635
2943
2954
679
737
2937
2937
669
2486


2723
1535
799
2450
2949
2429
448
2873
2
9
42
1600
1294
2953
2329
1121
1865
2960
2944


480
1913
2959
2559
1563
2943
2957
1793

1
291
2958
2946
2510
1011
2958
2958
1809
218
3

2947
2346
1362
2517
2939
2769
969
2451


2957
917
1229
2950
2951
198
1163
2948
2765


726
2701
2736
1182
427
2458
2928
2032
0


2883
2838
1088
703
2818
1611
323
1376
295
6

2602
0
1139
2954
1643
767
2335
2622
63
8

143
2857
2873
1165
163
2958
2905
563
160
7

2444
1165
197
1635
2958
2033
0
1808
292
8

1023
578
2746
1929
453
1001
2918
2915
0


934
2945
2435
431
2350
2525
735
73
2403


2874
1814
0
2923
2819
993
743
2717
1487

2
13
1286
2945
2382
0
987
2953
1204
474
206
4

2303
390
48
2739
2867
774
243
2934
288
7

398
1807
2431
1136
407
2953
2942
1630
14
3
5
2951
2285
1219
2271
2946
2841
690
2105


2959
2044
1712
2911
2945
1489
1104
2957


2953
1874
1227
2959
2951
1571
2859
2915
22
6
8
1532
2875
2951
2686
981
2926
2963
1776


1625
2957
2538
1418
1979
2955
2952
483
17
6
6
2954
2672
1174
2928
2889
1290
637
2914


2928
2188
245
2954
2939
1467
1455
2971
2
0
66
891
1981
2951
2642
240
1535
2955
1510

9
22
2495
2384
569
387
2857
2928
431
2288

2
374
784
29
1978
2927
1920
0
2623
2839
111
5

693
2880
1749
434
1402
2943
2665
0
970


2886
1584
369
1975
2342
359
0
2630
2832


1353
39
2959
2898
690
1386
2502
1396
261


1562
2955
2099
0
1477
2939
910
419
2455


1791
277
722
2816
2914
0
819
2929
2559
41
7

2415
2586
982
323
2529
2927
2119
38
29
5
1
2895
1347
1104
2949
2003
794
1840
2959

2
742
219
1578
2954
1797
1182
2746
2869
12
0
2
841
2957
2958
1709
1075
2953
2948
1445

2
827
2901
2195
1429
2791
2954
2624
1666
2
9
54
2448
1329
2105
2959
2929
368
1687
2960


2348
1119
2805
2887
1120
487
2938
2905
1
9
43
228
2960
2937
1200
1488
2891
1915
733

1
873
2960
2486
159
1523
2958
1309
819
244
7

2402
630
453
2914
2946
606
630
2928
2915


471
2213
2501
1139
315
1999
2948
2054
0


2369
2887
1087
580
2775
1805
387
1093
292
3

2867
0
939
2957
2238
561
2384
2672
819


214
2698
2865
1812
0
2951
2838
866
848
2
5
59
1401
144
1345
2960
2325
0
1198
2951

1
226
634
2256
2276
480
922
2949
2333
478
2
3
83
2624
853
240
2677
2896
2003
39
2953

2
900
1256
1245
2892
1871
711
1921
2951
258
6

414
1867
2960
1631
1419
2926
2773
1299
1
1
79
2955
2955
1174
1414
2959
2950
1248
29
5
2
2886
1936
1273
2905
2960
2651
909
2953

2
957
1946
1787
2955
2586
1675
2455
2956
2
9
47
754
2140
2957
2521
1571
2929
2960
1584


1040
2941
2947
2322
785
2955
2930
1603
2
0
13
2937
2205
1116
2295
2957
2649
647
2076


1719
354
1314
2955
2779
0
1067
2963
1904


606
2295
2619
681
61
2711
2825
1500
0
29
6
0
2852
721
1109
2559
1388
186
1408
2956


2291
0
1357
2957
1193
716
2375
2313
547
4
4
9
2896
2933
312
542
2867
2832
203
2057
2
3
47
961
161
1889
2953
2015
0
2353
2870
1
0
67
542
2755
1715
313
1057
2931
2833
0
877


2960
2085
373
2114
2378
487
0
2445
2821


1617
0
2947
2829
812
906
2663
1508
309
1
5
05
2958
2424
33
1423
2950
1410
942
2559


2541
805
667
2960
2951
815
955
2948
2953

8
62
2672
2787
1693
926
2558
2951
1875
220
9

2949
2430
1498
2624
2960
2782
914
2337
2
9
58
1836
1729
2946
2867
1535
1425
2960
29
5
5
1280
1447
2949
2950
1123
2895
2832
1792


1007
2622
2958
2441
458
2907
2939
1490
1
0
88
2957
2154
832
1565
2983
2928
16
1250
2
9
53
2352
703
2522
2704
829
160
2665
2868

1
806
0
2957
2894
1041
1114
2787
1607
396


1611
2957
2445
0
1263
2960
1227
630
2257

2
267
464
311
2846
2931
525
556
2916
2909


398
2121
2483
1141
352
2015
2823
773
801

2
521
1338
94
1281
2974
2271
0
1088
2954

1
102
464
2087
2115
288
183
2749
2923
428
5
1
1
2912
2896
405
2182
2541
1222
401
2029


2953
2175
18
2450
2911
1243
803
2925
2032


704
1429
2962
2938
114
1462
2955
2491
110
5

2889
2912
1356
766
2953
2939
2256
569
2
9
55
2957
1658
1917
2944
2342
1387
2559
295
7

2793
994
2433
2958
1904
1869
2951
2883
1
6
38
1562
2959
2955
1408
1741
2958
2960
1
4
73
2951
2927
2085
1429
2911
2933
1222
1351


2894
1830
624
1798
2949
2518
155
1502
2
9
38
1386
893
2478
2441
602
379
2883
2938
5
5
3
581
2921
2926
486
2231
2514
1109
261

1
919
2959
1988
0
2263
2870
999
483
2704
17
2
7
365
1116
2950
2880
0
1047
2954
2226
52
5

2299
2534
612
0
2439
2817
1661
0
2947

2
818
898
915
2677
1509
273
1434
2951
2390


0
1206
2935
1182
546
2154
2191
389
262
27
7
9
2919
433
527
2902
2878
323
2089
2406

1
005
154
1846
2954
1952
0
2215
2864
968
42
0

2672
1714
353
1085
2943
2880
0
1011
29
5
4
1279
823
2959
2955
1689
1010
2960
2957


1326
2665
2887
2131
1365
2791
2955
2702
1
0
45
2946
2959
1885
1840
2959
2658
1647
21
9
0
2963
2957
689
1994
2955
2755
1395
2959

2
945
1667
1111
2956
2948
2542
838
2949
29
4
7
1840
1866
2960
2295
1200
2247
2949
2724


503
1856
2959
1667
1221
2786
2637
947
78
9

2951
2901
726
869
2935
2943
720
2510
267
5

1424
593
2256
2954
2217
44
2559
2896
1
2
19
736
2897
1907
507
1228
2960
1476
560
2
1
11
2407
466
45
2780
2855
1040
199
2947

2
910
484
1663
2448
1209
272
1684
2954
2098


0
1789
2930
993
485
2612
1735
272
880
2
8
68
2881
0
810
2928
2291
261
2124
2338
541


0
2259
2864
1760
0
2903
2823
959
727
27
4
7
1610
371
1495
2959
2558
23
1330
2959
1
4
95
896
2453
2649
787
439
2938
2946
1200

7
21
2953
2949
989
2452
2794
1761
955
2533

2
941
2467
574
2905
2948
1703
1497
2947
24
8
0
1379
2096
2933
2950
622
2013
2960
2629


1578
2953
2954
1741
1220
2955
2953
1344
2
2
15
2858
2070
1011
2262
2947
2464
454
209
8

2954
1363
1018
2926
2269
804
1206
2949
2
9
53
144
1177
2954
2658
562
2483
2615
956


252
2406
2915
2032
0
2945
2870
1201
859
2
9
05
1773
491
1509
2953
2624
0
1120
2955

1
475
559
2091
2374
413
0
2714
2849
1133
168


2946
2925
614
1697
2545
1326
369
1797
2
9
57
2157
0
1879
2930
1065
571
2693
1829
37
7

943
2905
2886
0
862
2937
2318
274
2157


2384
596
0
2321
2876
1874
0
2948
2837

1
023
788
2736
1534
239
1285
2943
1207
752

2
900
1968
606
1354
2951
2928
80
1411
2951


2480
1051
2854
2907
1342
774
2955
2935
22
8
6
601
2958
2959
1670
1883
2944
2287
1242


2419
2950
2742
833
2273
2957
1855
1783
29
5
1
2896
1677
1643
2970
2953
1472
1819
295
7

2955
1503
2957
2928
2112
1437
2942
2954

2
622
799
2958
2945
1842
1584
2948
2448
136
0

2128
2955
2940
496
1843
2959
2447
1325


2917
2936
1349
742
2947
2928
2078
430
2949


1499
314
1574
2943
2105
0
1535
2952
993


533
2553
1936
429
886
2919
2930
0
937
29
3
7
2620
458
2384
2534
856
161
2306
2907

1
927
0
2853
2810
1001
570
2714
1535
240
12
5
8
2963
2550
0
957
2954
1474
550
2127
25
0
1
589
131
2847
2890
1234
187
2947
2905
53
0

1488
2320
1023
64
1515
2958
1939
0
166
7

2927
929
432
2638
1840
447
1072
2940
292
9

0
1023
2950
2473
626
2484
2667
909
246


2629
2894
1975
0
2954
2901
1277
1194
2886


1909
764
1947
2958
2623
458
1888
2955
1
6
83
1442
2923
2832
1360
2118
2957
2810
1411


2945
2938
1626
995
2954
2949
2439
579
2
9
58
2946
1697
1623
2945
2254
1190
2262
2955


2762
566
1914
2953
1718
1275
2823
2685

1
002
806
2946
2815
702
789
2926
2931
592
2
3
77
2603
1263
406
2042
2959
2146
0
2463

2
896
1201
707
2886
1934
576
1290
2947
2905


0
1120
2958
2237
560
2325
2542
625
0
24
2
7
2826
1680
0
2947
2819
901
895
2720
1597


384
1535
2951
2442
13
1311
2953
1316
738


2310
2303
496
307
2821
2928
461
491
2911


2886
106
1654
2958
1903
0
2017
2865
918


399
2645
1758
386
1068
2947
2906
0
1063
2
9
56
2352
630
2471
2695
927
289
2709
2896


2047
127
2960
2935
1405
1451
2928
2074
9
6
2
2151
2957
2684
617
2043
2946
1736
1535

2
934
2846
1418
1307
2953
2956
1253
1557
2
9
55
2955
1351
2959
2902
2076
1425
2946
2951


2682
960
2960
2951
1933
1775
2959
2559

1
597
2341
2959
2954
669
2069
2951
2531
1534


2942
2951
1633
1077
2953
2945
2267
2554


2601
1091
304
2192
2944
2031
0
2691
2862

1
127
616
2829
1681
398
1378
2958
2718
0

1
114
2947
1778
658
2275
2583
626
54
2767
2
8
55
1468
80
2960
2915
793
1470
2592
1446


299
1587
2959
2182
0
1563
2945
1040
554
2
5
51
1920
395
799
2854
2928
0
813
2914
25
4
6
299
2256
2415
745
42
2198
2906
1921
0

2
854
2826
1021
597
2726
1520
208
1232
2954


2544
0
958
2954
1445
454
2021
2361
377

0

2688
2849
1185
158
2959
2924
662
1697
2
5
99
1405
449
1874
2951
2252
109
2135
2937

1
282
895
2927
2163
560
1926
2958
2465
152
7

2932
2958
1667
1146
2958
2953
2382
976
2
9
58
2951
1744
2237
2943
2341
1319
2445
29
5
6
2688
761
2224
2956
1746
1639
2951
2814

1
407
1366
2946
2949
1069
1424
2944
2954
1
0
85
2884
2830
1710
946
2559
2951
2366
274


2831
2919
1395
932
2953
2031
694
1467
295
0

2893
0
1158
2960
2206
713
2451
2698
780


144
2737
2863
1743
0
2955
2892
963
1133


2729
1572
342
1495
2934
2386
0
1246
2949


1171
603
2222
2928
0
720
2883
2592
208
21
6
1
2347
774
66
2129
2918
1898
0
2665
280
0

944
448
2656
1487
197
1260
2958
2546
0

1
045
2960
1533
577
2137
2454
525
52
2773


2871
1186
185
2956
2928
641
1744
2611
1456


544
1955
2955
2294
238
2239
2957
1377
1
0
65
2953
2301
1015
1597
2953
2947
341
160
2

2957
2667
1106
2913
2909
1431
803
2958
2
9
41
2388
561
2957
2947
1757
1821
2941
2390


1447
2624
2957
2801
1095
2539
2945
1935


1951
2958
2910
1776
1627
2948
2256
1070
27
1
1
2832
1023
396
2918
2895
1793
130
2954


2933
1088
1503
2831
1776
595
1777
2958
243
4

132
1535
2959
1283
823
2467
2354
593
4
9
5
2877
2943
381
595
2896
2861
307
2103
23
8
6
993
187
1862
2955
2015
0
2278
2875
10
6
5
572
2791
1817
453
1142
2945
2875
0
987


2951
2224
499
2263
2511
625
0
2494
2839


1740
0
2952
2838
905
903
2703
1595
331
14
9
5
2987
2390
0
1239
2943
1294
704
2271
2
2
38
412
225
2742
2908
374
423
2879
2846
23
3

1949
2338
1007
162
1785
2960
1474
1175


2960
2058
907
1985
2955
2830
495
1895
2960


2001
1488
2879
2925
1390
961
2957
2956

1
829
1063
2955
2957
1506
2773
2897
2235
147
9

2863
2955
2705
1039
2950
2953
1869
1765


2957
2604
1584
2149
2945
2955
670
1955
29
3
9
2713
1382
2957
2943
1648
1059
2954
294
6

2409
631
2951
2948
1650
1712
2939
2204
1
1
42
2306
2957
2687
618
2003
2955
1605
124
7

2766
2615
845
657
2949
2951
720
736
2928


2939
211
1744
2934
1988
0
2134
2895
103
8

511
2702
1789
378
1062
2928
2863
0
886

2
959
2249
369
2207
2480
668
42
2455
2851

1
810
0
2946
2806
875
667
2525
1387
176
136
4

2947
2390
0
1251
2952
1277
737
2351
23
6
3
528
251
2723
2884
285
352
2827
2828
1
7
6
1903
2303
961
175
1868
2951
2085
0
2309


2889
1056
538
2762
1813
481
1216
2956
2
9
13
0
1206
2950
2412
833
2677
2825
1067
40
0

2861
2897
2032
208
2960
2944
1405
1634


2938
2173
1139
2343
2960
2732
790
2241
295
7

1815
1583
2955
2959
1023
1641
2957
2945


1217
2955
2869
1795
1070
2785
2955
2451
4
5
3
2953
2943
1616
1306
2959
2173
970
1921


2950
2832
190
1456
2944
1922
1010
2582
27
9
9
861
325
2928
2895
1526
229
2959
2941

8
48
1648
2675
1613
492
1770
2957
2269
64
1
6
63
2949
1109
702
2715
2064
563
946
2923

2
940
0
963
2944
2667
463
2394
2511
850
9
7

2206
2912
1932
0
2825
2832
1097
692
2826


1661
356
1348
2950
2613
0
1069
2950
158
4

611
2158
2486
496
4
2707
2833
1136
2226


2406
987
161
1903
2958
1968
0
2341
2838


1008
490
2775
1788
559
1440
2960
2917
135


1456
2951
2320
1068
2779
2884
1184
581
2
9
53
2918
2070
511
2953
2951
1465
1887
2918


2142
1108
2278
2954
2686
737
2192
2958
1
7
60
1687
2953
2854
1616
1623
2951
2946
1285


1797
2951
2950
1408
2990
2927
2063
1430

2
952
2955
2666
844
2957
2955
1808
1531
29
5
4
2411
1348
2171
2957
2946
711
2112
2958

2
459
1535
2915
2886
1638
114
2955
2896
75
0

1307
2529
1392
293
1591
2953
2215
32
164
2

2959
1130
697
2681
2032
528
895
2898
2
9
45
0
861
2932
2605
368
2319
2465
806
100


2241
2910
1899
0
2713
2769
902
434
2618


1488
278
1315
2960
2620
0
1150
2957
1566

5
86
2081
2378
364
0
2593
2802
1040
61
29
4
3
2896
573
1587
2521
1322
336
1725
2955
2
0
32
0
1693
2917
867
366
2519
1776
366
92
8

2896
2899
0
816
2928
2404
263
2196
2407


694
64
2391
2896
1980
0
2961
2889
1257
1
0
08
2919
1872
667
1761
2957
2658
268
1610


2874
1456
1340
2985
2956
1377
1603
2951
2
9
57
1397
2958
2911
2023
1322
2853
2949
255
9

721
2949
2949
1843
1655
2960
2542
1505

2
224
2957
2954
545
1883
2957
2485
1247
290
3

2928
1360
752
2949
2925
2091
327
2956
2
9
44
1341
1559
2899
1904
658
1751
2960
2499


128
1488
2930
1402
907
2491
2480
755
579


2945
2950
757
701
2930
2930
531
2213
254
1

1199
357
1975
2954
2090
0
2335
2881
1066


533
2745
1750
385
1065
2935
963
418
223
5

1898
277
431
2754
2932
65
713
2912
2768


230
2113
2271
749
0
1873
2939
1925
0
2
4
79
2834
1049
582
2826
1687
354
1314
2965

2
642
0
993
2842
1722
603
2229
2593
692
24
0

2928
2896
1615
240
2958
2940
949
1691
2
7
57
1757
704
2021
2955
2469
501
2235
2950


1584
1414
2963
2496
1152
1525
2954
2953
47
0

1616
2960
2843
1290
2955
2947
1833
1232


2957
2957
2589
784
2960
2955
1897
1867
29
5
4
2446
1569
2704
2953
2850
1077
2451
295
0

1909
1158
2958
2957
547
991
2938
2909
62
3

2480
2627
1234
453
2203
2955
2151
0
26
3
5
2881
1174
651
2846
1789
453
1247
2951
2
8
33
0
1040
2954
2105
625
2341
2605
683
6
4

2641
2825
1616
0
2953
2868
848
1081
26
8
5
1564
410
1597
2955
2381
0
1214
2957
112
1

549
2210
2214
393
243
2738
2917
384
51
1

2918
2901
369
2073
2415
1057
203
1831
29
5
5
1965
0
2127
2863
960
427
2692
1777
37
1

1034
2916
2873
0
912
2955
2240
395
2199


2450
586
0
2417
2825
1669
0
2928
2783
8
2
5
735
2588
1443
262
1486
2955
1506
1255
2
9
31
2608
1213
1413
2951
2958
870
1741
295
5

2938
1287
2951
2930
1927
1333
2950
2955

2
699
974
2953
2954
2086
1968
2950
2550
16
1
1
2555
2954
2905
739
2115
2950
2161
1626

2
897
2951
1471
1008
2953
2949
2035
1062
2
9
51
2954
1405
2447
2865
2007
1153
2512
2958


2511
612
2610
2954
1505
1158
2956
2231
8
8
0
1440
2951
2942
78
1244
2950
2551
720
26
1
3
2703
936
237
2533
2877
1902
0
2953
28
6
5
1136
978
2958
2306
0
1285
2954
1194
689


2319
2245
463
382
2822
2915
304
527
286
4

2821
205
1971
2280
914
94
1789
2955
1971


0
2237
2881
1063
496
2736
1714
304
973


2874
2823
0
848
2949
2158
359
2162
2413


530
0
2423
2831
1673
0
2943
2816
848
838


2659
1498
318
1497
2951
2447
30
1363
295
4

1391
897
2535
2588
889
720
2955
2948
960


976
2945
2947
958
2709
2803
1744
989
25
9
1
2955
2517
624
2951
2945
1707
1429
2960
2
4
55
1400
2151
2949
2944
605
1987
2960
260
2

1583
2943
2958
1763
1040
2957
2949
1163

2
381
2811
1854
883
2224
2948
2416
381
222
4

2946
1377
1013
2939
2163
773
1305
2956
2
9
55
45
1161
2959
2521
689
2559
2699
944

3
03
2640
2896
1969
0
2954
2889
1177
1006
2
8
10
1683
439
1597
2959
2389
0
1195
2961

1
139
511
2141
2257
509
339
2889
2941
624


558
2928
2921
450
2127
2431
1072
231
1872


2954
2064
0
2274
2889
1087
555
2742
1806


450
1130
2928
2875
0
897
2955
2209
342
2
1
73
2419
567
0
2413
2850
1742
0
2925
2790


799
687
2555
1374
155
1782
2954
1230
87
8

2852
2257
825
1231
2946
2955
315
1349
29
5
9
2802
944
2891
2879
1535
878
2914
2943


2422
543
2953
2949
1801
1661
2954
2358
136
0

2415
2957
2889
842
2221
2960
2108
1744


2919
2945
1639
1295
2955
2957
1922
1297
29
5
5
2951
1562
2871
2898
2196
1425
2747
295
1

2661
953
2896
2955
1790
1648
2944
2559
1
4
34
1936
2960
2950
415
1590
2954
2672
108
1

2886
2864
1296
638
2896
2928
2213
1423
2
6
40
1529
415
1690
2960
2263
69
1670
2949

1
097
608
2559
1936
385
772
2848
2925
0
75
5

2900
2546
319
2330
2502
870
126
2254
2
9
10
1904
0
2786
2808
995
571
2733
1535
275


1326
2962
2656
0
1116
2959
1563
610
214
9

2474
484
0
2647
2795
976
48
2944
2867
4
4
8
1437
2359
1129
202
1651
2960
2143
0
1
8
43
2941
1046
579
2678
1904
461
957
2902
2
9
15
0
912
2954
2502
472
2333
2512
813
17
6

2503
2911
2042
20
2949
2912
1431
1324
29
5
1
2112
976
2080
2949
2726
455
1837
2960

1
808
1433
2901
2957
875
1919
2944
2898
128
1

2957
2923
1732
1136
2947
2949
2512
624

2
959
2941
1715
1498
2956
2289
1194
2191
29
4
7
2832
399
1712
2960
1856
1093
2608
2791


912
393
2953
2927
1457
465
2954
2949
976

2
026
2731
1587
612
1981
2959
2251
82
2021


2945
1168
727
2838
2077
622
1131
2937
2
9
31
0
937
2942
2477
431
2337
2507
755
101


2447
2880
1913
0
2934
2838
981
704
2700


1479
223
1327
2960
2458
0
1132
2951
1424

7
01
2209
2432
497
111
2771
2870
834
2091


2249
733
31
1945
2934
1939
0
2559
2842
10
9
2
585
2821
1712
431
1421
2963
2751
0
11
5
8
2958
1827
783
2375
2700
811
316
2947
29
1
9
1728
496
2960
2960
1227
2077
2845
1974


915
2157
2960
2491
529
2255
2960
1622
148
9

2958
2629
1510
1936
2939
2951
785
1936


2959
2858
1346
2951
2945
1833
1289
2959
29
5
0
2649
922
2959
2953
2014
1959
2945
2444


1455
2512
2959
2806
766
2123
2958
1904
16
9
9
2945
2880
1600
1399
2950
2955
793
2631


2694
937
210
2462
2884
1889
0
2927
2815

1014
783
2800
1691
456
1527
2975
2556
0
1
2
30
2951
1462
701
2201
2459
511
128
2816
2
8
89
913
320
2943
2926
509
1852
2454
1136


235
1797
2967
2094
0
2173
2907
1067
547
2
7
31
1811
432
1072
2939
2864
0
831
2939
2
2
08
325
2150
2394
528
0
2363
2855
1790
0

2
944
2821
914
784
2613
1445
203
1342
2959


2301
0
1085
2961
1088
447
2053
2137
368


208
2807
2928
605
573
2934
2932
566
2295


2610
1313
435
2035
2960
2137
0
2401
2919


1301
863
2951
2150
655
2023
2960
2352
163
1

2928
2957
1649
1154
2957
2952
2227
974

2
946
2945
1627
2366
2903
2304
1414
2687
29
5
4
2703
1009
2669
2949
1718
1578
2957
2557


1309
1675
2957
2957
438
1533
2959
2791
10
6
8
2938
2885
1472
828
2903
2942
2306
286


2957
2928
1409
1186
2928
1904
668
1717
2958
2533
29
1271
2959
1431
775
2375
2400
6
1
0
451
2927
2944
625
592
2923
2909
397
210
7

2446
1145
314
1905
2956
2099
0
2231
29
0
7
1143
1216
2948
2614
0
846
2943
1680
32
5

1925
2313
400
0
2559
2806
1416
0
2957


2851
646
1155
2481
1376
227
1488
2956
2114


0
1394
2953
949
459
2462
1855
368
797

2
876
2941
0
963
2945
2694
587
2537
2661
1023
349
2480
2928
2117
39
2947
2902
1422
1197
2955
2139
1005
2006
2946
2813
384
1731
2956
1927
1328
2809
2903
1255
884
2954
2953
1838
1075
2951
2957
1454
2670
2891
2175
1423
2780
2969
2704
1102
2959
2960
1904


1855
2951
2650
1620
2125
2951
2291
1086
2
7
43
2843
1050
422
2909
2883
1808
151
2946


2939
1072
1459
2819
1717
555
1749
2957
24
1
7
75
1383
2960
1201
656
2290
2192
446
3
8
4
2847
2929
428
667
2920
2912
495
2313
25
3
4
1169
394
2106
2955
2150
0
2451
2883
1
1
36
598
2798
1786
384
1097
2924
2837
0
951


2954
2164
438
2218
2514
667
60
2608
284
4

1709
0
2953
2837
873
914
2621
1431
165

1
294
2958
2302
0
1083
2960
1232
583
2194


2249
406
211
2739
2897
389
373
2859
2827

1
99
1921
2354
1040
226
1904
2938
1371
1474
2927
2009
914
2082
2959
2670
547
1925
2960
1714
1451
2898
2827
1335
1201
2959
2959
1331
1535
2955
2957
1370
2958
2911
2127
1516
2946
2959
2678
934
2958
2955
1908
1745
2951
2533
1479
2193
2954
2958
601
1952

2
958
2550
1495
2941
2954
1674
1152
2957
29
4
5
2331
741
2957
2945
1588
1938
2903
2129

1
008
2146
2929
2608
446
1771
2958
1518
1141
2759
2626
910
750
2945
2921
706
826
2937
909
154
2179
2921
1924
0
2699
2837
1008
537
2721
1520
246
1314
2960
2587
0
1018
2950
1535
527
2039
2357
382
0
2640
2829


1149
77
2948
2871
474
1412
2361
1120
177
1598
2957
2078
0
1745
2933
966
464
2559

1
786
324
827
2818
2896
0
775
2917
2433
3
1
4
2235
2446
723
62
2368
2892
1941
0
2929


2838
1070
807
2823
1727
509
1601
2956
2551
77
1360
2959
1535
960
2593
2559
862
714
2953
2955
945
1043
2955
2950
1034
2832
2818
1815
1095
2714
2960
2539
646
2960
2946
1776
1535
2954
2883
688
2057
2958
2111

1
584
2887
2941
1413
939
2957
2947
1803
865


2956
2955
1266
2363
2821
1874
982
2309
2
9
55
2415
378
2297
2945
1369
990
2933
2174

7
74
1278
2953
2942
55
1137
2949
2543
571

2
481
2646
942
238
2497
2890
1918
0
2940
2
8
32
1094
844
2822
1661
400
1502
2946
2544
0
1195
2959
1457
715
2225
2458
485
115
2784
2881
837
252
2917
2906
495
1839
2480
1235
392
1935
2947
2115
0
2183
2907
1075


546
2695
1728
314
976
2879
2849
0
829
293
5

2224
62
2526
2839
1727
0
2947
2827
893


918
2736
1634
451
1636
2952
2544
225
1607
2957
1535
1138
2709
2670
986
814
2954
2951
990
1119
2946
2951
1106
2881
2843
1896


1203
2800
2960
2585
745
2945
2954
1807
16
2
1
2951
2529
1526
2273
2939
2945
753
2185


2957
2609
1648
2944
2955
1728
1215
2955
2
9
54
2467
959
2946
2955
1765
2122
2954
2350


1360
2512
2961
2771
846
2255
2950
1751
1
5
35
2918
2811
1306
1105
2933
2958
457
2401


2513
861
144
2213
2918
1959
0
2819
2851


1141
747
2862
1702
415
1418
2954
2644
0

1
062
2957
1526
510
2023
2355
370
0
2637

2
832
1173
129
2948
2905
624
1575
2507
1237


307
1710
2960
2121
0
1808
2931
1009
506


2605
1821
352
880
2835
2907
0
849
2936
24
4
2
323
2238
2436
695
16
2303
2874
1798
0


2857
2786
880
560
2559
1403
170
1271
2943


2449
0
1044
2947
1374
646
2233
2496
619


256
2912
2921
1072
445
2948
2945
688
2097


2671
1521
688
2252
2951
2364
366
2668
2
9
44
1523
2474
2953
2928
674
2080
2956
2288


1601
2913
2954
1557
1079
2956
2955
2134

9
00
2960
2953
1574
2383
2907
2262
1365
2604


2953
2608
773
2479
2957
1602
1365
2957
24
9
8
1182
1515
2949
2949
352
1344
2955
2803


883
2814
2783
1259
531
2559
2922
2126
0


2947
2883
1264
902
2931
1841
577
1597
295
8

2690
1
1280
2950
1661
738
2269
2583
58
7

85
2797
2857
1200
147
2949
2918
633
1633


2508
1295
353
1762
2945
2171
0
1822
293
9

1055
556
2673
2522
0
978
2957
1329
383

1
919
2227
303
0
2599
2818
889
112
2927
2
8
70
403
1535
2331
1141
219
1655
2954
2129

0

1789
2941
1088
596
2688
1943
551
1085

2
946
2944
0
1119
2958
2611
748
2707
2790
1
2
10
540
2819
2931
2237
299
2953
2935
1534


1486
2944
2178
1137
2256
2939
2784
703
20
9
3
2958
1886
1647
2934
2868
1494
1387
2933


2949
1406
1667
2959
2953
1527
2954
2926
2
2
14
1622
2957
2949
2732
1007
2959
2951
19
3
9
1758
2952
2527
1490
1658
2959
1386
938

2
517
2489
704
508
2928
2954
702
632
2929


2927
511
2209
2535
1240
427
2047
2959
2139


0
2397
2906
1216
691
2838
1863
447
1112


2939
2875
0
930
2937
2234
385
2218
2492


647
3
2463
2838
1758
0
2951
2847
914
875


2666
1535
324
1515
2947
2469
6
1279
295
5

1260
621
2237
2311
529
333
2859
2929
555


491
2902
2878
321
2029
2402
1058
192
17
5
9
2958
1979
0
2032
2875
942
401
2591
1687


255
880
2826
2854
0
815
2933
2230
321

2
192
2430
606
0
2414
2859
1841
0
2948
2860


1065
981
2815
1709
733
2269
2961
1729
1
6
65
2950
2768
1616
1823
2960
2955
1136
2015


2960
2951
1535
2954
2947
2090
1515
2947


2955
2672
869
2950
2944
1872
1633
2950
238
4

1365
2352
2962
2900
675
2058
2945
2114

1
453
2859
2925
1285
795
2960
2947
1825
725


2958
2955
1222
2160
2800
1774
848
2190
2
9
60
2343
257
2171
2974
1244
809
2858
2038

5
81
1072
2935
2930
0
966
2950
2548
525
2
4
45
2559
528
217
2475
2898
1999
0
2949
2
8
49
1115
818
2958
2272
0
1251
2960
1151
59
5

2255
2206
431
320
2794
2919
375
552
29
0
2
2858
263
2007
2288
880
44
1706
2951
190
4

0
2111
2845
895
345
2559
1582
208
929

2
872
2855
0
953
2957
2246
475
2298
2544
7
3
8
131
2619
2867
1859
0
2960
2891
1136
11
3
5
2855
1767
593
1766
2951
2586
299
1682
2
9
48
1633
1280
2853
2781
1259
1115
2939
29
5
9
1161
1280
2958
2957
1184
2937
2875
1963


1264
2853
2960
2610
771
2949
2951
1857
1
6
93
2957
2558
1616
2364
2957
2945
1387
2834


2706
1009
827
2956
2951
848
847
2939
29
5
0
729
2451
2696
1483
638
2225
2954
2279

1
76
2559
2926
1305
825
2911
1990
597
1237


2944
2913
0
1053
2951
2309
553
2337
2551


692
75
2539
2858
1818
0
2953
2864
997
9
6
5
2724
1565
319
1437
2970
2410
0
1210
295
1

1291
667
2256
2291
446
257
2808
2919
5
0
1
473
2905
2885
345
2026
2430
1143
325
19
0
9
2958
2093
0
2133
2891
962
414
2601
16
7
7
294
993
2912
2879
0
935
2953
2307
417

2
268
2496
656
0
2367
2816
1632
0
2836
27
5
3
736
619
2528
1392
449
1995
2954
1520
13
0
0
2950
2630
1225
1399
2957
2959
793
1566


2958
2937
1197
2956
2899
1818
1211
2944
2
951
2622
798
2951
2959
1979
1878
2950
255
9

1702
2672
2953
2939
980
2395
2933
2269
1775
2909
29
4
6
1600
1104
2953
2957
2
0
22
1040
2958
29
5
9
1535
2544
2873
2117
1293
2602


2957
2542
658
2639
2955
1584
1309
2955
23
6
7
1051
1524
2951
2955
107
1211
2954
2559


692
2608
2736
1019
337
2688
2885
316
2032


2352
1034
228
1890
2955
2059
0
2307
2897


1093
547
2735
1732
327
1023
2915
2849
0

9
46
2958
2221
464
2293
2559
707
38
2480

2
832
1679
0
2942
2819
835
804
2607
1411
18
3

1326
2954
2354
0
1136
2954
1233
570
21
7
2
2202
362
178
2735
2911
474
431
2898
286
4

259
1939
2352
990
195
1849
2957
2064
0


2286
2896
1146
656
2850
1936
611
1338
2
9
59
2933
53
1337
2945
2460
983
2814
2875
1
2
38
639
2948
2925
2192
451
2957
2949
1558


1771
2940
2230
1169
2295
2959
1791
1680
2
9
55
2729
1453
1613
2960
2958
912
1739
296
0

2938
1221
2955
2895
1721
1014
2848
2955

2
433
415
2956
2927
1489
1088
2954
1925
67
2

1659
2966
2705
15
1289
2954
1755
863
239
1

2676
751
273
2906
2897
1328
304
2958
2
9
29
704
1744
2559
1362
369
1722
2951
2144

0

1842
2937
1089
582
2672
1936
505
999
2
9
29
2934
0
912
2931
2491
368
2256
2439
733


46
2314
2879
1891
0
2917
2839
1088
791

2
832
1717
475
1561
2951
2582
4
1280
2956

1
470
721
2240
2442
511
394
2896
2865
259

1
872
2275
977
176
1809
2954
2111
0
2309
29
2
8
1241
781
2913
2080
766
1443
2958
2947


229
1523
2953
2530
1059
2857
2886
1295
714


2953
2935
2305
545
2958
2959
1643
1814

2
951
2311
1334
2481
2953
2784
877
2291
2956


1872
1766
2935
2889
1614
1499
2953
2955


1442
1702
2959
2949
1505
2959
2917
2165
15
2
0
2947
2962
2650
851
2960
2949
1885
1687


2950
2525
1488
2187
2946
2951
492
1795
29
5
0
668
112
2799
2844
1068
137
2949
2884

4
96
1575
2441
1257
301
1739
2960
2160
0
1
8
40
2938
1130
673
2742
1967
528
982
2915
2
9
28
0
880
2932
2483
387
2306
2512
784
11
3

2391
2865
1918
0
2899
2822
1001
713
2775


1616
366
1443
2951
2497
0
1109
2957
141
1

618
2135
2384
443
45
2738
2862
881
224

2
928
2875
362
1674
2346
1078
208
1719
295
5

2063
0
1986
2913
975
432
2613
1673
240

9
01
2863
2850
0
848
2944
2244
404
2310
2
5
91
818
194
2662
2885
1987
48
2939
2917
12
7
4
1279
2907
1935
759
1907
2955
1799
1713


2957
2586
1471
2022
2947
2948
667
1968

2
955
2762
1463
2955
2935
1709
1088
2950
29
4
5
2410
665
2947
2951
1826
1926
2944
2329

1
275
2361
2949
2697
559
1905
2950
1628
12
3
2
2762
2688
1011
842
2946
2949
1006
1054

2
944
2951
832
2517
2690
1385
541
2113
295
1

2163
5
2362
2912
1205
715
2864
1939
566


1219
2950
2912
0
1088
2957
2356
597
2410


2611
771
133
2559
2865
1824
0
2957
2846

1
002
981
2768
1609
354
1431
2938
946
427


2533
1777
313
816
2834
2887
0
738
2896
23
7
1
191
2115
2299
560
0
2146
2854
1744
0


2803
2781
925
619
2675
1535
320
1429
2928


2559
6
1267
2956
1556
859
2386
2627
706

2
94
2915
2929
1143
542
2949
2955
897
2306


2777
1747
961
2505
2959
2481
583
2849
29
5
4
1650
1393
2959
2443
1265
1968
2954
2945


482
1869
2953
2624
1502
2946
2958
1766
1
2
69
2958
2954
2559
1063
2959
2956
1947
2291


2959
2501
1603
2672
2952
2790
912
2320

2
960
880
1181
2950
2948
150
1145
2939
2724


613
2544
2649
1008
286
2383
2916
1963
0


2884
2835
1142
767
2865
1737
464
1498
2947


2663
0
1168
2958
1646
735
2266
2559
622


110
2819
2851
1152
132
2951
2895
546
1519


2470
1239
304
1712
2954
2163
11
1895
294
1

1106
623
2688
1943
469
925
2896
2923
0

8
64
2921
2474
281
2238
2407
716
17
2265

2
889
1843
0
2853
2800
960
636
2687
1518
23
4

1314
2951
2413
0
1034
2960
1280
490
20
9
6
2167
333
143
2684
2883
400
389
2885
286
1

274
1984
2408
2194
487
2957
2957
1554

1
853
2935
2256
1238
2401
2957
2754
882
2322


2954
1849
1725
2945
2879
1569
1473
2959


2960
1424
1695
2954
2955
1446
2958
2919

2
149
1513
2939
2955
2633
835
2947
2949
1840


1657
2948
2494
1398
2137
2950
2949
490

1
851
2962
2448
1191
2870
2901
1263
637
2950


2913
2051
284
2955
2943
1255
1491
2893

1
884
697
1833
2959
2496
161
1527
2957
1407


912
2467
2451
651
453
2899
2943
421
2310


2484
752
53
2320
2887
1875
0
2898
2825
1
0
03
659
2690
1488
201
1283
2950
2466
0
1
0
61
2953
1392
598
2138
2383
451
66
2777
28
6
4
926
208
2933
2890
379
1671
2369
1095

1
83
1669
2956
1979
0
1889
2885
902
339
255
9

1674
304
979
2903
2896
0
957
2946
2326


463
2338
2559
775
175
2623
2884
1967
32

2
947
2915
1274
1278
2911
1969
819
1979
296
2

2654
418
1840
2955
1687
1405
2886
2803
1
2
61
1113
2958
2959
1171
1339
2957
2951
12
3
1
2956
2891
2055
1410
2935
2958
1775
1913


2947
2251
1143
2213
2954
2697
546
1872
2
9
54
1616
1216
2736
2679
949
720
2958
2960


916
847
2946
2946
737
2383
2671
1392
571


2160
2954
2206
38
2409
2908
1177
679
2837


1863
510
1218
2954
2898
0
1079
2950
2300


582
2421
2624
790
133
2590
2851
1792
0

2
960
2851
945
914
2730
1576
340
1475
2957

2
421
0
1231
2957
1303
699
2283
2373
511

3
14
2853
2921
579
470
2923
2903
401
2011
2
3
76
1022
170
1783
2947
1994
0
2131
2867

9
63
418
2643
1728
355
1008
2954
1776
688
2
3
09
2679
815
301
2941
2909
1712
367
2955


2942
1171
1932
2849
1984
925
2201
2958
253
1

606
2263
2960
1601
1422
2957
2541
1289

1
666
2951
2947
659
1823
2958
2869
1378
29
5
7
2951
1871
1323
2959
2948
2666
959
2954


2953
2014
2000
2951
2512
1587
2610
2959
2
8
43
855
2237
2956
1952
1694
2933
2866
146
6

1344
2955
2954
1312
1415
2950
2956
1211

2
893
2845
1840
1056
2603
2951
2437
437
27
8
0
1562
265
1356
2951
2512
0
1143
2951
144
5

677
2230
2501
576
155
2848
2896
983
25
1

2942
2909
426
1669
2379
1111
219
1743
29
5
6
2058
0
1986
2902
1035
511
2718
1829
3
7
8
1023
2922
2887
0
899
2949
2288
398
2258


2432
592
0
2350
2837
1685
0
2957
2815

9
61
810
2672
1520
270
1389
2951
2359
0
109
9

2955
1151
473
2058
2167
352
151
2729
2
8
98
428
417
2898
2883
343
1999
2415
1115
3
0
6
1909
2958
2189
56
2413
2930
1344
923

2
953
2165
880
1526
2950
2944
157
1415
2955


2481
973
2816
2951
2317
1099
2951
2951
1
7
37
2495
2926
2352
1447
2661
2953
2654
866


2542
2960
1734
1664
2950
2642
1479
1835

2
960
2959
566
1664
2958
2832
1133
2957
2896


1558
874
2896
2945
2288
256
2960
2919
1
4
56
1170
2930
1915
722
1798
2955
2629
166

1
465
2961
1520
863
2429
2422
622
401
2879


2936
623
578
2923
2917
476
2207
2555
1264


413
1995
2954
2125
0
2239
2896
1081
549


2721
1827
442
1102
2941
2897
0
977
2959
2
3
18
491
2321
2825
1264
26
2947
2855
485

1
200
2309
1182
58
1376
2957
2103
0
1398
29
4
9
997
524
2480
1904
354
723
2822
2919
0


779
2903
2617
347
2338
2512
969
279
2413


2935
2143
16
2950
2898
1362
1023
2950
19
5
9
687
1712
2957
2755
162
1531
2954
1939
1
2
79
2789
2897
1295
861
2960
2953
1808
105
5

2953
2959
1446
2691
2896
2190
1371
2706

2
951
2671
996
2917
2959
1870
1843
2949
26
7
5
1712
2240
2943
2954
857
2160
2958
2811

1
517
2957
2944
1742
1125
2955
2931
1088
1
4
77
2832
1722
561
1758
2959
2413
106
1471


2958
1213
705
2483
2160
547
619
2868
2931


129
748
2914
2832
424
2359
2506
1049
26
9

2100
2954
2010
0
2547
2842
1053
559
2789


1659
367
1296
2933
2730
0
1087
2959
183
4

670
2265
2559
601
10
2699
2821
1408
0
2
9
49
2849
628
1186
2462
1374
271
1602
2959


2266
48
1645
2957
1105
647
2593
1971
419


752
2807
2913
0
715
2863
2528
141
2096

2
277
672
11
2112
2924
1941
0
2807
2826
107
4

690
2831
1632
308
1311
2960
1584
1365

2
957
2653
1254
1417
2957
2955
905
1693
2955


2944
1354
2955
2931
1989
1414
2959
2955

2
731
1013
2957
2932
2066
1935
2955
2495
1
5
82
2544
2950
2885
746
2145
2958
2071
1595


2886
2944
1473
1050
2951
2951
1772
1020

2
949
2951
1282
2543
2828
1936
1003
2334
295
0

2445
413
2310
2952
1414
1104
2947
2288


879
1391
2947
2955
144
1265
2957
2625
762


2667
2733
1054
311
2559
2896
1963
0
2950


2852
339
1375
2954
2487
0
1082
2955
1342


541
2068
2347
423
0
2683
2837
887
179
29
2
8
2891
413
1584
2368
1134
173
1587
2951

2
064
0
1775
2932
1009
501
2551
1792
322
8
1
8
2835
2895
0
787
2919
2430
271
2227
240
3

698
7
2230
2890
1837
0
2864
2817
1008
6
9
5
2751
1598
370
1481
2960
2603
55
1367

2
960
1609
935
2469
2697
849
467
2953
2947

1
301
642
2951
2950
1008
2405
2800
1804
10
2
3
2553
2957
2518
656
2897
2955
1723
1491

2
955
2487
1392
2077
2961
2959
628
2007
29
6
0
1489
992
2951
2951
1742
906
2955
2951
1
2
01
2326
2813
1813
850
2210
2956
2375
339


2237
2946
1354
975
2928
2224
816
1296
295
5

2949
69
1234
2951
2611
699
2559
2688
9
7
3
257
2541
2882
2001
0
2954
2864
1155
8
7
9
2846
1676
406
1463
2933
2523
0
1097
295
5

1396
595
2128
2410
497
107
2818
2885
1
0
02
310
2948
2919
544
1808
2467
1174
240
1
7
61
2954
2039
0
2029
2915
1019
511
2691
17
8
9
390
1021
2903
2879
0
877
2948
2263
31
9

2177
2426
589
0
2380
2841
1742
0
2930
2
8
10
418
1473
2957
2588
17
1360
2955
1602


993
2537
2724
882
498
2955
2951
1353
729

2
955
2950
1033
2434
2796
1819
1073
2611
2
9
59
2541
704
2930
2955
1756
1563
2954
252
1

1453
2139
2960
2950
739
2151
2959
2730
1
6
79
2967
2960
1877
1326
2954
2955
2553
93
5

2958
2949
1885
2076
2950
2414
1421
2530

2
955
2796
955
2385
2947
1889
1707
2928
28
3
9
1343
1169
2945
2951
1185
1222
2946
2955


1023
2759
2774
1653
0
2890
2835
1092
687


2767
1599
317
1391
2990
2486
0
1117
2951


1409
657
2271
2317
497
313
2827
2928
543


502
2905
2896
370
2047
2432
1119
254
1853


2960
2055
0
2177
2897
1064
500
2692
1761


350
976
2899
2874
0
861
2955
2253
339
22
2
2
2474
640
0
2371
2850
1730
0
2922
2795


850
688
2551
1397
164
1311
2938
2379
0
1
1
58
2960
1245
592
2190
2274
450
227
2821


2926
611
494
2928
2933
560
2231
2623
1424


637
2281
2975
2327
278
2687
2942
1489
11
1
3
2959
2250
994
1677
2953
2948
342
1691
2
8
64
1582
1522
2957
2954
1126
1535
2960
29
4
5
1216
2956
2887
1956
1299
2897
2958
2597


725
2960
2947
1763
1463
2951
2363
1200
1
9
51
2971
2934
231
1567
2951
2325
977
2690

2
832
1040
381
2882
2896
1895
144
2955
292
8

1136
1373
2835
1744
527
1701
2955
2421


64
1388
2960
1254
707
2323
2334
511
383
2
8
64
2938
496
607
2909
2896
401
2131
2451


1123
267
1902
2960
2032
0
2293
2891
1094

5
71
2783
1845
482
1180
2960
2896
0
1046

2
960
336
0
2480
2768
866
15
2879
2810
318


1317
2271
1079
114
1571
2956
2054
0
1821


2934
1035
560
2659
1936
464
981
2926
2946


0
1086
2956
2633
717
2689
2774
1177
474


2741
2926
2178
205
2957
2931
1485
1355
294
9

2127
1005
2139
2958
2773
622
1987
2963


1872
1568
2927
2862
1431
1290
2949
2953

1
390
1573
2950
2960
1488
2949
2928
2209
158
1

2955
2963
2717
1013
2955
2955
1930
1746


2957
2547
1520
2213
2977
2949
575
1935
29
5
9
784
253
2895
2889
1300
268
2953
2933

7
15
1745
2608
1402
462
1859
2956
2218
64
1
9
45
2940
1136
662
2739
1973
479
948
2913


2928
0
967
2945
2559
490
2426
2559
868
14
9

2384
2896
1918
0
2921
2834
1040
702
27
5
0
1579
307
1378
2955
2482
0
1109
2945
142
4

640
2173
2439
486
65
2750
2867
913
204


2931
2880
391
1642
2354
1079
216
1773
296
0

2080
0
2011
2911
981
448
2622
1686
242

9
00
2845
2851
0
823
2938
2304
311
2183
2
4
18
600
0
2393
2864
1808
0
2949
2847
1041


940
2806
1699
508
1678
2955
2541
1554
29
5
0
2467
1364
2128
2953
2960
624
2027
2960

2
559
1558
2945
2958
1681
1152
2954
2953
2
4
23
863
2951
2955
1777
2112
2945
2355
1350


2491
2953
2762
881
2342
2958
1837
1700
2
9
58
2840
1407
1267
2969
2907
1104
1331
2955


2943
1034
2810
2797
1638
847
2439
2956

2
311
222
2705
2927
1383
943
2953
2103
779

1
507
2955
2922
14
1282
2958
2320
755
250
3

2688
790
122
2630
2854
1755
0
2938
2864

9
41
1001
2726
1590
0
1483
2949
995
477
2
3
84
1820
256
586
2703
2897
0
697
2863
2559


174
2151
2324
757
32
2064
2924
1887
0

2
631
2803
951
495
2707
1520
251
1271
2960

2
608
0
1044
2951
1616
566
2115
2449
483

5

2762
2861
1267
181
2957
2928
730
1698
26
2
7
1471
544
1977
2953
2351
310
2231
2953


1431
1158
2955
2368
1038
1571
2956
2958
38
9

1586
2957
2750
1151
2946
2918
1511
981


2949
2943
2513
749
2957
2959
1858
1891
295
1

2446
1465
2542
2960
2849
946
2347
2947


2019
1856
2950
2951
1261
826
2947
2957
903


2387
2713
1525
675
2192
2951
2269
162
2
4
57
2930
1328
878
2922
2067
672
1249
2957


2930
0
1061
2956
2399
550
2384
2595
806

1
41
2529
2867
1853
0
2951
2864
1065
939

2
782
1616
382
1519
2956
2446
0
1219
2953
1
3
08
677
2256
2309
473
234
2794
2910
505

4
26
2909
2883
353
2039
2430
1186
291
1857

2
954
2077
0
2134
2899
1014
477
2637
1742


336
949
2896
2895
0
911
2945
2320
369
223
6

2448
652
3
2358
2849
1757
0
2917
2797

8
66
656
2559
1397
160
1331
2949
1425
1110


2950
2289
1049
1728
2958
2953
379
1702
29
6
0
2606
1295
2933
2938
1517
963
2953
2943

2
416
794
2950
2954
1855
2143
2957
2492
16
0
2
2706
2960
2827
1040
2447
2955
1888
1776


2946
2871
1512
1308
2954
2959
1341
1423

2
954
2949
1342
2947
2902
2092
1367
2870
294
7

2559
717
2954
2948
1634
1296
2952
2294


1045
1697
2960
2939
156
1433
2955
2405
895


2678
2797
982
303
2745
2866
1861
0
2960


1466
270
1535
2951
2145
0
1457
2948
1011


537
2502
1913
365
727
2841
2928
0
849
2
9
28
2651
369
2320
2466
855
112
2178
2919
1
9
05
0
2725
2800
959
535
2734
1588
282
13
3
0
2955
2640
0
1009
2947
1569
538
2081
23
9
0
384
0
2627
2815
1108
37
2949
2866
494

1
377
2394
1200
270
1667
2955
2160
25
1875


2945
1109
663
2743
2000
559
1031
2943
294
3

0
1141
2953
2674
831
2781
2825
1318
66
3

2867
2943
2291
366
2957
2944
1617
1531
2
9
46
2239
1181
2261
2940
2795
675
2087
295
7

1917
1511
2954
2955
1097
1623
2954
2955

1
264
2951
2896
1904
1231
2881
2966
2502
5
5
6
2953
2938
1621
1227
2951
2150
912
1810

2
955
2847
101
1406
2959
1977
883
2469
273
6

827
240
2866
2879
1650
192
2954
2943
973


1535
2698
1635
480
1736
2959
2269
38
15
8
2
2950
1104
647
2551
2022
464
762
2867
2
9
31
0
830
2921
2682
357
2325
2473
896
14
4

2190
2921
1897
0
2717
2809
983
563
2742


1582
310
1323
2959
2641
0
1072
2953
1653


605
2119
2425
445
0
2627
2817
1200
2245

2
384
900
134
2011
2950
2026
0
2614
2874
1
2
00
737
2925
1840
585
1521
2977
2816
16
1
3
24
2954
2000
963
2595
2838
1050
511
2947


2931
1924
607
2956
2956
1408
2134
2881
217
6

1200
2431
2957
2634
837
2495
2955
1767


1726
2958
2705
1643
2047
2955
2959
845
197
9

2953
2897
1418
2955
2950
1889
1295
2953


2954
2621
822
2955
2953
1869
1723
2951
23
7
9
1369
2391
2954
2881
651
2001
2960
204
5

1525
2881
2928
1343
875
2919
2766
368
23
2
4
2490
1038
263
2174
2948
1983
0
2559
2
8
27
1008
464
2721
1589
309
1238
2960
2724

0

1067
2956
1787
608
2210
2544
567
0
2656


2821
1408
0
2950
2870
752
1271
2559
1481


350
1651
2958
2254
22
1527
2949
1007
482


2384
1808
255
629
2799
2928
0
817
2913
2
6
40
336
2288
2391
787
51
2095
2910
1852

0

2619
2787
971
504
2745
1600
295
1307
295
0

2670
0
1103
2951
1662
654
2210
2539
59
3

134
2855
2886
1375
265
2956
2949
896
185
9

2718
1638
674
2096
2959
2394
389
2321

2
955
1686
2007
2960
2958
890
2020
2950
2902


1466
2953
2937
1817
1181
2956
2965
2471


582
2960
2951
1826
1725
2950
2337
1313
235
0

2957
2775
592
1921
2951
1806
1375
2870


2769
1135
885
2955
2957
1056
965
2946
29
4
7
799
2429
2704
1523
647
2149
2960
2233
9
4

2379
2923
1247
757
2889
2031
626
1226

2
955
2934
0
1064
2957
2387
477
2327
2532
7
2
4
37
2427
2870
1847
0
2950
2849
1054
89
4

2766
1597
355
1458
2953
2416
0
1275
2959


1313
715
2319
2910
0
558
2827
2691
92

2
019
2231
794
16
1840
2949
1863
0
2331
282
2

945
403
2695
1534
239
1234
2960
2720
0


1072
2955
1782
606
2222
2559
670
119
2837


2878
1648
253
2959
2947
1163
1867
2839
1
9
31
879
2144
2954
2480
471
2082
2948
1526

1
344
2948
2541
1258
1639
2956
2960
613
16
8
7
2957
2885
1218
2955
2925
1786
1186
2955


2949
2615
848
2960
2956
2033
1984
2955
2
5
38
1638
2674
2961
2858
1009
2397
2957
1978


1776
2945
2906
1594
1200
2960
2523
639

2
522
2686
941
259
2559
2891
1913
0
2955
28
7
0
1116
890
2770
1607
379
1525
2959
2458


20
1319
2957
1355
769
2304
2384
534
274
2
8
41
2927
569
435
2908
2881
338
1999
2434


1136
264
1819
2960
2074
0
2157
2914
1090


537
2683
1789
359
976
2906
2901
0
951
295
6

2368
464
2314
2533
720
42
2411
2864
17
5
9
0
2937
2815
946
787
2683
1501
243
1358


2957
2352
0
1123
2957
1194
476
2074
2170


290
112
2711
2896
444
390
2896
2868
290

1
918
2353
1081
253
1840
2967
2112
0
2213


2347
1193
2032
2987
2928
469
1916
2957
238
2

1584
2928
2960
1635
1132
2951
2959
2297


1043
2959
2951
1811
2531
2934
2483
1658
2
8
55
2958
2763
1148
2777
2960
1787
1734
29
5
9
2674
1523
1895
2956
2958
711
1793
2938

2
864
1197
2953
2893
1590
896
2885
2945
22
9
5
272
2959
2919
1488
1154
2947
1990
750

1
743
2953
2725
112
1413
2958
1755
907
241
5

2668
719
247
2882
2889
1216
260
2953
293
5

688
1774
2585
2079
0
1895
2910
975
478


2636
1751
374
1010
2899
2885
0
934
2949

2
273
383
2203
2451
618
0
2374
2838
1741

0

2925
2803
883
705
2602
1408
163
1327
295
1

2333
0
1099
2953
1217
543
2134
2254
40
1

173
2749
2907
536
423
2909
2886
348
2015


2429
1155
321
1886
2956
2181
48
2354
292
8

1297
886
2947
2157
848
1493
2960
2947
1
6
3
1415
2954
2558
1041
2874
2906
1355
772


2951
2939
2299
576
2955
2948
1664
1835
294
7

2322
1318
2460
2958
2807
913
2330
2955


1943
1865
2951
2955
743
1409
2953
2930
96
3

2899
2810
1568
787
2608
2954
2303
193

2
934
2915
1394
975
2951
1973
705
1600
2962


2811
3
1286
2960
1913
745
2338
2653
688


96
2782
2843
1517
86
2953
2917
851
1411
2
6
27
1491
317
1589
2949
2224
0
1530
2946
1
1
05
635
2559
1984
438
782
2877
2928
0
801


2909
2623
295
2256
2429
865
147
2192
292
8

1968
0
2790
2832
1079
640
2800
1622
283


1278
2953
2611
0
992
2957
1616
527
2113


2478
476
0
2704
2823
1232
43
2943
2834
48
0

1280
2320
1088
116
1534
2955
1333
903

2
956
2031
798
1744
2950
2859
226
1601
2955


2136
1261
2811
2917
1277
757
2954
2944
2
0
26
802
2955
2960
1582
2363
2907
2352
1445


2741
2961
2730
1085
2730
2960
1857
1859

2
954
2711
1663
2031
2959
2955
903
2023
2952


2898
1447
2949
2943
1835
1205
2946
2950


2602
811
2955
2951
1923
1793
2959
2409
137
9

2354
2957
2848
557
1895
2957
1939
1290


2753
2826
1055
581
2957
2941
1437
528
29
4
8
848
80
2198
2903
1881
0
2781
2815
999

5
95
2749
1589
356
1382
2929
2624
0
1101

2
960
1648
653
2185
2466
524
14
2728
2849
1
1
79
112
2949
2887
528
1494
2433
1239
234


1617
2992
2102
0
1730
2938
992
492
2607
1
7
86
304
835
2832
2885
0
779
2918
2385
286


2192
2398
670
0
2299
2864
1796
0
2896
28
0
1
933
650
2675
1517
272
1392
2958
2542

0

1248
2975
1566
883
2473
2559
800
591
295
6

2951
959
912
2963
2951
978
2659
2800
1
7
61
989
2606
2961
2491
595
2941
2951
1707

1
444
2960
2439
1314
2000
2960
1681
1534
2
9
46
2714
1408
1535
2950
2953
927
1605
2959


2939
1131
2950
2857
1647
905
2722
2954
2
3
52
274
2954
2928
1456
1087
2947
2065
806

1
712
2945
2827
33
1318
2951
1936
815
2370


2656
698
114
2782
2848
1520
101
2951
29
1
6
849
1495
2682
1558
443
1707
2952
2281
4
8

1601
2957
1161
681
2559
2032
491
835
28
8
2
2933
0
861
2923
2664
412
2377
2507
890


161
2214
2913
1933
0
2794
2828
1088
637


2769
1593
281
1277
2960
2597
0
1003
2951

1
557
496
2026
2922
0
687
2882
2672
247
2
2
19
2412
938
223
2240
2945
2109
0
2893
289
6

1350
956
2946
1941
689
1699
2956
2785

1
93
1583
2949
1968
1266
2799
2910
1243
779


2959
2958
1820
916
2951
2963
1419
2531
2
8
80
2150
1350
2670
2960
2626
901
2787
2954


1793
1711
2973
2647
1607
2127
2957
2955

8
42
2066
2955
2824
1454
2951
2942
1699
105
5

2951
2950
2414
624
2955
2957
1851
1887
2
9
51
2412
1414
2492
2958
2741
730
2077
296
0

1702
532
2874
2939
331
625
2910
2882
379


2186
2439
1112
298
2005
2961
2064
0
243
7

2891
1136
618
2783
1772
367
1098
2955

2
841
0
922
2956
2172
464
2258
2526
692
50


2559
2843
1769
0
2955
2874
973
986
2732


1535
301
1409
2949
2369
0
1164
2957
1243

5
81
2178
2302
461
243
2797
2912
511
382

2
896
2860
262
1861
2279
985
122
1717
2960

1
999
0
2123
2911
1037
463
2651
1753
321

9
76
2897
2875
0
912
2956
2344
498
2383
263
9

880
259
2719
2896
2035
133
2958
2930
132
5

1335
2921
1968
797
1954
2947
1794
1635


2960
2523
1456
2113
2975
2955
668
2037
2
9
50
2690
1535
2947
2955
1667
1117
2951
2945


2449
803
2958
2955
1757
1930
2954
2314

1
255
2343
2950
2716
549
1873
2947
1609
1142


2626
2593
787
564
2948
2951
881
726
294
3

2947
726
2374
2675
1436
576
2118
2960
21
7
0
29
2361
2914
1179
689
2841
1951
564
1
2
28
2947
2917
0
1084
2955
2341
560
2363
25
4
2
693
15
2448
2836
1773
0
2959
2848
974


887
2730
1587
327
1451
2959
2414
0
1098

2
251
383
249
2731
2898
246
450
2846
2785

1
11
1888
2217
855
39
1741
2954
1984
0
2215


2885
1098
581
2768
1840
447
1163
2954
2
8
80
0
1035
2959
2294
633
2471
2745
944
345


2863
2909
2067
267
2954
2942
1424
1578

2
929
2023
882
2053
2943
2667
546
1959
2956


1767
1535
2923
2875
1430
1234
2960
2959

1
387
1406
2950
2959
1328
2947
2896
2132
145
5

2925
2942
2711
1077
2958
2960
1981
1878


2955
2602
1581
2229
2957
2953
642
2003
29
5
8
1002
433
2947
2906
1376
342
2951
2942


789
1867
2688
1535
562
1917
2950
2266
161


1981
2945
1162
703
2718
1986
449
896
288
1

2930
0
880
2913
2516
387
2329
2531
860


181
2389
2899
1970
0
2926
2844
1073
725

2
786
1619
338
1389
2959
2515
0
1081
2957

1
452
644
2163
2435
462
37
2736
2848
940
1
4
9
2911
2864
365
1517
2332
1059
176
1711

2
954
2059
0
2037
2917
1049
508
2631
1737
3
0
7
896
2843
2841
0
816
2934
2287
312
219
9

2462
646
0
2388
2857
1786
0
2941
2831
1
0
08
838
2733
1587
369
1561
2955
1595
1395


2959
2512
1285
1809
2945
2954
623
1898
29
4
9
2790
1431
2951
2947
1843
1313
2951
295
1

2559
868
2953
2946
1894
1929
2953
2365
1
3
43
2448
2965
2758
790
2192
2955
1861
168
4

2926
2882
1426
1173
2957
2960
1245
1233


2949
2945
1057
2755
2798
1707
889
2433
29
5
5
2352
295
2665
2934
1407
975
2950
2123

7
68
1449
2973
2931
0
1211
2959
2395
653
24
6
0
2643
774
87
2549
2855
1782
0
2962
288
1

1079
1071
2943
2329
0
1195
2953
1161
576


2192
2231
435
272
2790
2923
432
482
290
3

2859
316
2032
2379
1091
253
1915
2959
20
7
5
0
2205
2870
1040
481
2657
1702
273
94
0

2878
2854
0
819
2944
2219
282
2159
2395


592
0
2397
2855
1806
0
2956
2864
1106
1
0
02
2829
1735
538
1659
2990
2549
144
1488

2
958
1535
1038
2633
2679
976
734
2954
294
9

1070
991
2950
2961
1040
2739
2822
1866

1
119
2646
2958
2521
656
2925
2944
1750
1535


2955
2543
1495
2207
2956
2960
755
2183

2
782
1232
1104
2949
2945
854
1149
2944
2945


866
2695
2758
1600
787
2436
2945
2288
1
7
9
2715
2911
1323
823
2928
1990
631
1383


2951
2895
0
1146
2955
2258
667
2444
2664

7
75
123
2640
2844
1735
0
2959
2859
962
1
0
55
2733
1586
351
1518
2950
2427
16
1275
2
9
58
1296
737
2320
2384
527
249
2815
2913


581
452
2913
2910
422
2076
2475
1207
320

1
902
2956
2109
0
2128
2902
1019
505
2691


1790
347
967
2884
2883
0
896
2948
2353
41
2

2287
2505
688
4
2352
2851
1731
0
2869
2
7
68
642
1711
2949
2660
144
1485
2951
1691


1103
2683
2675
961
735
2950
2947
1093
1
0
76
2945
2950
1116
2858
2859
1920
1200
2767


2958
2589
745
2957
2944
1821
1626
2951

2
543
1535
2249
2943
2949
763
2139
2949
2661


1567
2947
2951
1678
1135
2957
2949
2422


817
2947
2949
1749
2031
2955
2377
1402
252
5

2958
2752
797
2173
2960
1749
1520
2914

2
800
1237
1067
2949
2954
928
1062
2943
294
5

859
2591
2739
1535
0
2674
2841
1073
576


2802
1639
325
1318
2943
2631
0
1013
2947


1576
510
2043
2383
403
0
2667
2820
1238


94
2953
2906
658
1471
2506
1315
327
1703

2
951
2130
0
1725
2943
979
452
2585
1775

3
04
769
2843
2911
0
863
2928
2526
378
2294


2463
764
66
2256
2882
1840
0
2809
2779


960
584
2695
1534
285
1387
2955
2546
0
11
4
8
2960
1514
679
2250
2525
609
196
2879

2
898
1117
380
2929
2946
768
2061
2686
1533


689
2242
2966
2378
382
2613
2954
1514
12
0
7
2955
2361
1142
1779
2954
2957
432
2913

2
945
1515
1018
2953
2955
2001
1035
2957
2
9
55
1577
2559
2896
2185
1344
2624
2943
2554


713
2551
2955
1559
1286
3009
2386
1015

1
451
2943
2956
177
1296
2950
2634
726
263
5

2746
1090
378
2646
2912
2074
57
2955
289
4

1267
1055
2880
1757
505
1606
2954
2486

2
9
1297
2956
1376
764
2329
2432
586
341
2
8
80
2923
638
481
2928
2913
448
2064
2477

1
201
334
1855
2955
2055
0
2069
2896
1041
5
5
1
2715
1877
479
1051
2935
2903
0
944
29
5
4
394
0
2559
2786
1031
13
2928
2858
464

1
363
2393
1184
230
1631
2965
2128
0
1807


2946
1133
691
2742
2066
624
1131
2960
2948


80
1186
2955
2661
775
2722
2798
1248
60
9

2880
2930
2300
384
2956
2947
1611
1508
2
9
41
2187
1094
2237
2955
2723
690
2096
295
0

1833
1646
2929
2891
1502
1342
2946
2960


1470
1574
2958
2951
1533
2954
2917
2224
1
5
95
2954
2948
2692
962
2950
2949
1841
1615


2949
2479
1378
2106
2949
2949
624
2009
29
4
6
708
167
2863
2882
1286
260
2948
2956

7
50
1746
2609
1419
418
1776
2949
2199
16
1
7
76
2946
1057
582
2586
1871
396
873
2886


2918
0
886
2928
2545
425
2321
2479
786
46


2263
2885
1841
0
2834
2795
990
631
2761


1601
386
1463
2944
2559
0
1166
2949
1465


608
2096
2384
411
0
2685
2841
945
151
2
9
43
2890
486
1645
2417
1150
237
1711
2950

2
039
0
1871
2901
894
350
2512
1658
198
8
6
3
2826
2876
0
879
2943
2393
401
2324
253
5

754
96
2501
2882
1936
0
2960
2885
1198

1
101
2891
1840
656
1792
2955
2615
1712
29
5
7
2525
1504
2235
2989
2949
722
2117
2950

2
619
1568
2942
2955
1712
1143
2954
2959
2
4
34
806
2957
2951
1751
1994
2947
2358
1380


2493
2962
2767
806
2160
2959
1775
1519
2
8
86
2813
1201
946
2949
2952
1063
1037
294
3

2951
874
2559
2727
1522
662
2240
2959
22
6
4
135
2487
2906
1325
874
2943
2095
722

1
373
2954
2927
0
1146
2953
2368
597
2435
2
6
26
752
84
2529
2852
1803
0
2945
2839
97
5

895
2740
1588
318
1432
2958
2431
481
263
9

1664
263
978
2914
2841
0
894
2944
2191

3
56
2167
2410
496
0
2303
2816
1600
0
289
6

2771
757
708
2559
1430
201
1341
2958
2
4
30
0
1211
2955
1343
714
2291
2403
566
339


2931
2941
786
653
2942
2950
754
2416
27
2
3
1578
753
2260
2953
2330
309
2559
2937
1
4
82
1168
2950
2349
1133
1797
2957
2947
43
9

1763
2955
2638
1315
2947
2949
1601
1007

2
955
2947
2475
849
2958
2958
1948
2189
29
5
1
2487
1619
2694
2959
2833
991
2351
2949

1
926
1808
2942
2949
365
1151
2944
2833
67
9

2647
2708
1229
470
2448
2939
2125
0
2863


2873
1225
760
2885
1754
458
1451
2959
26
8
9
0
1129
2943
1700
692
2227
2522
562
32

2
735
2841
1270
95
2947
2905
679
1501
2524


1360
400
1778
2959
2177
0
1791
2939
1040


554
2586
1887
402
880
2883
2924
0
871
2
9
28
2593
411
2315
2462
779
59
2235
2885
18
4
3
0
2793
2805
955
600
2707
1564
291
136
6

2953
2531
0
1104
2954
1402
528
2015
2306


354
0
2668
2834
941
151
2941
2893
465

1
573
2389
1154
234
1735
2957
2096
0
2026
2
9
23
1088
2111
2953
2781
511
1878
2963
191
5

1535
2919
2889
1501
1321
2955
2959
1522

1
638
2950
2950
1556
2955
2929
2243
1577
2
9
57
2946
2691
986
2963
2965
1838
1632
2954


2491
1419
2131
2935
2954
629
1983
2954
2
5
59
1342
2923
2944
1448
838
2950
2930
221
8

496
2955
2948
1490
1659
2928
2102
907
20
1
7
2949
2623
330
1638
2960
1498
957
2463

2
514
693
440
2928
2935
735
567
2932
2928

5
86
2185
2559
1303
403
1939
2835
937
814

2
702
1535
294
1419
2965
2427
0
1168
2960

1
293
566
2096
2213
305
82
2681
2855
475
3
3
7
2887
2874
335
1901
2389
1098
245
1825
2
9
59
2000
0
2063
2880
919
363
2480
1611
1
9
7
871
2849
2854
0
876
2953
2341
455
2349


2559
752
65
2461
2862
1839
0
2953
2864

1
136
1043
2871
1854
658
1807
2960
2647
334


1711
2957
1645
1215
2747
2736
1055
837
2
9
54
2955
1081
1074
2946
2954
1163
2885
286
4

1977
1286
2816
2954
2585
801
2957
2958

1
859
1671
2949
2558
917
2495
2951
1634
145
5

2951
2517
1171
1465
2958
2959
336
1297
2
9
50
2774
770
2719
2761
1214
493
2606
2929


2141
16
2954
2880
1280
933
2898
1760
475


1535
2957
2602
0
1261
2950
1533
795
2332


2445
585
334
2884
2929
679
459
2916
2896


382
1991
2416
1159
281
1827
2959
2106
0


2115
2917
1093
595
2714
1839
420
1008
2926


2894
0
910
2947
2333
382
2262
2481
706


51
2457
2867
1844
0
2950
2838
958
784
26
4
9
1451
208
1317
2958
2369
0
1103
2951
126
9

576
2129
2250
381
151
2928
2837
557
25
2
1
2672
1306
629
2505
2959
2318
259
2946
2
9
28
1557
1201
2955
2182
1008
1959
2957
28
8
6
405
1839
2951
2198
1487
2898
2955
1494

1
043
2960
2950
2120
1077
2957
2955
1712
2
6
99
2927
2349
1617
2898
2945
2709
1074
2926


2958
1829
1745
2983
2619
1505
1986
2946


2959
654
1889
2949
2817
1370
2954
2941
1
7
59
1140
2950
2944
2452
603
2955
2941
1645


1478
2949
2139
950
2010
2958
2720
623
27
4
3
1732
304
1019
2905
2851
0
883
2953
2247


418
2238
2485
628
5
2458
2846
1776
0
294
6

2833
935
891
2725
1569
336
1470
2953
2
4
92
0
1246
2954
1369
688
2255
2327
438
146


2750
2890
561
384
2899
2879
340
1931
24
4
3
1152
328
1906
2931
2099
0
2157
2886
9
7
9
397
2559
1710
286
919
2864
2871
0
886

2
948
2340
404
2280
2510
694
37
2438
2863


1822
0
2947
2860
1088
971
2837
1765
563
1
7
18
2951
2605
240
1590
2933
1616
1169
270
4

2704
1008
784
2954
2958
1076
1045
2953
2
9
54
1066
2779
2959
2647
864
2960
2954
1787


1516
2947
2420
1307
2086
2955
2944
592
1
9
82
2951
2508
1401
2928
2934
1379
767
2960


2929
2106
426
2958
2948
1345
1636
2903
19
9
7
839
2006
2943
2555
306
1654
2959
1402


946
2518
2463
719
575
2933
2919
553
681
2
9
27
2923
541
2291
2557
1238
395
2005
2950


2095
0
2288
2896
1139
627
2806
1861
442

1
099
2935
2881
0
970
2952
2294
471
2286

2
489
650
34
2511
2864
1829
0
2959
2860
102
3

943
2757
1611
323
1403
2954
977
414
21
3
1
1920
246
334
2704
2896
45
568
2870
2791


269
2160
2381
976
192
2001
2947
2073
0


2525
2894
1253
783
2941
1956
718
1730
2953


2837
146
1487
2959
2069
1120
2734
2889

1
177
672
2953
2938
1910
737
2960
2960
1424


2262
2865
2079
1232
2593
2955
2629
895
2
8
09
2950
1803
1735
2960
2660
1623
2129
295
5

2955
829
2097
2954
2825
1535
2948
2959

1
889
1303
2958
2953
2559
798
2959
2953
182
9

1836
2950
2383
1389
2467
2943
1247
810

2
861
1968
525
1089
2929
2911
0
955
2946
2
3
82
444
2320
2544
784
131
2498
2882
1891
0


2949
2858
1091
946
2800
1634
352
1437
2
9
46
2413
0
1131
2965
1307
626
2192
2333
48
1

241
2833
2906
596
400
2912
2886
323
18
9
9
2339
1061
224
1839
2949
2077
0
2209
289
7

1110
590
2718
1803
373
982
2894
2890
0


862
2944
2281
309
2155
2373
580
0
2339


2839
1727
0
2902
2794
835
663
2605
1426
2
2
1
1383
2960
2457
0
1217
2957
1365
730
23
0
7
2413
547
306
2885
2933
814
581
2938
29
44
693
2332
2706
2427
797
2958
2951
1819

2
112
2949
2403
1462
2559
2950
2801
931
233
4

2960
1853
1726
2928
2870
1434
1232
2957

2
954
1278
1415
2948
2950
1328
2947
2874
2
0
00
1264
2771
2950
2531
645
2930
2945
1633


1296
2949
2307
1071
1713
2947
2938
128
1
3
79
2959
2402
840
2608
2745
918
272
2752
2
8
85
1904
37
2954
2887
1075
1136
2832
1697


461
1578
2951
2486
35
1323
2959
1386
801


2343
2422
527
272
2849
2918
653
432
2923


2897
331
1804
2958
2032
0
1969
2891
944


393
2547
1758
329
914
2873
2882
0
848
29
3
5
2305
256
2091
2311
491
0
2238
2848
172
8

0
2907
2803
931
757
2698
1535
293
1727


2963
2423
0
1218
2950
1351
746
2323
2472


663
467
2939
2951
889
771
2944
2951
768

2
416
2732
1616
778
2332
2961
2386
420
2738


2944
1605
1327
2957
2426
1270
1925
2953

2
952
528
1872
2960
2676
1446
2951
2945
1721


1214
2954
2946
2555
966
2954
2954
1938

2
170
2954
2480
1531
2624
2951
2816
1148
295
5

2182
819
1458
2956
2915
0
1116
2960
23
2
5
657
2473
2693
865
233
2719
2864
1840
0


2950
2857
1021
1021
2778
1615
387
1521
2
9
42
2480
48
1318
2949
1374
786
2302
2377

4
63
192
2782
2898
594
395
2918
2898
423
2
0
06
2482
1226
378
1936
2939
2096
0
2177
29
0
2
1064
560
2699
1786
368
1040
2935
2914


0
1008
2957
2365
509
2331
2512
694
0
2418


2838
1756
0
2945
2833
969
836
2697
1535


221
1330
2959
2391
0
1088
2948
1225
505

2
047
2166
258
55
2670
2874
566
402
2927

2
906
470
2042
2950
2416
461
2896
2952
1639


1361
2956
2389
1247
2005
2958
2941
511
1
8
86
2958
2527
1467
2939
2951
1663
1173
2953


2943
2439
999
2954
2952
1872
2305
2945

2
418
1477
2608
2966
2751
925
2373
2955
1824


1760
2947
2779
1535
1644
2950
2953
818

1
516
2958
2934
1096
2943
2858
1712
966
2739


2955
2354
265
2950
2914
1453
1006
2941

1
925
670
1677
2957
2778
80
1387
2960
1840

9
05
2431
2688
719
208
2850
2854
437
2321


2450
769
70
2260
2886
1890
0
2896
2821
10
7
2
741
2819
1669
373
1428
2959
2519
0
10
2
3
2960
1371
454
1970
2310
367
0
2705
2839


1088
151
2948
2885
503
1535
2387
1168
1
6
0
1492
2954
2003
0
1622
2938
945
442
24
8
3
1762
327
845
2870
2910
0
865
2935
2448


362
2294
2505
829
173
2459
2915
2064
32

2
949
2898
1344
1163
2944
1968
752
1829
2934


2717
271
1639
2957
1814
1291
2843
2821

1
211
1023
2956
2957
1264
1266
2953
2951
126
4

2926
2889
2031
1356
2880
2953
1741
1843


2951
2313
1273
2331
2955
2743
563
1872
29
5
1
1674
1191
2672
2674
880
640
2944
2953


987
833
2949
2956
816
2446
2720
1523
636

2
176
2954
2246
112
2367
2928
1264
807
287
7

2030
618
1222
2956
2927
0
1067
2945
2384


525
2359
2559
753
128
2529
2869
1892
0


2951
2870
1120
1023
2807
1599
311
1393
295
1

2391
0
1136
2951
1355
720
2323
2448
615


383
2909
2931
715
482
2928
2903
429
197
4

2400
1126
270
1894
2958
2098
0
2215
2901


1094
559
2719
2646
0
1057
2947
1795
720


2321
2663
721
203
2883
2881
1554
289
2955


2947
1103
1910
2795
1778
848
2199
2955

2
396
396
2255
2951
1474
1251
2955
2485
1255


1746
2947
2951
585
1770
2957
2806
1255

2
958
2935
1694
1129
2955
2942
2608
878
2959


2977
2011
2037
2954
2517
1595
2628
2958


2857
858
2237
2960
1996
1722
2928
2891
151
9

1360
2958
2958
1477
1488
2955
2955
1298


2928
2850
1859
1072
2559
2958
1142
641
28
0
0
1662
384
1381
2955
2704
0
1142
2902
17
8
2
697
2275
2558
573
46
2753
2832
1360
8
6

2951
2908
728
1445
2525
1317
334
1693
2
9
