2
957
0
2960
2956
2956
40
6

0
2963
2960
2960
2960
1905
0
1341
2960

2
958
2258
0
1863
2950
2950
2958
2960
0
0


2958
2959
2957
0
91
2955
2947
2959
2958

5
76
0
2881
2949
2959
1360
0
2469
2960
29
5
7
2957
2800
0
0
2954
2951
2783
0
688
295
3

2955
2958
2957
0
0
2960
2955
2941
0
0


2951
2951
2957
2958
1705
0
1055
2955
2955


2041
0
1557
2960
2957
2955
2951
0
0
29
5
6
2958
2956
0
0
2957
2960
2959
2957
237

0

2669
2957
2954
1037
0
2133
2957
2960
2
9
60
2640
0
0
2963
2955
2676
0
465
2960

2
959
2960
2960
0
0
2957
2959
2955
0
0
295
1

2959
2957
2960
1613
0
986
2943
2958
19
5
1
0
1571
2957
2956
2955
2955
0
0
2963
29
5
7
2960
0
0
2951
2955
2960
2960
458
0
28
2
8
2957
2960
1369
0
2425
2949
630
2951
29
6
1
2374
0
1175
2954
2955
2951
2955
0
0
2
9
55
2955
2958
0
0
2958
2956
2949
2955
433


0
2368
2960
2951
1218
0
2013
2951
2950

2
958
2721
0
0
2963
2959
2769
0
320
2960
2
9
60
2960
2962
0
0
2953
2951
2955
48
0
2
8
39
2958
2960
2954
1869
0
507
2960
2955
21
5
3
0
1047
2960
2958
2957
2949
0
0
2960

2
945
2951
0
0
2947
2956
2957
2955
305
0
2
3
41
2955
2953
1168
0
1999
2966
2960
2960


2704
0
0
2961
2957
2757
0
249
2951
2955

2
959
2957
0
0
2960
2956
2951
0
0
2669
2
9
57
2958
2951
1831
0
419
2953
2959
2167
0


1003
2959
2960
2951
2949
0
0
2960
2957

2
956
0
0
2955
2971
2958
2954
460
0
2515
2
9
60
2955
1322
0
2234
2958
2960
2955
2958


2320
0
1306
2961
2957
2960
2960
0
0
2946


2956
2960
0
0
2958
2935
2957
2961
551
0


2613
2955
2955
1254
0
2146
2960
2960
2957


2744
0
0
2960
2951
2800
0
359
2961
295
7

2955
2951
0
0
2958
2960
2960
35
0
288
7

2948
2955
2960
1830
0
535
2957
2955
2112


0
979
2958
2950
2953
2958
0
0
2959
2953


2958
0
0
2949
2960
2951
2958
145
0
2355


2960
2955
1041
0
1955
2960
2956
2949
266
7

0
0
2959
2958
2743
0
207
2955
2960
2959


2959
0
0
2951
2959
2953
0
0
2801
2959


2957
2955
1738
0
511
2960
2958
2088
0
966


2959
2954
2950
2954
0
0
2958
2951
2960


0
0
2958
2960
2951
2957
198
0
2258
2960

2
959
1084
0
1911
2957
2950
2959
2700
0
0


2954
2956
2713
0
299
2954
2959
2959
2955


2954
0
0
2941
2958
2951
2953
755
0
2270


2959
2957
1478
0
1984
2955
2957
2960
2851


0
0
2958
2961
2865
0
204
2959
2960
295
7

2957
0
0
2955
2955
2955
197
0
2731
295
4

2957
2951
2013
0
272
2960
2950
2062
0

9
55
2949
2956
2951
2947
0
0
2955
2957
2957


0
0
2960
2955
2950
2954
137
0
2559
295
4

2955
1052
0
2063
2949
2957
2960
2654
0

0

2955
2953
2750
0
270
2960
2957
2954
29
6
0
0
0
2960
2960
2954
0
0
2832
2960
2957


2956
1702
0
566
2955
2960
2063
0
1023
2
960
2960
2959
2955
0
0
2960
2954
2950
0
0


2958
2967
2958
2958
132
0
2495
2960
295
5

944
0
1923
2957
2958
2951
2606
0
0
2960


2955
2754
0
291
2955
2959
2960
2951
0

0

2959
2958
2958
2960
2960
1296
0
1579
295
7

2951
1872
0
1712
2959
2957
2955
2943
0


0
2959
2955
2960
0
28
2957
2959
2960
295
5

171
0
2959
2951
2959
1008
0
2448
2957


2954
2954
2585
0
0
2960
2952
2750
0
572

2
957
2956
2955
2953
0
0
2954
2959
2960
0


0
2954
2938
2951
2960
1409
0
1234
2957
2
9
55
1776
0
1439
2960
2961
2955
2932
0
0


2958
2955
2957
0
0
2958
2959
2950
2960
0


0
2819
2951
2957
915
0
2167
2956
2960
2
955
2531
0
0
2962
2960
2607
0
398
2957
29
6
0
2959
2954
0
0
2950
2957
2942
0
0
294
9

2935
2958
2955
1201
0
1066
2957
2953
166
6

0
1322
2956
2960
2960
2907
0
0
2954
2
9
55
2948
0
0
2957
2953
2950
2956
0
0
2704


2959
2960
722
0
1999
2958
2955
2959
295
1

1850
0
1521
2960
2960
2952
2935
0
0
295
8

2955
2954
0
0
2960
2955
2960
2960
80

0

2957
2958
2955
1023
0
2449
2960
2960
295
5

2594
0
0
2951
2960
2707
0
688
2957
29
5
4
2959
2934
0
0
2957
2957
2959
0
0
2955


2956
2960
2959
1504
0
1409
2947
2951
178
9

0
1535
2957
2953
2959
2913
0
0
2953
295
5

2953
0
0
2954
2946
2954
2956
0
0
2949


2955
2961
742
0
2217
2951
2953
2960
2478


0
0
2959
2960
2636
0
494
2959
2955
2958


2960
0
0
2963
2955
2977
0
0
2951
2958


2960
2960
1230
0
1290
2960
2944
1725
0
14
8
8
2957
2956
2959
2918
0
0
2960
2959
2947


0
0
2960
2958
2957
2956
0
0
2950
2960
2956
825
0
2127
2960
2960
2960
2458
0
0
2955
2955
2621
0
403
2953
2953
2953
2960
2960
0
0
2960
2954
2960
2959
688
0
1927

2
960
2960
1535
0
1766
2959
2959
2953
2846

0

0
2958
2954
2911
0
124
2957
2970
2959


2957
0
0
2953
2960
2957
421
0
2928
2954

2
960
2957
2200
0
454
2958
2961
2367
0
10
5
8
2957
2958
2958
2949
0
0
2960
2946
2960


0
0
2953
2957
2960
2960
370
0
2641
2953


2960
1171
0
2059
2960
2954
2958
2677
0


0
2956
2958
2843
0
163
2956
2959
2957
2959


0
0
2953
2945
2955
0
0
2810
2966
2956


2960
1829
0
511
2958
2949
2227
0
864
2949


2958
2960
2951
0
0
2954
2954
2960
0
0


2960
2962
2956
2958
551
0
2064
2960
2954

1
395
0
1648
2959
2961
2954
2767
0
0
2958


2955
2864
0
10
2947
2955
2957
2957
0
0

2
960
2958
2954
2959
2961
1408
0
959
2949


2959
1773
0
1265
2951
2958
2959
2928
0
0


2964
2960
2957
0
0
2957
2953
2957
2944

0

0
2951
2955
2955
817
0
2421
2954
2960
2
9
60
2448
0
0
2949
2960
2631
0
526
2960

2
958
2960
2949
0
0
2954
2954
2960
0
0
29
5
7
2953
2959
2955
1326
0
1645
2958
2959
18
1
8
0
1535
2975
2958
2957
2921
0
0
2949

2
957
2953
0
0
2960
2951
2959
2960
0
0
296
0

2955
2961
803
0
2329
2955
2953
2960
24
5
8
0
0
2959
2958
2559
0
433
2957
2957
295
1

2957
0
0
2959
2957
2931
0
0
2951
2951


2960
2960
1075
0
1456
2930
2951
1676
0
1
5
35
2946
2955
2949
2899
0
0
2960
2955
29
5
0
0
0
2960
2967
2950
2953
0
0
2959
2954


2951
720
0
2302
2957
2954
2954
2326
0
0


2955
2960
2522
0
350
2960
2954
2949
2959


2951
0
0
2959
2960
2951
2960
298
0
2678


2959
2959
1120
0
1907
2965
2957
2954
2640


0
0
2957
2958
2849
0
272
2958
2966
296
0

2954
0
0
2955
2958
2954
10
0
2953
2957


2959
2953
1895
0
833
2960
2957
2120
0
1
4
03
2954
2956
2955
2951
0
0
2957
2954
2957


0
0
2950
2951
2959
2951
112
0
2960
295
5

2959
1023
0
2288
2953
2957
2954
2610
0

0

2953
2954
2709
0
375
2951
2959
2960
29
5
9
0
0
2947
2952
2957
0
0
2957
2958
2958


2960
1534
0
1079
2954
2958
2018
0
1227

2
957
2955
2958
2947
0
0
2954
2959
2953
0

0

2954
2951
2955
2954
0
0
2885
2960
2957


869
0
2157
2954
2955
2961
2515
0
0
2955


2957
2661
0
336
2951
2953
2960
2960
0
0


2973
2960
2957
2960
2959
0
0
2946
2958
2
9
60
624
0
2131
2955
2959
2959
2384
0
0

2
950
2960
2670
0
250
2955
2960
2960
2959


0
0
2950
2959
2958
0
0
2959
2957
2958
29
5
8
1461
0
1087
2957
2957
2019
0
1214
295
0

2958
2960
2945
0
0
2959
2960
2954
0
0

2
961
2957
2958
2960
39
0
2959
2960
2955
1098
0
2431
2955
2960
2960
2608
0
0
2956
2960
2738
0
442
2957
2957
2960
2956
0
0
2950
2960
2958
0
0
2955
2959
2953
2958
1474
0
1136
2960
2959
1790
0
1442
2972
2951


2959
2925
0
0
2959
2961
2951
0
0
2954
2
9
59
2949
2958
0
0
2957
2960
2955
657
0

2
347
2960
2953
2955
2304
0
0
2956
2955
253
0

0
431
2958
2959
2959
2953
0
0
2959
29
5
9
2953
0
0
2959
2949
2954
2955
973
0
155
5

2955
2953
1500
2960
2748
0
0
2958
2959


2944
0
0
2955
2955
2958
2957
0
0
2959
2
9
59
2955
317
0
2373
2958
2960
2950
2110

0

105
2960
2960
2528
0
415
2957
2953
2959


2959
0
0
2956
2959
2951
0
0
2960
2954
2959
2960
1124
0
1715
2957
2957
1770
0
164
8

2957
2955
2960
2906
0
0
2970
2954
2959


0
0
2954
2957
2957
2953
0
0
2954
2955
2
9
57
906
0
2672
2956
2953
2960
2508
0
105


2950
2960
2634
0
557
2957
2955
2958
2951


0
0
2957
2959
2955
0
0
2957
2982
2960
2
957
986
0
1699
2949
2958
1606
0
1520
2951
2960
2961
2870
0
0
2960
2957
2958
0
0
2953
2975
2958
2958
0
0
2955
2960
2959
717
0
2382
2973
2958
2957
2350
0
13
2960
2
9
59
2539
0
485
2960
2959
2959
2951
0
0
2958
2959
2960
0
0
2958
2960
2957
2965
296
5

333
0
2546
2959
2960
2955
2066
0
159

2
953
2958
2475
0
395
2958
2951
2959
2955
0


0
2960
2957
2954
0
0
2959
2959
2955
29
5
5
931
0
1584
2955
2953
1564
0
1453
2951

2
954
2955
2874
0
0
2960
2958
2960
0
0
29
5
8
2986
2950
2954
0
0
2960
2960
2960
813


0
2551
2960
2959
2959
2477
0
75
2953
295
8

2639
0
649
2957
2958
2960
2954
0
0
29
5
5
2957
2958
0
0
2962
2960
2959
2959
1086


0
1777
2955
2957
1772
0
1655
2958
2955

2
959
2910
0
0
2953
2955
2956
0
0
2959
29
5
1
2957
2957
0
0
2953
2955
2957
641
0
23
8
5
2960
2960
2957
2349
0
17
2960
2951
255
9

0
463
2950
2957
2958
2955
0
0
2959
295
5

2960
0
0
2960
2958
2957
2960
968
0
169
1

2943
2959
1611
0
1535
2955
462
2960
2959


2108
0
794
2967
2953
2959
2955
0
0
295
3

2960
2959
0
0
2957
2944
2960
2959
228

0

2219
2960
2955
1195
0
1662
2955
2956
295
6

2735
0
0
2960
2957
2862
0
0
2951
2950


2949
2956
0
0
2958
2951
2960
143
0
2859


2951
2954
2954
1993
0
544
2953
2957
2254


0
950
2948
2959
2949
2947
0
0
2951
2960


2959
0
0
2957
2949
2953
2956
721
0
2559


2958
2955
1535
0
2015
2954
2961
2960
28
4
7
0
0
2960
2951
2969
0
45
2951
2959
2957


2955
0
0
2958
2960
2952
640
0
2845
2960


2954
2955
2323
0
285
2961
2958
2648
0
5
5
7
2957
2959
2954
2950
0
0
2960
2959
2959


0
0
2954
2953
2960
2960
989
0
1634
2957


2959
1615
0
1455
2957
2961
2960
2877
0


0
2939
2957
2954
2951
2951
0
0
2951
2958

2
960
0
0
2955
2945
2955
2960
975
0
1517


2960
2961
1486
0
1391
2959
2959
2954
2848


0
0
2958
2960
2953
0
0
2959
2982
2960

2
958
0
0
2949
2957
2955
460
0
2214
2955
2
9
57
2960
2287
0
0
2958
2955
2559
0
455

2
957
2956
2955
2959
0
0
2959
2957
2954
0

0

2959
2959
2956
2959
1149
0
1766
2958
2
9
55
1712
0
1637
2950
2955
2959
2911
0
0
2
9
52
2960
2957
0
0
2947
2954
2955
2959
0


0
2959
2958
2960
944
0
2704
2961
2949
295
1

2529
0
99
2956
2953
2656
0
647
2960
2
9
60
2956
2955
0
0
2960
2955
2951
0
0
2957


2951
2955
2956
1154
0
1702
2957
2956
17
2
5
0
1573
2958
2956
2957
2896
0
0
2953
29
5
7
2958
0
0
2953
2941
2959
2960
0
0
2959
2954
2956
676
0
2357
2955
2955
2960
2956
1623
0
1395
2960
2957
2960
2885
0
0
29
5
9
2955
2949
0
0
2960
2960
2961
2958
0
0
2959
2954
2959
624
0
2289
2957
2955
2957
2354
0
0
2957
2960
2543
0
403
2960
2954


2954
2959
0
0
2957
2955
2959
0
0
2954
2960
2955
2955
1072
0
1570
2960
2948
1632


0
1485
2960
2955
2958
2895
0
0
2958
2957


2960
0
0
2960
2959
2960
2960
0
0
2955

2
954
2959
832
0
2537
2957
2960
2961
2489
0


77
2949
2957
2672
0
638
2960
2958
2961


2957
0
0
2955
2960
2955
0
0
2959
2950
29
6
0
2960
1248
0
1751
2954
2957
1779
0
169
3

2960
2961
2950
2919
0
0
2955
2956
2957

0

0
2957
2955
2951
2959
0
0
2958
2954
2
9
60
779
0
2421
2955
2955
2955
2448
0
0
29
5
9
2959
2598
0
455
2959
2958
2950
2959
2
9
56
0
0
2957
2957
2960
2954
551
0
2203
29
5
6
2959
1371
0
1739
2961
2960
2960
2807

0

0
2955
2957
2971
0
0
2949
2960
2950
295
9

0
0
2960
2960
2953
368
0
2427
2956
29
5
7
2958
2145
0
107
2957
2951
2495
0
428

2
955
2954
2959
2951
0
0
2960
2951
2960
0


0
2950
2960
2958
2960
1136
0
1511
2961
29
5
1
1697
0
1520
2951
2961
2960
2895
0
0

2
963
2960
2963
0
0
2951
2960
2957
2959
0

0

2956
2957
2955
832
0
2497
2943
2954
29
5
7
2520
0
26
2955
2958
2679
0
611
2955
29
5
9
2955
2958
0
0
2957
2947
2959
0
0
295
1

2955
2960
2960
1303
0
1662
2958
2959
183
8

0
1727
2958
2958
2958
2928
0
0
2957
2
9
51
2955
0
0
2960
2954
2954
2954
0
0
2954


2960
2960
758
0
2325
2957
2960
2959
295
7

1686
0
1318
2949
2949
2955
2917
0
0
295
4

2954
2961
0
0
2965
2951
2956
2943
0

0

2958
2959
2960
688
0
2288
2948
2950
2961


2453
0
0
2951
2955
2593
0
427
2959
2959


2957
2960
0
0
2961
2959
2955
0
0
2950
2991
2951
2960
1099
0
1362
2950
2959
1658
0
1367
2954
2955
2960
2898
0
0
2951
2955


2957
0
0
2955
2947
2960
2951
0
0
2956

2
962
2957
784
0
2349
2960
2955
2949
2473
0


0
2957
2957
2662
0
641
2957
2960
2949

2
961
0
0
2954
2960
2954
0
0
2957
2974
295
4

2954
1451
0
1611
2963
2953
1904
0
1600


2950
2960
2955
2932
0
0
2959
2958
2956
0


0
2961
2959
2959
2957
39
0
2951
2960
2
9
57
960
0
2463
2957
2960
2960
2554
0
0
29
6
0
2960
2656
0
467
2955
2959
2958
2954
2
9
59
0
0
2959
2958
2959
2953
0
0
2943
2959


2955
696
0
2067
2957
2960
2957
2496
0

0

2960
2959
2593
0
423
2951
2959
2954
2955


0
0
2960
2960
2957
0
0
2959
2959
2950


2957
1154
0
1290
2957
2956
1595
0
1328
29
5
7
2957
2958
2895
0
0
2949
2956
2957
0

0

2958
2971
2951
2960
0
0
2937
2954
2954

7
43
0
2256
2958
2960
2956
2497
0
0
2958


2955
2624
0
450
2958
2953
2959
2959
0
0

2
955
2954
2956
0
0
2958
2956
2960
2959
1
3
12
0
1425
2958
2958
1819
0
1629
2944
2955


2957
2934
0
0
2967
2960
2954
0
0
2954

2
967
2958
2960
79
0
2951
2955
2954
987
0


2495
2960
2953
2953
2608
0
0
2959
2951
2
7
04
0
675
2954
2958
2959
2951
0
0
2958

2
949
2958
0
0
2955
2950
2959
2956
1389
0

1
398
2960
2958
2961
2954
2807
0
0
2942
2
9
70
2870
0
176
2957
2954
2951
2951
0
0
29
5
1
2959
2959
80
0
2841
2959
2955
2950
19
3
4
0
424
2960
2959
2247
0
880
2951
2958
2
9
57
2953
0
0
2960
2958
2951
0
0
2956
29
4
6
2954
2957
641
0
1886
2956
2953
1437
0

1
639
2955
2959
2960
2832
0
0
2957
2955
2
9
46
0
0
2960
2961
2960
2957
0
0
2957
2959


2957
511
0
2483
2949
2951
2955
2406
0
9
1

2956
2960
2665
0
543
2957
2955
2957
29
5
6
0
0
2951
2956
2959
0
0
2955
2956
2954


2960
1508
0
1415
2956
2957
1840
0
1613

2
953
2954
2955
2941
0
0
2954
2957
2960
0

1

2959
2954
2958
2954
243
0
2955
2949
29
5
4
1084
0
2640
2962
2956
2945
2644
0
0
29
58
2957
2695
0
693
2955
2955
2954
2960
2
9
51
0
0
2960
2957
2950
2959
69
0
2947
295
5

2956
737
0
2174
2958
2953
2955
2551
0


0
2948
2960
2642
0
527
2958
2954
2958
295
7

0
0
2946
2955
2958
0
0
2956
2941
2959


2953
1296
0
1215
2959
2957
1616
0
1291

2
957
2954
2960
2906
0
0
2959
2957
2955
0

0

2960
2949
2960
2960
0
0
2737
2960
2959


613
0
2070
2958
2960
2959
2482
0
0
2955


2961
2534
0
359
2955
2954
2953
2959
0
0


2957
2959
2953
0
0
2960
2966
2956
2955
1
2
32
0
1225
2954
2949
1744
0
1473
2959
29
5
5
2946
2928
0
0
2957
2957
2955
0
0
2950


2959
2956
2951
116
0
2934
2958
2951
931


0
2471
2954
2960
2959
2628
0
0
2960
2956


2709
0
683
2955
2948
2958
2954
0
0
2958
2953
2958
0
0
2957
2932
2957
2956
1520
1
5
56
0
1585
2955
2955
2955
2890
0
0
2960
2959
2951
0
0
2953
2953
2960
2953
0
0
29
6
0
2959
2960
571
0
2533
2950
2949
2954
2
4
43
0
0
2958
2970
2604
0
363
2959
2958
29
5
7
2950
0
0
2951
2957
2957
0
0
2949
295
7

2959
2960
1280
0
1181
2958
2953
1603
0

1
215
2957
2958
2958
2930
0
0
2960
2950
2
9
57
0
0
2957
2954
2951
2949
0
0
2768
2959


2954
636
0
2125
2960
2954
2957
2559
0

0

2959
2951
2634
0
511
2954
2960
2958
2954


0
0
2959
2960
2959
0
0
2957
2954
2955


2960
1479
0
1411
2953
2949
1823
0
1627
29
5
5
2954
2960
2942
0
0
2971
2960
2957
0

0

2951
2958
2957
2957
213
0
2954
2952
2957


978
0
2480
2960
2953
2957
2709
0
0
295
9

2957
2717
0
668
2947
2955
2949
2956
0
0


2951
2954
2960
2960
2956
1274
0
1535
29
4
2
2949
1635
0
1442
2951
2959
2959
2917
0


0
2957
2953
2950
0
0
2955
2953
2958
295
7

0
0
2855
2954
2956
688
0
2237
2958
296
0

2959
2514
0
0
2955
2958
2602
0
334
2958


2955
2958
2944
0
0
2951
2955
2947
0
0


2949
2960
2960
2953
1283
0
1082
2960
2960


1668
0
1353
2957
2955
2960
2930
0
0
297
9

2955
2956
0
0
2958
2989
2954
2960
0
0

2
743
2956
2959
720
0
2107
2955
2951
2956


2512
0
0
2953
2958
2559
0
394
2961
2961

2
960
2971
0
0
2960
2959
2954
0
0
2954
2
9
60
2955
2957
1428
0
1227
2959
2959
1832
0


1567
2955
2955
2951
2945
0
0
2950
2957


2954
0
0
2955
2955
2958
2955
214
0
2949

2
954
2959
1011
0
2599
2951
2960
2953
2951


2320
0
799
2959
2960
2958
2959
0
0
2956


2958
2959
0
0
2957
2957
2954
2955
918
0


1774
2953
2961
1506
0
1661
2959
2958
2954


2871
0
0
2960
2956
2896
0
125
2958
297
5

2959
2954
0
0
2953
2957
2949
142
0
2507


2957
2958
2950
2208
0
199
2960
2953
231
1

0
841
2955
2957
2955
2947
0
0
2960
2963


2955
0
0
2955
2960
2959
2960
960
0
1787


2961
2951
1456
0
1584
2960
2960
2957
28
7
1
0
0
2954
2959
2907
0
23
2953
2958
2955


2960
0
0
2957
2953
2958
326
0
2594
296
1

2959
2955
2173
0
123
2958
2958
2271
0
7
8
1
2955
2960
2958
2954
0
0
2954
2963
294
8

0
0
2950
2951
2947
2955
982
0
1775
2958


2955
1616
0
1830
2955
2957
2953
2928
0


0
2954
2950
2928
2950
2960
0
0
2960
2946


2959
0
0
2960
2938
2956
2955
1492
0
115
7

2951
2955
1857
0
1451
2947
2951
2955
293
0

0
0
2961
2960
2958
0
0
2957
2959
2958


2951
64
0
2864
2960
2955
885
0
2209
2978


2960
2959
2672
0
0
2954
2955
2669
0
482


2957
2960
2954
2960
0
0
2957
2959
2958


0
0
2960
2942
2949
2958
1396
0
1054
2955


2960
1735
0
1313
2960
2950
2960
2933
0

0

2956
2960
2960
0
0
2956
2957
2955
2955

0

0
2628
2959
2958
786
0
2041
2959
2955


2955
2559
0
0
2958
2957
2595
0
345
2959

2
961
2960
2954
0
0
2959
2951
2957
0
0
2
9
58
2949
2958
2951
1412
0
1050
2953
2957
1
7
31
0
1290
2960
2956
2951
2941
0
0
2958


2951
2954
0
0
2949
2954
2958
2957
165
0


2822
2960
2958
2955
2941
1951
0
827
2960

2
949
2004
0
1343
2955
2957
2947
2952
0
0


2956
2956
2955
0
0
2955
2956
2951
2959

1
44
0
2771
2957
2954
848
0
2103
2949
2960


2949
2586
0
0
2956
2951
2681
0
444
2951


2959
2955
2957
0
0
2959
2958
2950
0
0
2
9
46
2960
2958
2958
1476
0
1023
2960
2951


1862
0
1309
2954
2958
2960
2937
0
0
2959


2960
2951
0
0
2957
2957
2959
2955
66
0


2683
2960
2957
830
0
2063
2953
2947
2954

2
608
0
0
2953
2960
2640
0
367
2954
2951


2960
2950
0
0
2960
2958
2949
0
0
2941
29
5
9
2958
2951
1397
0
909
2951
2954
1762
0


1195
2957
2954
2959
2942
0
0
2953
2955
2
9
49
0
0
2956
2938
2957
2957
193
0
2751

2
962
2960
1008
0
2231
2955
2960
2959
2955

2
321
0
1345
2953
2955
2953
2949
0
0
2957


2955
2960
0
0
2959
2973
2953
2954
622
0


2499
2947
2949
1335
0
2290
2945
2951
2962


2817
0
0
2957
2957
2823
0
346
2953
295
3

2954
2959
0
0
2951
2964
2949
54
0
2912


2982
2955
2958
1930
0
577
2957
2956
2192


0
1073
2960
2954
2958
2947
0
0
2960
2953


2954
0
0
2959
2960
2954
2955
393
0
232
7

2955
2960
1107
0
1883
2955
2957
2954
275
4

0
0
2951
2955
2752
0
272
2955
2959
29
5
3
2957
0
0
2960
2955
2959
0
0
2725
2957


2954
2954
1829
0
511
2958
2956
1899
0
1
1
26
2953
2961
2959
2947
0
0
2957
2957
2957


0
0
2955
2960
2959
2960
6
0
2455
2961


2960
853
0
1888
2959
2953
2960
2637
0
0

2
955
2955
2700
0
377
2960
2960
2959
2958


2955
0
0
2957
2962
2956
2960
746
0
2453

2
951
2948
1392
0
2111
2950
2955
2957
2827


0
0
2971
2951
2815
0
485
2955
2956
2960


2959
0
0
2945
2960
2960
0
0
2958
2957

2
959
2957
1595
0
992
2956
2954
1916
0
1342
2960
2955
2959
2960
0
0
2953
2959
2950


0
0
2957
2938
2956
2959
194
0
2559
2951

2
959
1072
0
2128
2955
2957
2957
2690
0
0


2951
2960
2690
0
384
2939
2959
2955
2949


0
0
2934
2953
2960
0
0
2939
2951
2960
2
9
54
1589
0
885
2950
2949
1956
0
1243
295
5

2950
2953
2951
0
0
2956
2959
2957
0
0

2
957
2957
2955
2948
128
0
2529
2957
2954


1004
0
2006
2951
2960
2954
2646
0
0
2960


2958
2679
0
296
2947
2959
2957
2959
0
0


2958
2960
2960
2961
2958
431
0
2459
2954


2957
1196
0
2099
2950
2959
2955
2800
0

0

2956
2955
2857
0
448
2954
2951
2955
2955


0
0
2947
2957
2954
297
0
2951
2958
295
5

2953
2093
0
691
2954
2960
2141
0
1327
2
9
46
2955
2957
2951
0
0
2949
2957
2951
0


0
2954
2962
2955
2955
311
0
2603
2959
29
4
9
1091
0
1985
2959
2959
2957
2726
0
0
2
9
59
2955
2751
0
481
2957
2960
2960
2959
0


0
2944
2959
2955
0
0
2949
2943
2962
296
0

1600
0
919
2960
2955
1875
0
1293
2957
2951
2955
2941
0
0
2961
2943
2949
0
0
29
5
6
2955
2953
2955
173
0
2449
2955
2960
976


0
1869
2959
2955
2959
2636
0
0
2951
2957
2677
0
279
2947
2959
2948
2957
0
0
2933
2959
2960
0
0
2863
2959
2955
2944
2960
1283
0
1668
2958
2960
2957
2787
0
0
2951
2960
2896
0
174
2956
2957
2953
2959
0

0

2948
2950
2953
547
0
2774
2950
2954
2951


2325
0
335
2959
2959
2375
0
1168
2955
2
9
60
2955
2976
0
0
2950
2951
2951
0
0
296
3

2953
2958
2944
508
0
2383
2954
2957
13
3
1
0
2111
2960
2960
2948
2815
0
0
2959
29
5
8
2839
0
240
2960
2958
2960
2957
0
0
2
9
47
2948
2954
131
0
2675
2957
2955
2955
19
3
4
0
467
2956
2957
2255
0
947
2955
2960


2958
2957
0
0
2957
2954
2953
0
0
2960
29
5
1
2959
2958
628
0
2242
2983
2943
1301
0


1823
2958
2958
2955
2783
0
0
2957
2954
2
8
15
0
272
2955
2976
2960
2958
0
0
2953

2
957
2960
40
0
2675
2947
2960
2955
1949
0


484
2956
2955
2960
2960
2954
0
0
2960
2
9
55
2959
0
0
2953
2953
2952
2959
224
0
24
7
5
2959
2953
1136
0
2013
2959
2951
2958

2
746
0
0
2954
2959
2810
0
547
2959
2953
2
9
51
2949
0
0
2957
2955
2951
111
0
2956

2
961
2954
2954
1744
0
1071
2956
2950
2134

0

1390
2960
2959
2959
2953
0
0
2957
2952


2959
0
0
2959
2953
2953
2956
425
0
2623


2956
2960
1274
0
2118
2960
2953
2954
274
9

0
0
2953
2957
2754
0
423
2951
2954
2959


2954
0
0
2957
2958
2954
0
0
2935
2959


2960
2959
1639
0
914
2960
2957
1949
0
117
4

2954
2960
2949
2944
0
0
2955
2959
2954


0
0
2953
2959
2955
2957
228
0
2437
2955


2957
1042
0
1744
2949
2950
2960
2672
0
0


2955
2958
2720
0
335
2950
0
2955
2957

2
955
0
0
2953
2954
2955
2950
16
0
2594
29
5
4
2960
966
0
1902
2953
2953
2955
2606
0


0
2960
2959
2742
0
319
2951
2958
2959
29
6
2
0
0
2943
2953
2957
0
0
2891
2948
294
7

2958
1713
0
939
2960
2960
2092
0
1415
2
9
55
2956
2956
2957
0
0
2955
2959
2960
0


0
2960
2960
2957
2947
526
0
2800
2958
295
6

1302
0
2323
2954
2960
2953
2749
0
0
2
9
60
2957
2790
0
401
2954
2959
2960
2954
0


0
2958
2960
2953
0
0
2944
2959
2957
295
1

1617
0
855
2955
2960
1956
0
1242
2959
2
9
55
2960
2947
0
0
2953
2960
2954
0
0
295
1

2954
2957
2960
305
0
2485
2959
2960
11
1
4
0
1887
2960
2953
2951
2727
0
0
2958
29
5
4
2768
0
377
2960
2959
2954
2953
0
0
2
9
57
2949
2956
0
0
2865
2959
2951
2957
2951


1457
0
1471
2957
2959
2954
2849
0
0
29
5
6
2951
2892
0
25
2951
2955
2958
2960
0
0


2960
2958
2955
358
0
2515
2937
2951
295
4

2243
0
200
2948
2960
2471
0
700
2955
29
5
7
2955
2953
0
0
2950
2958
2953
0
0
295
8

2971
2952
2951
904
0
2042
2959
2957
1643


0
1811
2951
2953
2955
2875
0
0
2955
29
5
5
2928
0
253
2949
2957
2957
2960
0
0
29
5
9
2955
2951
640
0
2721
2955
2960
2960
226
9

0
285
2955
2955
2541
0
947
2951
2958

2
957
2955
0
0
2958
2956
2956
0
0
2960
295
0

2953
2958
873
0
1920
2951
2956
1535
0


1693
2957
2949
2956
2864
0
0
2960
2955
29
0
6
0
165
2958
2948
2957
2960
0
0
2955
2960
2955
304
0
2431
2963
2959
2955
2147
0


208
2958
2960
2950
2957
2954
0
0
2945
2
9
51
2960
0
0
2960
2955
2954
2951
116
0
24
1
6
2958
2959
874
0
1744
2960
2953
2955
2
5
59
0
0
2958
2957
2655
0
243
2954
2950
29
5
9
2960
0
0
2958
2950
2954
0
0
2794
295
8

2957
2957
1514
0
858
2961
2961
1951
0
1
2
41
2952
2957
2960
2958
0
0
2960
2951
29
5
9
0
0
2951
2958
2955
2953
403
0
2667
296
0

2963
1264
0
2222
2960
2954
2960
2766
0


0
2960
2960
2821
0
622
2959
2955
2951
29
5
7
0
0
2949
2957
2951
29
0
2959
2961
29
6
1
2957
1700
0
1067
2951
2949
2114
0
1299


2957
2954
2960
2959
0
0
2959
2948
2955

0

0
2954
2957
2960
2955
272
0
2477
2960
2
9
60
1100
0
1869
2954
2959
2954
2715
0
0


2960
2954
2743
0
443
2958
2955
2955
2960

2
943
0
0
2960
2956
2959
2956
481
0
2087


2956
2959
1231
0
1679
2959
2954
2958
2757


0
0
2958
2950
2818
0
161
2960
2955
2953


2960
0
0
2954
2960
2953
64
0
2630
2961

2
959
2957
1885
0
468
2956
2957
2219
0
90
7

2949
2957
2957
2946
0
0
2955
2957
2957

0

0
2955
2949
2959
2955
509
0
2413
2959

2
958
1368
0
2035
2960
2954
2962
2805
0
0


2949
2959
2865
0
306
2960
2959
2957
2956


0
0
2953
2960
2959
438
0
2944
2959
2957


2958
2166
0
656
2958
2960
2426
0
1173
29
5
5
2957
2955
2960
0
0
2957
2959
2950
0

0

2955
2954
2953
2959
638
0
2416
2960
2960


1341
0
1958
2954
2957
2956
2769
0
0
29
7
3
2957
2856
0
326
2960
2957
2957
2950
295
7

0
0
2955
2948
2953
2955
18
0
2439
295
7

2960
960
0
1857
2960
2958
2954
2644
0
0


2951
2960
2702
0
237
2960
2957
2954
295
1

0
0
2954
2931
2960
0
0
2823
2954
2949

2
956
1456
0
783
2959
2951
1801
0
1040
29
5
8
2959
2951
2918
0
0
2959
2958
2959
0
0


2960
2961
2954
2939
152
0
2514
2961
2957


976
0
1831
2961
2960
2958
2626
0
0
2958


2955
2725
0
403
2960
2955
2951
2959
0
0


2960
2955
2951
0
0
2928
2957
2960
2951
1
6
37
0
1009
2961
2962
2016
0
1392
2953
29
5
3
2960
2950
0
0
2955
2959
2954
0
0
2956


2949
2960
2954
470
0
2866
2960
2960
1357


0
2275
2958
2953
2959
2797
0
0
2959
295
0

2803
0
506
2955
2957
2954
2955
0
0
2961


2960
2957
0
0
2947
2950
2960
2955
1613


1787
0
1461
2954
2953
2960
2928
0
0
2955


2955
2951
0
0
2957
2955
2951
2958
0
0

2
799
2958
2953
910
0
2071
2951
2957
2957
2
5
94
0
0
2960
2960
2740
0
315
2958
2951

2
945
2949
0
0
2949
2954
2951
0
0
2928
295
9

2953
2952
1578
0
899
2959
2958
1837
0


1087
2949
2957
2958
2906
0
0
2956
2948
29
5
9
0
0
2950
2960
2960
2957
117
0
2499
2
9
57
2953
1013
0
1927
2954
2960
2957
2650
0


0
2960
2955
2742
0
400
2955
2957
2957
2
9
60
0
0
2959
2955
2951
0
0
2957
2957
29
5
5
2948
1744
0
1137
2954
2960
2118
0
1460


2957
2959
2960
2957
0
0
2951
2960
2954

0

0
2951
2954
2958
2960
439
0
2874
2960
2
9
59
1194
0
2261
2960
2958
2958
2720
0
0

2
955
2955
2801
0
397
2955
2955
2957
2960

2
954
0
0
2954
2975
2954
2954
432
0
2223

2
953
2958
1281
0
1787
2959
2947
2960
2766


0
0
2959
2960
2785
0
129
2955
2955
2957


2957
0
0
2954
2956
2956
0
0
2655
2955

2
949
2954
1859
0
511
2955
2959
2180
0
886


2961
2958
2960
2960
0
0
2955
2960
2955

0

0
2955
2957
2953
2960
320
0
2323
2958

2
960
1135
0
1732
2938
2955
2955
2703
0
0

2
964
2943
2780
0
177
2959
2953
2955
2957


0
0
2955
2954
2953
0
0
2893
2955
2955
29
5
5
1535
0
927
2954
2955
1903
0
1290
2954


2955
2958
2954
0
0
2958
2961
2954
0
0
2
9
55
2957
2956
2955
268
0
2841
2958
2958
1
2
20
0
2185
2954
2958
2960
2747
0
0
2955

2
960
2806
0
691
2951
2959
2954
2954
0
0

2
956
2959
2960
0
0
2958
2959
1648
2960
2
9
55
1677
0
1600
2960
2957
2957
2876
0
0
2
9
58
2960
2912
0
0
2958
2954
2954
2957
0


0
2957
2960
2951
496
0
2391
2975
2957
295
6

2307
0
145
2953
2958
2437
0
743
2952

2
956
2960
2955
0
0
2960
2960
2956
0
0
296
3

2960
2957
2960
1010
0
1579
2957
2958
1
6
22
0
1459
2957
2957
2956
2902
0
0
2959
2
9
59
2896
0
0
2960
2955
2955
2955
0
0
29
6
3
2955
2960
337
0
2258
2956
2956
2958
225
6

0
65
2951
2959
2384
0
688
2955
2959
2
9
60
2958
0
0
2960
2958
2960
0
0
2955
2964


2955
2961
636
0
2111
2958
2959
1423
0

1
791
2955
2951
2955
2869
0
0
2958
2960
291
7

0
293
2959
2951
2960
2959
0
0
2955
29
5
1
2960
498
0
2881
2971
2955
2955
2260
0

5
35
2955
2958
2957
2957
2778
0
0
2953
29
5
5
2886
0
46
2955
2947
2956
2955
0
0
2960


2960
2957
240
0
2501
2954
2954
2951
207
8

0
246
2960
2959
2384
0
621
2960
2958
29
5
6
2950
0
0
2960
2959
2949
0
0
2945
2959


2954
2956
973
0
1611
2955
2954
1648
0
1
5
35
2955
2959
2951
2901
0
0
2957
2960
292
8

0
0
2955
2966
2957
2958
0
0
2960
2958


2950
334
0
2367
2957
2959
2955
2178
0
74


2941
2957
2319
0
577
2959
2960
2951
295
6

0
0
2954
2955
2954
0
0
2953
2947
2951

2
957
927
0
1535
2957
2965
1631
0
1402
29
5
8
2959
2951
2907
0
0
2951
2958
2928
0
71


2957
2955
2958
2959
0
0
2955
2960
2950


582
0
2545
2942
2955
2950
2348
0
223
2960


2960
2448
0
835
2955
2959
2958
2955
0
0


2959
2960
2957
2960
2951
555
0
2397
2960


2957
1326
0
1897
2955
2957
2957
2777
0

0

2959
2960
2824
0
271
2951
2951
2958
29
6
0
0
0
2958
2958
2959
55
0
2849
2961
2959


2955
1750
0
634
2959
2955
1951
0
1085

2
950
2953
2960
2950
0
0
2951
2955
2951
0

0

2948
2956
2955
2951
23
0
2671
2957
295
5

865
0
1913
2954
2956
2951
2559
0
0
2957


2955
2703
0
314
2957
2960
2949
2954
0

0

2963
2978
2957
0
0
2930
2957
2960
2959

1
346
0
945
2957
2957
1789
0
1071
2959
295
7

2960
2931
0
0
2957
2956
2958
0
0
2943


2956
2951
2960
50
0
2747
2958
2957
1005

0

2021
2960
2955
2955
2640
0
0
2954
2951


2718
0
464
2950
2957
2957
2954
0
0
2959


2960
2955
0
0
2951
2946
2953
2954
1586

1
753
0
1559
2955
2957
2951
2925
0
0
2958

2
959
2953
0
0
2953
2958
2960
2956
0
0
2
9
44
2958
2955
698
0
2189
2957
2950
2955
24
7
7
0
0
2959
2958
2714
0
322
2956
2955
2
9
61
2955
0
0
2973
2957
2959
0
0
2945
2952


2951
2957
1504
0
1086
2955
2960
1856
0


1235
2953
2958
2957
2925
0
0
2954
2953
29
4
7
0
0
2960
2957
2954
2955
14
0
2731
29
6
0
2959
922
0
2011
2954
2951
2960
2638
0

0

2958
2960
2697
0
321
2960
2958
2957
29
5
7
0
0
2957
2960
2959
0
0
2933
2950
2955


2960
1340
0
1083
2960
2957
1795
0
1206

2
959
2960
2951
2914
0
0
2951
2958
2951
0

0

2959
2967
2960
2957
43
0
2783
2960
296
3

976
0
2033
2955
2947
2957
2633
0
0
2958


2958
2749
0
474
2951
2944
2960
2952
0

0

2952
2960
2947
2957
2955
1302
0
1499
295
4

2960
1892
0
1568
2960
2958
2960
2933
0


0
2958
2947
2955
0
0
2951
2958
2958
2958


0
0
2896
2955
2954
865
0
2125
2958
295
9

2951
2559
0
0
2954
2960
2712
0
309
2960


2953
2957
2955
0
0
2955
2960
2955
0
0


2955
2955
2958
2954
1351
0
1047
2955
2953


1821
0
1233
2955
2951
2951
2932
0
0
295
5

2955
2957
0
0
2950
2944
2960
2960
0
0

2
787
2957
2937
880
0
2014
2959
2960
2960

2
539
0
0
2957
2953
2640
0
288
2954
2955

2
960
2953
0
0
2956
2949
2960
0
0
2902
29
6
0
2963
2960
1232
0
1102
2954
2953
1779
0


1189
2958
2958
2960
2923
0
0
2955
2960

2
957
0
0
2957
2982
2955
2959
22
0
2918

2
960
2963
1023
0
2256
2957
2955
2955
2960

2
338
0
1205
2949
2957
2960
2960
0
0
2951


2958
2960
0
0
2959
2951
2954
2954
400
0


2694
2960
2959
1312
0
2067
2960
2953
295
7

2738
0
0
2960
2959
2801
0
364
2948
2951


2954
2955
0
0
2955
2955
2957
112
0
281
1

2957
2955
2955
1827
0
769
2956
2960
2259


0
995
2953
2956
2950
2950
0
0
2959
296
0

2960
0
0
2954
2938
2960
2950
218
0
2474


2959
2955
1038
0
1795
2955
2957
2953
26
7
2
0
0
2958
2954
2746
0
165
2958
2960
295
9

2958
0
0
2958
2959
2958
0
0
2817
2960


2954
2953
1635
0
576
2957
2957
2086
0
84
8

2964
2959
2954
2956
0
0
2953
2957
2957


0
0
2953
2955
2952
2960
59
0
2559
2961


2955
993
0
1829
2959
2959
2955
2629
0
0

2
953
2960
2775
0
247
2956
2960
2958
2951
2950
0
0
2949
2960
2952
2958
547
0
2806

2
953
2954
1426
0
2203
2958
2949
2958
2798


0
0
2951
2959
2826
0
368
2957
2954
2949


2958
0
0
2958
2955
2958
0
0
2903
2959

2
959
2960
1777
0
746
2960
2947
2187
0
991


2958
2955
2955
2951
0
0
2954
2958
2951

0

0
2958
2955
2955
2951
318
0
2677
2949
2
9
59
1109
0
1879
2957
2960
2949
2672
0
0


2958
2960
2787
0
251
2959
2958
2960
2960

0

0
2960
2955
2959
0
0
2757
2960
2955
2
9
55
1739
0
733
2956
2953
2215
0
978
2946


2957
2960
2954
0
0
2950
2957
2956
0
0
29
5
7
2958
2958
2955
72
0
2647
2960
2954
79
3

0
1733
2957
2957
2957
2451
0
0
2950
295
5

2735
0
91
2958
2951
2951
2961
0
0
2953


2960
2947
0
0
2777
2956
2959
2956
1809

1
989
0
1602
2955
2958
2958
2945
0
0
2960


2955
2953
0
0
2950
2959
2959
2951
41
0

2
929
2955
2957
961
0
2183
2951
2959
2960

2
599
0
0
2963
2960
2725
0
482
2961
2955
2
9
55
2960
0
0
2957
2941
2958
0
0
2957
29
6
0
2949
2959
1465
0
1283
2957
2959
1875

0

1367
2951
2959
2951
2931
0
0
2959
2951

2
949
0
0
2954
2949
2958
2949
0
0
2869
29
5
9
2955
864
0
1990
2970
2958
2948
2559
0


0
2954
2953
2672
0
315
2955
2957
2957
29
5
4
0
0
2951
2950
2961
0
0
2953
2955
2959


2960
1324
0
1239
2954
2959
1784
0
1249

2
955
2960
2960
2917
0
0
2954
2951
2948
0


0
2957
2945
2955
2959
0
0
2767
2959
2959
703
0
1952
2959
2953
2958
2464
0
0
2956
2961
2625
0
255
2953
2960
2955
2958
0
0
2957
2960
2960
2956
2951
1331
0
1696
295
9

2953
1936
0
1534
2957
2959
2949
2937
0


0
2951
2959
2960
0
0
2949
2954
2955
2971


128
0
2950
2957
2958
990
0
2426
2951
2
9
51
2953
2558
0
16
2956
2951
2761
0
530
2
9
59
2954
2951
2951
0
0
2955
2958
2960
0


0
2959
2950
2954
2970
1374
0
1241
2956
2951
1814
0
1311
2955
2953
2958
2918
0
0
2958
2957
2955
0
0
2958
2956
2954
2954
0

0

2864
2951
2960
826
0
2087
2939
2956
2955
2559
0
0
2955
2958
2697
0
432
2955
295
7

2949
2939
0
0
2955
2959
2955
0
0
2950


2955
2953
2973
1296
0
1249
2955
2964
1760


0
1286
2959
2954
2949
2897
0
0
2953
29
5
8
2958
0
0
2954
2952
2957
2954
0
0
2823


2951
2935
688
0
1966
2953
2955
2953
2951


2396
0
763
2956
2950
2953
2953
0
0
2957


2959
2928
0
0
2955
2957
2960
2960
1002

0

2127
2946
2963
1698
0
1898
2959
2958
296
0

2911
0
0
2958
2957
2929
0
175
2959
29
7
5
2950
2953
0
0
2953
2980
2958
451
0
278
7

2960
2960
2951
2287
0
375
2953
2949
238
4

0
817
2958
2959
2956
2954
0
0
2951
296
0

2951
0
0
2954
2955
2953
2955
850
0
190
3

2958
2954
1583
0
1535
2955
2953
2955
28
5
0
0
0
2955
2960
2950
0
0
2960
2954
2951


2957
0
0
2960
2955
2947
511
0
2214
2955


2957
2960
2305
0
0
2956
2960
2640
0
343


2960
2959
2949
2951
0
0
2951
2958
2956


0
0
2956
2947
2960
2957
1264
0
1130
2960


2949
1744
0
1233
2955
2958
2960
2915
0

0

2960
2951
2951
2956
2957
0
0
2961
2947

2
949
0
0
2960
2954
2957
2951
1370
0
1339


2955
2957
1799
0
1520
2960
2960
2960
2935


0
0
2956
2954
2961
0
0
2947
2959
2955


2958
69
0
2955
2964
2971
1104
0
2433
2951


2958
2960
2648
0
0
2960
2957
2741
0
585


2959
2987
2957
2957
0
0
2952
2955
2951

0

0
2954
2955
2954
2942
1404
0
1339
2959


2959
1786
0
1424
2959
2951
2957
2917
0
0


2958
2955
2951
0
0
2953
2959
2957
2957

0

0
2942
2944
2962
875
0
2148
2960
2960
2
9
63
2544
0
0
2935
2954
2675
0
425
2960


2959
2960
2955
0
0
2957
2955
2960
0
0
29
5
9
2962
2957
2958
1274
0
1235
2958
2961

1
756
0
1303
2958
2951
2955
2924
0
0
2961

2
958
2955
0
0
2955
2958
2961
2959
0
0
2
9
03
2950
2958
810
0
2032
2957
97
2960
2959


2559
0
417
2960
2960
2958
2949
0
0
295
0

2983
2959
0
0
2959
2954
2960
2932
1449

0

1405
2959
2948
1912
0
1533
2958
2958
2
9
57
2945
0
0
2961
2960
2961
0
0
2958
2960


2955
2953
201
0
2956
2956
2958
1153
0

2
485
2953
2951
2959
2672
0
0
2956
2959
271
7

0
485
2957
2958
2951
2955
0
0
2955
29
6
0
2951
0
0
2954
2968
2959
2955
1362
0
13
5
4
2961
2960
1793
0
1423
2955
2956
2955

2
927
0
0
2960
2960
2951
0
0
2957
2953
295
9

2948
0
0
2929
2943
2951
806
0
2125
29
5
8
2955
2960
2526
0
0
2958
2959
2662
0
43
0

2959
2960
2957
2959
0
0
2955
2950
2959


0
0
2960
2947
2957
2955
1284
0
1287
2958


2959
1766
0
1282
2948
2947
2953
2927
0


0
2960
2953
2957
2954
2958
0
0
2949
2957


2950
246
0
2266
2960
2955
2954
2166
0
1
1
2
2959
2953
2545
0
505
2957
2951
2957
295
3

0
0
2955
2944
2960
0
0
2951
2962
2950


2957
1409
0
1467
2959
2957
1899
0
1522
2
9
59
2947
2958
2941
0
0
2959
2958
2951
0


0
2960
2949
2957
2960
122
0
2954
2961
295
6

1077
0
2510
2957
2960
2957
2636
0
0
2
9
57
2955
2704
0
509
2951
2954
2955
2960
0


0
2958
2954
2958
0
0
2953
2961
2951
295
3

1305
0
1331
2957
2959
1810
0
1392
2958

2
960
2955
2918
0
0
2954
2955
2948
0
0
2
9
67
2958
2951
2957
0
0
2946
2960
2960
852


0
2197
2955
2951
2960
2550
0
0
2960
295
4

2657
0
375
2953
2962
2956
2956
0
0
2948


2959
2954
0
0
2961
2957
2954
2957
1254


1470
0
1423
2951
2960
2960
2802
0
0
2951


2957
2949
0
0
2959
2960
2954
2959
0
0

2
957
2955
2957
612
0
2401
2956
2960
2958
2
3
67
0
16
2955
2960
2669
0
454
2958
2951

2
950
2951
0
0
2951
2950
2958
0
0
2957
2
9
52
2960
2958
1449
0
1427
2957
2953
1922
0


1562
2958
2957
2957
2944
0
0
2957
2954


2947
0
0
2958
2947
2955
2958
238
0
2955

2
962
2955
1019
0
2501
2947
2956
2937
2630


0
0
2957
2957
2701
0
541
2951
2957
2947


2956
0
0
2957
2955
2956
0
0
2951
2960

2
958
2958
1405
0
1437
2955
2957
1777
0
137
9

2958
2951
2959
2933
0
0
2955
2959
2953


0
0
2953
2960
2957
2954
0
0
2948
2953
2
9
53
765
0
2102
2958
2951
2955
2529
0
0

2
961
2955
2614
0
342
2950
2950
2954
2960

2
943
0
0
2950
2959
2957
2954
640
0
1799
2
9
46
2956
1225
0
1335
2955
2953
2946
2799


0
0
2944
2957
2891
0
0
2957
2957
2959
29
6
0
0
0
2958
2945
2956
188
0
2544
2959
2
9
59
2950
2148
0
374
2950
2939
2331
0
822

2
957
2959
2961
2960
0
0
2954
2956
2985
0


0
2953
2960
2960
2960
939
0
2105
2955
29
5
7
1601
0
1690
2957
2951
2955
2918
0
0

2
958
2953
2957
0
27
2959
2937
2954
2959
0


0
2955
2959
2951
803
0
2597
2941
2953
2
9
60
2458
0
223
2957
2957
2715
0
510
2960

2
960
2958
2958
0
0
2956
2947
2957
0
0
29
6
0
2947
2957
2954
1278
0
1339
2955
2957

1
744
0
1263
2953
2958
2953
2907
0
0
2958

2
960
2951
0
0
2956
2949
2957
2964
0
0
2
9
45
2954
2961
896
0
2257
2951
240
2953
294
5

2270
0
711
2959
2954
2946
2954
0
0
29
5
1
2958
2949
0
0
2953
2957
2951
2956
507

0

1710
2961
2955
1298
0
1421
2958
2955
2
9
55
2816
0
0
2954
2956
2950
0
0
2960
2955


2953
2955
0
0
2950
2950
2957
583
0
240
2

2953
2951
2957
2444
0
71
2958
2957
2676


0
501
2957
2959
2953
2959
0
0
2955
2958


2951
0
0
2960
2951
2960
2956
1489
0
1535


2958
2953
1945
0
1631
2953
2953
2951
29
4
3
0
0
2956
2953
2965
0
0
2947
2953
2960


2971
84
0
2951
2959
2956
887
0
2274
296
0

2960
2957
2659
0
0
2947
2960
2669
0
405


2955
2953
2959
2957
0
0
2958
2954
2960


0
0
2958
2944
2958
2958
1310
0
1433
2955


2951
1773
0
1402
2954
2960
2971
2914
0

0

2958
2958
2958
2957
2951
0
0
2955
2957

2
958
0
0
2960
2938
2960
2951
1264
0
1347


2959
2957
1707
0
1205
2960
2955
2958
2918


0
0
2955
2957
2947
0
0
2953
2949
2953


2956
0
0
2922
2953
2961
609
0
1978
2955

2
957
2959
2509
0
0
2949
2953
2618
0
401


2954
2960
2948
2955
0
0
2960
2959
2951
0


0
2953
2951
2951
2959
1335
0
1392
2956
2
9
59
1812
0
1405
2953
2960
2959
2929
0
0
2
9
53
2959
2954
0
0
2958
2945
2953
2959
93


0
2975
2945
2959
1023
0
2478
2953
2956
2
9
55
2629
0
16
2958
2954
2727
0
599
2960


2955
2959
2954
0
0
2957
2954
2959
0
0

2
948
2955
2955
2950
1352
0
1391
2956
2950

1
776
0
1395
2955
2951
2958
2922
0
0
2955


2951
2957
0
0
2953
2956
2954
2957
0
0
2
9
42
2946
2957
870
2951
2015
0
283
2950
2
9
49
2290
0
737
2957
2958
2949
2955
0
0
29
5
7
2949
2960
0
0
2953
2960
2954
2951
702


0
1845
2951
2959
1402
0
1506
2957
2958
2
9
60
2868
0
0
2951
2960
2949
0
0
2953
29
5
6
2955
2976
0
0
2954
2960
2951
529
0
233
5

2956
2951
2951
2325
0
9
2955
2953
2637


0
431
2951
2959
2954
2957
0
0
2951
2960


2960
0
0
2953
2954
2959
2947
1392
0
146
7

2958
2959
1870
0
1567
2955
2955
2955
293
9

0
0
2953
2958
2957
0
0
2958
2955
2951


2951
144
0
2956
2946
2947
963
0
2512
296
3

2956
2959
2638
0
3
2950
2954
2704
0
5
7
2
2957
2951
2951
2951
0
0
2959
2958
2955


0
0
2950
2967
2951
2960
1383
0
1450
295
3

2960
1791
0
1497
2956
2955
2948
2926
0


0
2954
2953
2955
2957
2951
0
0
2957
2956


2959
366
0
2453
2951
2957
2950
2214
0
1
2
7
2957
2959
2505
0
567
2954
2950
2959
295
2

0
0
2975
2959
2951
0
0
2950
2953
2961


2950
1104
0
1303
2960
2951
1606
0
1274
2
9
55
2959
2951
2869
0
0
2953
2951
2953
0


0
2961
2957
2955
2957
0
0
2928
2955
2954


591
0
2161
2957
2954
2960
2474
0
0
2960


2950
2633
0
395
2958
2957
2959
2960
0
0


2959
2960
2959
0
0
2954
2947
2955
2970

1
411
0
1342
2955
2958
1858
0
1584
2954
295
4

2959
2939
0
0
2957
2963
2959
0
0
2954


2950
2955
2955
267
0
2954
2955
2957
1061


0
2559
2949
2959
2958
2633
0
0
2960
2951


2705
0
527
2955
2955
2960
2960
0
0
2958


2955
2957
0
0
2951
2939
2951
2945
1330
1
5
62
0
1658
2949
2960
2954
2900
0
0
2946


2953
2955
0
0
2959
2959
2953
2962
0
0

2
971
2957
2949
589
0
2400
2956
2957
2958
2
3
43
0
0
2949
2956
2624
0
383
2951
2958

2
955
2957
0
0
2949
2957
2951
0
0
2962
296
1

2951
2947
1318
0
1296
2949
2957
1662
0


1278
2959
2960
2960
2917
0
0
2948
2951
2
9
53
0
0
2954
2955
2955
2957
0
0
2843
29
5
7
2959
777
0
2166
2959
2953
2953
2526
0

0

2957
2967
2624
0
451
2960
2957
2959
295
7

0
0
2954
2958
2956
0
0
2971
2957
2956


2956
1421
0
1341
2954
2953
1824
0
1579
29
5
9
2958
2951
2935
0
0
2951
2954
2957
0

0

2951
2970
2954
2957
158
0
2949
2960
29
5
6
947
0
2451
2953
2956
2950
2639
0
0
295
9

2955
2713
0
654
2954
2949
2949
2955
29
4
4
0
0
2956
2954
2956
2958
0
0
2944
2959


2956
704
0
2147
2956
2955
2959
2487
0
0


2950
2982
2603
0
411
2955
2950
2951
2958


0
0
2958
2955
2955
0
0
2954
2949
2949

2
958
1248
0
1225
2955
2951
1658
0
1301
295
9

2959
2956
2910
0
0
2960
2957
2947
0
0


2952
2951
2955
2954
0
0
2889
2957
2955
5
3
4
0
2097
2955
2959
2961
2406
0
0
2955

2
954
2518
0
293
2960
2959
2960
2956
0
0
2
9
57
2953
2956
0
0
2982
2950
2955
2949
13
2
8
0
1373
2954
2951
1744
0
1578
2953
2958


2953
2928
0
0
2956
2956
2951
0
0
2954

2
953
2954
2959
99
0
2951
2954
2955
882
0

2
474
2949
2961
2957
2638
0
0
2959
2950
2
7
03
0
631
2958
2960
2953
2957
0
0
2954
29
5
8
2957
0
0
2955
2955
2951
2958
1425
0

1
535
2951
2960
2960
2957
2656
0
0
2951
295
3

2827
0
144
2957
2960
2955
2960
0
0
29
5
7
2959
2950
0
0
2847
2954
2957
2955
1882


0
494
2957
2958
2195
0
734
2959
2957
295
6

2959
0
0
2957
2958
2958
0
0
2954
2957

2
959
2951
624
0
2017
2960
2958
1343
0
16
8
5
2961
2951
2957
2853
0
0
2960
2948
2947


0
0
2960
2951
2957
2951
0
0
2954
2957

2
954
276
0
2287
2960
2955
2955
2218
0
64


2961
2960
2517
0
432
2951
2958
2960
2955


0
0
2957
2957
2958
0
0
2946
2954
2954

2
957
1237
0
1414
2959
2954
1724
0
1581
296
0

2951
2954
2923
0
0
2960
2954
2937
0
0


2957
2953
2960
2956
0
0
2954
2955
2950
9
5
7
0
2559
2957
2955
2955
2608
0
11
2956


2957
2688
0
608
2957
2953
2957
2959
0
0

2
958
2958
2954
0
0
2946
2948
2199
2944
29
4
9
1355
0
1731
2949
2960
2953
2791
0
0
2
9
55
2954
2879
0
63
2953
2957
2957
2947
0


0
2954
2954
2957
23
0
2668
2955
2960
2955


1956
0
374
2960
2951
2206
0
809
2955
2
9
49
2951
2955
0
0
2950
2959
2958
0
0
2957


2958
2959
2950
391
0
2533
2950
2959
112
1

0
1935
2958
2950
2956
2697
0
0
2950
295
7

2800
0
75
2953
2950
2958
2949
0
0
295
5

2951
2979
0
0
2763
2965
2960
2962
1724


0
583
2959
2960
1921
0
949
2955
2951
295
3

2945
0
0
2958
2960
2955
0
0
2960
2950


2954
2946
93
0
2946
2955
2950
997
0
239
8

2949
2958
2951
2640
0
0
2958
2948
2768

0

418
2957
2960
2945
2953
0
0
2958
2958


2953
0
0
2953
2948
2950
2951
1733
0
1073


2958
2957
2064
0
1567
2951
0
2948
2960

2
955
0
0
2957
2954
2951
2958
0
0
2958
293
7

2954
559
0
2351
2956
2951
2957
2359
0


1
2965
2954
2559
0
371
2959
2951
2959
295
3

0
0
2955
2958
2956
0
0
2956
2954
2957


2953
1162
0
1427
2951
2959
1620
0
1372
2
9
54
2954
2960
2890
0
0
2949
2957
2947
0


0
2958
2937
2955
2957
0
0
2956
2952
2959


621
0
2173
2959
2954
2960
2403
0
0
2960


2955
2527
0
273
2958
2958
2955
2950
0
0


2957
2959
2951
0
0
2959
2991
2954
2959

1
034
0
1398
2957
2957
1616
0
1397
2955
296
2

2956
2917
0
0
2960
2955
2959
0
0
2957


2960
2959
2953
0
0
2959
2950
2945
838
0


2486
2958
2953
2957
2539
0
9
2955
2951

2
683
0
574
2954
2955
2959
2957
0
0
2960
2
9
55
2953
0
0
2960
2960
2953
2955
1397
0


1807
2959
2954
2955
2960
2753
0
0
2955
29
6
0
2850
0
117
2958
2943
2950
2959
0
0
2
9
57
2959
2949
0
0
2908
2960
2955
2955
1842


0
667
2955
2957
2224
0
815
2960
2953
2
9
55
2955
0
0
2948
2949
2950
0
0
2960
2965


2958
2960
511
0
2149
2947
2947
1260
0

1
570
2954
2957
2960
2763
0
0
2955
2953
294
4

0
0
2935
2955
2959
2959
0
0
2967
2955


2960
203
0
2354
2956
2950
2957
2066
0
46


2958
2955
2459
0
281
2956
2950
2960
295
4

0
0
2947
2957
2953
0
0
2967
2951
2963

2
958
944
0
1511
2951
2962
1600
0
1414
295
3

2955
2954
2891
0
0
2960
2957
2951
0
0


2953
2967
2958
2960
0
0
2956
2955
2958
7
2
7
0
2373
2951
2958
2960
2458
0
54
2960

2
960
2656
0
534
2960
2955
2964
2958
0
0

2
959
2957
2953
0
0
2960
2951
2375
2953
295
4

1350
0
1767
2960
2960
2951
2782
0
0
2
9
58
2960
2887
0
65
2960
2956
2955
2959
0


0
2951
2960
2951
2
0
2775
2963
2960
2959


1917
0
511
2958
2950
2218
0
830
2958
2
9
50
2955
2953
0
0
2951
2959
2950
0
0
2955


2960
2959
2959
493
0
2289
2963
2956
129
8

0
1731
2959
2953
2964
2736
0
0
2959
296
0

2881
0
61
2957
2955
2957
2955
0
0
295
0

2957
2955
0
0
2672
2959
2959
2954
1826

0

435
2953
2960
2145
0
743
2959
2958
295
1

2952
0
0
2957
2957
2958
0
0
2954
2951

2
958
2949
555
0
2253
2959
2954
1417
0
17
8
7
2960
2953
2960
2825
0
0
2951
2960
2954


0
0
2954
2951
2961
2959
0
0
2951
2955
2
9
58
592
0
2816
2957
2957
2959
2371
0
400


2954
2960
2704
0
699
2958
2961
2957
2957


2960
0
0
2967
2947
2949
2957
224
0
2714


2961
2960
1077
0
1891
2949
2955
2958
2694


0
0
2957
2955
2837
0
78
2959
2944
2957


2949
0
0
2958
2951
2942
0
0
2928
2957
2
9
55
2957
1717
0
775
2958
2957
1985
0
107
2

2959
2960
2954
2941
0
0
2956
2959
2955

0

0
2955
2970
2954
2955
0
0
2914
2960
2
9
60
780
0
1955
2957
2950
2951
2464
0
0
29
5
5
2955
2663
0
176
2953
2958
2956
2951
0


0
2959
2955
2950
0
0
2945
2949
2954
2951


1322
0
1022
2959
2959
1927
0
1023
2953

2
957
2959
2942
0
0
2955
2954
2953
0
0
2
9
57
2955
2957
2959
0
0
2957
2953
2957
1015


0
2270
2958
2955
2950
2528
0
0
2959
29
5
6
2730
0
383
2954
2959
2957
2955
0
0
295
4

2960
2955
0
0
2951
2959
2949
2958
2959


978
0
2162
2959
2950
2958
2516
0
0
2954


2949
2727
0
298
2958
2958
2954
2956
0
0


2960
2956
2956
0
0
2960
2949
2957
2947
1
4
41
0
1205
2951
2960
1965
0
1050
2950
295
5

2958
2933
0
0
2959
2958
2951
0
0
2949


2960
2957
2953
0
0
2955
2951
2954
768
0


2134
2950
2951
2947
2480
0
0
2953
2956
2
6
82
0
244
2958
2953
2949
2948
0
0
2953

2
957
2959
0
0
2951
2960
2955
2955
1276
0

1
191
2960
2958
1595
0
1122
2957
2954
2960


2879
0
0
2953
2953
2948
0
0
2958
2953
2
9
58
2951
0
0
2960
2960
2961
496
0
2149

2
956
2950
2956
2330
0
2
2950
2960
2544
0

3
35
2955
2951
2952
2954
0
0
2959
2959
29
5
1
0
0
2956
2955
2957
2957
1042
0
1903
29
5
1
2949
1693
0
1571
2958
2955
2954
2957

2
887
0
204
2954
2958
2949
2958
0
0
2958
2
9
58
2956
25
0
2960
2957
2954
2956
1723
0


916
2960
2958
2268
0
875
2955
2959
2959

2
949
0
0
2955
2958
2960
0
0
2959
2960
2
9
59
2949
416
0
2480
2958
2957
1318
0
1697


2949
2957
2949
2688
0
0
2960
2957
2887
0


0
2951
2946
2957
2960
0
0
2958
2960
2951


48
0
2779
2958
2959
2953
1806
0
489
29
5
5
2958
2405
0
511
2959
2934
2958
2950
0

0

2973
2955
2954
0
0
2954
2947
2957
2950


676
0
1899
2951
2954
1520
0
1369
2960

2
956
2960
2801
0
0
2955
2951
2954
0
0
296
0

2953
2954
2960
0
0
2951
2958
2957
528


0
2442
2954
2955
2960
2299
0
163
2959
296
1

2608
0
407
2959
2947
2956
2960
0
0
29
5
5
2955
2957
0
0
2958
2951
2951
2958
2959


1071
0
2367
2958
2955
2955
2559
0
17
29
5
4
2957
2859
0
240
2958
2957
2953
2954
0

0

2959
2954
2935
0
0
2949
2950
2950
2956


1571
0
1038
2949
2958
1884
0
991
2954
29
6
0
2954
2929
0
0
2951
2960
2954
0
0
296
0

2960
2951
2959
0
0
2958
2955
2955
718
0


2159
2950
2956
2951
2340
0
16
2957
2955


2713
0
198
2957
2960
2953
2960
0
0
2960


2955
2958
0
0
2947
2958
2954
2949
1311

0

1323
2954
2960
1933
0
1050
2959
2954
295
9

2915
0
0
2956
2960
2957
0
0
2951
2961


2955
2954
0
0
2959
2953
2957
569
0
2017


2951
2955
2954
2272
0
0
2961
2951
2675

0

128
2960
2947
2960
2954
0
0
2955
2955

2
953
0
0
2954
2960
2958
2957
1296
0
1392

2
957
2959
2014
0
1199
2958
2960
2960
2946


2717
0
594
2958
2954
2959
2955
0
0
2960


2960
2960
0
0
2958
2950
2951
2959
987
0


2145
2958
2949
1744
0
1629
2949
2950
2946


2842
0
0
2953
2956
2953
0
0
2958
2944


2956
2957
0
0
2954
2956
2953
554
0
2367

2
946
2954
2957
2229
0
140
2957
2944
2544


0
363
2953
2955
2953
2950
0
0
2950
2957

2
954
0
0
2959
2937
2960
2950
843
0
1863


2956
2955
1504
0
1475
2950
2950
2955
2791


0
0
2957
2960
2960
0
0
2957
2959
2961

2
959
0
0
2954
2955
2958
524
0
2379
2955

2
959
2958
2211
0
135
2958
2960
2517
0
335


2960
2960
2957
2960
0
0
2951
2954
2958
0


0
2950
2955
2956
2954
688
0
1899
2956
2
9
60
1464
0
1474
2958
2955
2960
2809
0
0

2
960
2955
2957
0
0
2956
2943
2949
2950
29
5
5
0
0
2951
2951
2955
2958
459
0
2891
29
5
0
2951
1366
0
1950
2960
2948
2957
2749
0


0
2951
2960
2945
0
0
2959
2942
2960
295
3

0
0
2960
2960
2957
336
0
2703
2945
2957


2953
2082
0
426
2950
2953
2537
0
363
2
9
61
2960
2950
2956
0
0
2958
2956
2958
0
0


2949
2958
2951
2954
802
0
1904
2951
295
0

1456
0
1505
2960
2960
2959
2785
0
0
29
6
0
2960
2957
0
0
2950
2936
2955
2955
0
0


2951
2958
2955
511
0
2413
2957
2955
2955


2174
0
163
2951
2958
2537
0
380
2959
29
5
5
2949
2959
0
0
2959
2958
2954
0
0
2959


2949
2960
2957
698
0
1854
2959
2960
1471


0
1393
2954
2954
2960
2769
0
0
2951
2960


2953
0
0
2960
2958
2960
2954
0
0
2956


2957
2959
560
0
2431
2952
2957
2960
2954

2
262
0
986
2957
2957
2950
2955
0
0
2949


2953
2960
0
0
2953
2955
2951
2951
533
0

2
941
2957
2957
1461
0
2038
2955
2950
2957


2736
0
0
2955
2957
2915
0
185
2958
2945


2954
2957
0
0
2948
2957
2953
0
0
2944

2
958
2958
2954
1782
0
817
2954
2951
2177


0
827
2955
2959
2958
2950
0
0
2954
2955

2
960
0
0
2955
2957
2960
2947
0
0
2949
2
9
55
2951
994
0
2112
2958
2959
2955
2495
0


0
2959
2953
2791
0
79
2958
2957
2960
29
5
5
0
0
2956
2957
2957
0
0
2941
2960
2957


2960
1422
0
1023
2960
2944
1870
0
1023

2
960
2950
2955
2899
0
0
2951
2954
2957
0

0

2954
2953
2955
2949
0
0
2955
2953
2960


550
0
2097
2959
2957
2957
2284
0
0
2955


2958
2695
0
139
2971
2953
2953
2960
0
0


2943
2956
2958
2959
2951
1328
0
1687
2958


2960
1841
0
1535
2951
2961
2955
2919
0


0
2951
2955
2951
0
0
2951
2965
2954
2958


0
0
2958
2960
2955
738
0
2597
2956
2957


2951
2337
0
315
2957
2951
2634
0
450
295
5

2960
2957
2958
0
0
2957
2960
2958
0
0


2953
2953
2958
2957
891
0
1935
2960
2957


1535
0
1518
2950
2958
2955
2816
0
0
2950


2955
2959
0
0
2953
2953
2958
2959
0
0
2
9
57
2960
2950
495
0
2418
2960
2958
2950

2
261
0
209
2950
2954
2550
0
381
2960
2954


2953
2957
0
0
2954
2953
2954
0
0
2960

2
958
2957
2957
848
0
1969
2958
2958
1535
0


1515
2954
2957
2953
2799
0
0
2957
2950


2953
0
0
2957
2967
2954
2957
0
0
2955

2
959
2959
471
0
2305
2954
2950
2955
2224
2
5
59
0
560
2957
2960
2956
2955
0
0
2957

2
954
2956
0
0
2959
2960
2956
2960
1062
0

2
159
2956
2957
1775
0
1676
2957
2957
2957


2896
0
0
2959
2960
2959
0
0
2958
2939
2
9
54
2958
0
0
2958
2955
2959
787
0
2668
2
9
60
2959
2955
2413
0
303
2959
2957
2641
0


483
2960
2960
2960
2961
0
0
2960
2953
2
9
60
0
0
2955
2953
2958
2947
843
0
1923
29
6
0
2959
1585
0
1505
2954
2958
2960
2822

0

0
2955
2957
2955
0
0
2960
2955
2958
295
0

0
0
2951
2955
2957
496
0
2409
2960
295
8

2959
2205
0
137
2959
2955
2559
0
395

2
955
2949
2960
2960
0
0
2956
2955
2955
0


0
2955
2951
2957
2955
848
0
1994
2957
29
5
6
1520
0
1383
2955
2954
2957
2800
0
0

2
958
2961
2954
0
0
2960
2960
2955
2954
295
3

0
0
2965
2953
2955
2960
1393
0
1389
2
9
54
2954
2061
0
1205
2951
2958
2957
2934
0


0
2953
2958
2959
0
0
2960
2960
2954
29
5
6
0
0
2949
2951
2954
963
0
2511
2955
295
7

2953
2462
0
159
2960
2958
2798
0
387

2
959
2959
2962
2959
0
0
2949
2959
2960
0

0

2960
2963
2953
2958
1382
0
1516
2960
2
9
54
1995
0
1195
2961
2958
2959
2933
0
0
2
9
60
2951
2959
0
0
2958
2959
2948
2954
0
0


2959
2959
2950
764
0
2153
2951
2949
295
9

2366
0
0
2954
2958
2670
0
246
2960
29
6
2
2953
2951
0
0
2955
2954
2960
0
0
2954


2957
2955
2954
1223
0
1449
2960
2954
173
0

0
1315
2951
2951
2953
2866
0
0
2955
295
0

2947
0
0
2953
2953
2957
2955
0
0
2958


2947
2958
446
0
2294
2951
2959
2956
2960


2132
0
770
2958
2956
2958
2956
0
0
2957


2960
2961
0
0
2955
2958
2951
2989
414
0


2771
2954
2959
1376
0
1875
2958
2959
295
7

2777
0
0
2955
2960
2949
0
0
2960
2955

2
957
2957
0
0
2959
2953
2958
576
0
2896


2950
2958
2949
2208
0
563
2946
2957
2657

0

551
2955
2949
2957
2960
0
0
2953
2951


2947
0
0
2958
2960
2957
2958
860
0
2017

2
954
2957
1648
0
1584
2951
2955
2957
2867


0
0
2952
2955
2960
0
0
2954
2960
2953
2
9
55
0
0
2958
2956
2956
622
0
2407
2954

2
957
2958
2288
0
176
2953
2956
2559
0
405


2956
2956
2953
2955
0
0
2954
2954
2955

0

0
2955
2957
2960
2960
822
0
1915
2953
2
9
62
1518
0
1429
2957
2960
2957
2815
0
0


2958
2960
2953
0
0
2951
2955
2954
2966
29
5
5
0
0
2960
2954
2960
2958
216
0
2627
2
9
53
2960
1191
0
1779
2956
2954
2946
2704
0


0
2959
2951
2896
0
64
2955
2950
2954
29
5
1
0
0
2955
2954
2959
63
0
2957
2953
2958


2958
1918
0
841
2950
2953
2355
0
889
2
9
67
2954
2955
2953
0
0
2954
2960
2959
0
0


2958
2947
2954
2951
490
0
2843
2960
295
1

1396
0
1943
2957
2960
2960
2773
0
0
295
5

2960
2899
0
48
2959
2954
2950
2960
0

0

2950
2953
2956
112
0
2922
2951
2958
29
5
8
1828
0
711
2957
2955
2177
0
754
2978
2
9
58
2950
2953
0
0
2955
2948
2957
0
0
29
6
0
2938
2955
2960
290
0
2599
2957
2955
129
8

0
1781
2960
2958
2960
2704
0
0
2955
29
5
1
2883
0
3
2954
2955
2951
2960
0
0
2959


2957
2954
22
0
2851
2957
2959
2957
2960


759
0
2085
2951
2954
2954
2422
0
0
2959

2
956
2704
0
273
2934
2947
2947
2951
0
0


2956
2957
2957
0
0
2948
2953
2951
2960
13
9
3
0
1488
2960
2960
1810
0
1427
2961
296
0

2958
2903
0
0
2957
2953
2947
0
0
2960

2
960
2957
2954
0
0
2960
2948
2955
853
0


2755
2960
2954
2958
2465
0
384
2961
2955

2
717
0
598
2951
2959
2954
2953
0
0
2954


2960
2954
0
0
2949
2954
2954
2957
1033

0

1994
2953
2955
1691
0
1562
2954
2958
295
8

2850
0
0
2954
2954
2955
0
0
2957
2955


2960
2959
0
0
2957
2959
2954
637
0
2461


2958
2951
2956
2282
0
166
2960
2959
2559


0
397
2960
2950
2957
2955
0
0
2958
2955


2960
0
0
2959
2953
2953
2955
794
0
1835


2954
2954
1502
0
1366
2950
2960
2955
295
3

2673
0
98
2955
2957
2960
2949
0
0
2954


2953
2951
0
0
2939
2930
2958
2957
1242

0

1263
2952
2960
1903
0
1023
2960
2960
295
7

2914
0
0
2955
2959
2954
0
0
2959
2959


2953
2959
0
0
2958
2960
2958
801
0
2385


2950
2951
2959
2420
0
161
2954
2960
2754


0
314
2952
2956
2960
2957
0
0
2957
2954


2954
0
0
2957
2960
2960
2953
1560
0
1535


2960
2954
2123
0
1285
2960
2948
2956
293
0

0
0
2958
2950
2951
0
0
2957
2957
2960


2959
0
0
2955
2959
2951
799
0
2258
2958


2955
2956
2398
0
48
2954
2950
2726
0
20
8

2954
2957
2957
2953
0
0
2950
2951
2951

0

0
2957
2943
2953
2958
1278
0
1344
2958


2957
1951
0
1017
2961
2953
2955
2926
0
0


2949
2951
2951
2960
2954
0
0
2953
2960


2960
0
0
2954
2935
2948
2955
737
0
1808

2
954
2951
1482
0
1377
2950
2953
2954
2772


0
0
2957
2958
2955
0
0
2955
2945
2956
2
9
51
0
0
2955
2956
2960
573
0
2457
2960

2
953
2958
2297
0
208
2949
2957
2634
0
476


2957
2946
2958
2946
0
0
2951
2951
2960
0


0
2959
2960
2959
2957
1088
0
2139
2956
2
9
51
1817
0
1757
2960
2951
2960
2911
0
0


2952
2949
2957
0
0
2957
2961
2960
2957
0


0
2958
2960
2955
762
0
2551
2959
2951
2
9
49
2398
0
256
2947
2950
2634
0
419
2956

2
954
2953
2954
0
0
2955
2955
2958
0
0
2
9
58
2953
2958
2957
847
0
1825
2957
2957
16
1
5
0
1446
2961
2957
2951
2844
0
0
2954

2
955
2957
0
0
2959
2957
2951
2957
0
0
295
0

2954
2954
547
0
2353
2951
631
2957
296
0

2146
0
695
2956
2950
2955
2960
0
0
2955


2955
2957
0
0
2960
2957
2959
2959
166

0

2385
2954
2960
1185
0
1503
2954
2954
2
9
59
2658
0
0
2958
2954
2950
0
0
2960
2950


2960
2960
0
0
2959
2938
2949
352
0
270
9

2958
2946
2955
2083
0
483
2960
2960
2630


0
492
2960
2959
2954
2950
0
0
2957
296
0

2949
0
0
2957
2965
2959
2954
1090
0
213
8

2954
2958
1796
0
1631
2949
2949
2960
2
8
97
0
0
2955
2954
2960
0
0
2950
2946
2957


2954
0
0
2960
2950
2951
832
0
2687
295
4

2957
2958
2306
0
194
2947
2957
2621
0
3
7
9
2951
2951
2953
2958
0
0
2955
2955
295
9

0
0
2959
2951
2951
2949
815
0
1921
2954


2957
1589
0
1405
2960
2951
2954
2828
0

0

2960
2954
2964
2959
2960
0
0
2960
2953


2953
134
0
2770
2953
2959
2958
1936
0
50
7

2959
2958
2401
0
389
2955
2956
2960
29
5
1
0
0
2956
2951
2955
0
0
2955
2960
2955


2959
624
0
1893
2955
2951
1535
0
1355
2
9
60
2958
2960
2814
0
0
2957
2951
2951
0
0


2954
2963
2960
2960
0
0
2958
2957
2957


733
0
2433
2957
2957
2958
2375
0
243
2954


2951
2671
0
507
2955
2957
2955
2951
0

0

2961
2949
2954
0
0
2959
2960
2955
2951

1
191
0
2172
2959
2957
1854
0
1715
2951
2
9
51
2954
2914
0
0
2953
2959
2958
0
0
295
5

2947
2949
2950
0
0
2956
2957
2959
795
0


2513
2959
2958
2958
2385
0
173
2959
295
7

2634
0
415
2955
2954
2950
2951
0
0
2956


2954
2960
0
0
2957
2960
2960
2958
971
1
4
22
0
1605
2954
2950
2951
2736
0
0
2955

2
958
2957
0
0
2957
2960
2958
2951
0
0
29
5
0
2960
2957
368
0
2389
2957
2955
2949
205
5

0
214
2951
2960
2590
0
291
2960
2949

2
953
2950
0
0
2953
2964
2955
0
0
2951
295
3

2958
2960
817
0
1680
2960
2951
1515
0


1345
2949
2958
2954
2810
0
0
2959
2958
29
5
7
0
0
2960
2939
2957
2958
0
0
2951
295
4

2958
656
0
2416
2958
2960
2955
2350
0

1
99
2960
2957
2654
0
467
2950
2959
2953
2
9
54
0
0
2954
2960
2959
0
0
2959
2960
296
0

2960
1142
0
2017
2960
2960
1807
0
1637


2955
2949
2960
2878
0
0
2960
2958
2956
0


0
2957
2961
2960
2960
0
0
2961
2957
295
7

802
0
2447
2954
2958
2949
2338
0
113
29
5
8
2956
2640
0
419
2951
2951
2956
2975
2
9
55
0
0
2960
2947
2955
2953
209
0
2412
29
5
5
2953
1307
0
1574
2954
2960
2959
2672

0

0
2955
2953
2861
0
0
2954
2960
2959
296
2

0
0
2955
2954
2960
39
0
2641
2958
295
9

2960
1782
0
525
2954
2959
2212
0
663
29
6
1
2958
2960
2944
0
0
2956
2960
2959
0

0

2953
2958
2960
2959
312
0
2449
2951
29
5
9
1425
0
1680
2954
2954
2943
2741
0
0
29
5
9
2958
2953
0
0
2958
2960
2960
2955
0

0

2955
2950
2960
641
0
2686
2950
2955
2958


2291
0
432
2957
2946
2755
0
567
2954
2
9
59
2958
2944
0
0
2958
2960
2955
0
0
2960


2959
2957
2946
1231
0
2094
2955
2959
19
5
2
0
1686
2942
2959
2951
2909
0
0
2957
29
6
0
2960
0
0
2951
2957
2949
2948
0
0
295
7

2955
2955
853
0
2432
2954
2960
2957
2951


1713
0
1338
2950
2954
2960
2881
0
0
29
6
0
2955
2949
0
0
2960
2950
2954
2957
0
0


2960
2960
2957
614
0
2109
2958
2955
2951


2304
0
1
2959
2959
2582
0
239
2955
2955


2951
2965
0
0
2960
2954
2959
0
0
2953
2
9
54
2955
2957
884
0
1585
2954
2959
1601
0


1171
2960
2954
2960
2827
0
0
2963
2961

2
948
0
0
2960
2958
2951
2953
0
0
2960
295
5

2958
651
0
2202
2958
2960
2957
2347
0


58
2960
2957
2645
0
318
2955
2958
2960
29
5
3
0
0
2951
2959
2951
0
0
2960
2953
295
7

2960
1144
0
1921
2960
2957
1850
0
1567

2
991
2953
2958
2909
0
0
2946
2957
2957
0


0
2953
2960
2954
2954
0
0
2954
2960
2960


957
0
2390
2951
2960
2960
2445
0
143
2
9
55
2958
2705
0
436
2951
2954
2957
2959
2
9
51
0
0
2960
2954
2956
2950
384
0
2371
2
9
45
2955
1386
0
1535
2958
2959
2955
2751

0

0
2957
2951
2954
0
0
2959
2930
2954
294
7

0
0
2959
2954
2955
432
0
2326
2953
29
5
3
2949
2193
0
203
2959
2956
2672
0
322
2
9
60
2957
2960
2951
0
0
2954
2957
2960
0


0
2956
2954
2958
2960
881
0
1575
2959
295
1

1648
0
1175
2955
2958
2951
2863
0
0
2
9
57
2959
2944
0
0
2957
2957
2960
2960
0
0


2957
2960
2954
779
0
2213
2956
2958
296
1

2416
0
52
2953
2957
2709
0
468
2960
295
4

2956
2960
0
0
2960
2960
2958
0
0
2955


2955
2955
2955
1241
0
1845
2957
2960
190
1

0
1575
2943
2951
2959
2928
0
0
2957
2
9
51
2953
0
0
2955
2955
2958
2957
0
0
2958


2957
2958
995
0
2416
2949
2947
2960
295
5

1767
0
1267
2951
2960
2955
2896
0
0
295
9

2951
2953
0
0
2958
2955
2951
2961
0
0


2957
2958
2955
822
0
2158
2960
2954
2957


2426
0
0
2953
2951
2677
0
336
2958
2960


2950
2950
0
0
2955
2947
2955
0
0
2956
2
9
56
2960
2960
1039
0
1567
2962
2955
1648


0
1260
2956
2949
2960
2861
0
0
2966
2960


2959
0
0
2951
2956
2953
2955
0
0
2954

2
958
2951
704
0
2063
2960
2951
2957
2374
0


0
2958
2950
2679
0
311
2960
2960
2955

2
949
0
0
2955
2960
2951
0
0
2960
2958
295
7

2957
1162
0
1722
2960
2957
1825
0
1399


2954
2958
2953
2900
0
0
2965
2959
2954
0


0
2951
2946
2949
2960
0
0
2955
2951
29
5
5
988
0
2487
2955
2951
2950
2490
0
151
2
9
53
2960
2750
0
449
2958
2943
2958
2956

2
949
0
0
2957
2954
2960
2954
464
0
2288
2
9
48
2955
1424
0
1525
2959
2951
2955
2744


0
0
2959
2958
2927
0
0
2959
2954
2960
29
5
8
0
0
2951
2956
2957
198
0
2611
2951
2
9
57
2957
1908
0
455
2954
2958
2278
0
691

2
957
2950
2960
2951
0
0
2951
2947
2958
0


0
2960
2992
2950
2954
105
0
2736
2957
296
2

1162
0
1742
2960
2958
2959
2637
0
0
2
9
59
2950
2860
0
0
2958
2960
2959
2956
0
0


2960
2960
2957
0
0
2730
2959
2960
2959


1773
0
713
2959
2953
2321
0
731
2959
2950


2951
2957
0
0
2949
2959
2956
0
0
2960


2956
2955
2959
657
0
2483
2960
2953
1591

0

1739
2958
2956
2953
2858
0
0
2958
2956


2927
0
113
2956
2955
2953
2960
0
0
2955


2960
2955
474
0
2953
2954
2960
2958
2960


1887
0
1353
2959
2949
2960
2913
0
0
2960


2958
2960
0
0
2955
2958
2955
2952
0
0


2956
2957
2954
803
0
2146
2959
2959
2957


2370
0
0
2954
2955
2635
0
269
2959
2957


2955
2958
0
0
2957
2958
2951
0
0
2955

2
961
2953
2957
1077
0
1569
2957
2956
1695

0

1226
2958
2957
2953
2884
0
0
2950
2955


2960
0
0
2950
2955
2955
2960
0
0
2955
2
9
54
2957
688
0
2032
2947
2953
2959
2259

0

0
2959
2960
2547
0
183
2953
2935
2957
2
9
51
0
0
2947
2957
2951
0
0
2951
2958
29
6
0
2955
978
0
1531
2954
2947
1698
0
1313

2
943
2955
2954
2897
0
0
2955
2956
2950
0


0
2957
2949
2957
2947
0
0
2957
2959
2949


966
0
2439
2950
2959
2950
2512
0
110
29
5
5
2953
2727
0
496
2955
2960
2959
2961
2
9
60
0
0
2955
2950
2958
2951
624
0
2352
29
5
4
2957
1467
0
1647
2960
2954
2959
2781

0

0
2951
2955
2928
0
0
2932
2954
2959
295
5

0
0
2953
2954
2957
171
0
2678
2960
29
5
3
2952
1919
0
551
2957
2960
2305
0
720
2
9
47
2951
2953
2960
0
0
2957
2960
2954
0


0
2953
2954
2960
2960
502
0
2243
2955
296
0

1455
0
1517
2959
2955
2954
2765
0
0
2
9
58
2957
2922
0
0
2963
2958
2951
2955
0
0


2959
2958
2958
114
0
2543
2955
2959
295
7

1831
0
469
2955
2956
2269
0
647
2954
29
5
8
2958
2955
0
0
2958
2951
2959
0
0
2955


2951
2959
2957
576
0
2394
2954
2955
1554


0
1696
2955
2957
2960
2831
0
0
2960
2955


2886
0
62
2954
2951
2958
2955
0
0
2959


2960
2954
336
0
2911
2958
2957
2951
2954


1962
0
1637
2955
2955
2955
2919
0
0
295
3

2954
2958
0
0
2953
2954
2945
2958
0
0

2
955
2951
2959
866
0
2240
2959
2957
2960


2409
0
11
2956
2953
2632
0
270
2954
2958


2951
2954
0
0
2951
2960
2957
0
0
2958

2
953
2958
2959
1006
0
1610
2951
2957
1680


0
1386
2951
2958
2955
2867
0
0
2950
2960


2957
0
0
2957
2958
2960
2958
0
0
2953


2957
2957
688
0
2175
2953
2958
2951
2285

0

0
2954
2955
2585
0
204
2949
2960
2959
2
9
49
0
0
2946
2959
2960
0
0
2954
2952
29
5
6
2955
850
0
1535
2960
2957
1607
0
1217

2
960
2958
2957
2859
0
0
2953
2947
2948
0


0
2959
2957
2956
2960
0
0
2960
2957
2956


827
0
2391
2960
2960
2959
2434
0
77
29
5
9
2959
2670
0
321
2960
2958
2959
2959
295
8

0
0
2957
2953
2960
2957
591
0
2546
29
5
5
2956
1591
0
1718
2959
2960
2954
2799
0


0
2953
2956
2927
0
0
2958
2950
2952
295
8

0
0
2958
2960
2950
109
0
2703
2954
2958


2958
1853
0
597
2960
2960
2257
0
688
2
9
59
2955
2958
2955
0
0
2960
2951
2954
0


0
2950
2959
2950
2957
0
0
2731
2955
2957


1115
0
1795
2956
2954
2951
2606
0
0
295
3

2957
2850
0
0
2956
2954
2951
2958
0
0

2
956
2957
2958
0
0
2827
2986
2958
2953
1
6
82
0
667
2957
2955
2192
0
666
2957
2953

2
961
2954
0
0
2959
2965
2954
0
0
2960
2
9
60
2959
2957
341
0
2315
2953
2959
1375
0


1527
2955
2949
2952
2723
0
0
2957
2960

2
918
0
0
2955
2960
2954
2951
0
0
2953
295
4

2959
275
0
2877
2959
2960
2951
1998
0


801
2959
2954
2960
2960
2665
0
0
2953
293
5

2884
0
141
2957
2928
2961
2955
0
0
29
6
0
2950
2958
22
0
2954
2970
2953
2955
1744


0
986
2959
2957
2099
0
1119
2949
2956
2
9
55
2939
0
0
2960
2957
2948
0
0
2957
2955


2954
2960
22
0
2949
2964
2957
1088
0
1
8
83
2956
2953
2956
2489
0
0
2939
2961
2843


0
0
2957
2960
2953
2953
0
0
2957
2953


2960
0
0
2848
2955
2955
2955
1637
0
816

2
960
2960
2006
0
1013
2957
2953
2958
2930


0
0
2955
2959
2952
0
0
2960
2949
2950
2
9
56
0
0
2946
2955
2953
880
0
1952
2969

2
955
2957
2385
0
0
2931
2955
2672
0
119


2957
2955
2960
2962
0
0
2958
2958
2944
0


0
2952
2951
2953
2958
1312
0
1199
2955
2
9
60
2010
0
950
2954
2949
2951
2933
0
0
29
4
9
2949
2953
0
0
2954
2955
2954
2958
295
5

623
0
2670
2956
2956
2958
2249
0
343
29
5
8
2954
2691
0
421
2976
2960
2953
2959
0


0
2960
2953
2954
0
0
2949
2939
2960
2953


965
0
1773
2951
2958
1659
0
1305
2959

2
960
2956
2878
0
0
2951
2951
2950
0
0
295
1

2957
2945
2951
0
0
2957
2957
2958
672


0
2335
2958
2949
2951
2298
0
80
2953
29
4
9
2608
0
266
2956
2960
2956
2960
0
0
295
9

2956
2957
0
0
2954
2947
2956
2959
787


0
1767
2956
2954
1583
0
1328
2954
2959
29
5
7
2811
0
0
2958
2960
2951
0
0
2949
2951


2955
2959
0
0
2959
2959
2957
502
0
212
7

2956
2955
2955
2176
0
62
2960
2957
2559


0
238
2954
2949
2957
2949
0
0
2955
2960


2953
0
0
2954
2957
2957
2957
833
0
1827


2950
2960
1729
0
1494
2960
2960
2954
295
4

2854
0
455
2959
2957
2953
2959
0
0
2947


2953
2960
0
0
2954
2960
2949
2957
1468


0
1470
2954
2959
2135
0
1155
2958
2960
29
5
7
2942
0
0
2959
2960
2960
0
0
2950
2959


2951
2950
0
0
2933
2956
2945
803
0
2239


2954
2950
2943
2426
0
67
2960
2955
2778


0
208
2956
2960
2957
2947
0
0
2960
2951


2951
0
0
2947
2955
2950
2959
1259
0
129
7

2954
2950
1991
0
1023
2953
2958
2955
292
9

0
0
2953
2957
2958
0
0
2955
2958
2958


2951
0
0
2960
2953
2959
886
0
2081
2945


2958
2954
2389
0
0
2957
2945
2711
0
206


2947
2953
2960
2953
0
0
2953
2960
2959
0


0
2953
2957
2959
2954
1196
0
1201
2953


2955
1941
0
951
2955
2955
2957
2927
0
0

2
957
2960
2958
0
0
2945
2936
2955
2953
2
9
60
532
0
2778
2958
2960
2953
2247
0
530

2
954
2950
2701
0
486
2957
2951
2954
2956

0

0
2959
2959
2960
0
0
2959
2960
2957
29
5
7
1088
0
2101
2957
2959
1690
0
1434
2954


2957
2955
2825
0
0
2958
2955
2946
0
0

2
946
2959
2957
2955
0
0
2953
2957
2960
59
1

0
2325
2956
2959
2955
2249
0
129
2958
2
9
60
2585
0
341
2955
2957
2953
2949
0
0

2
959
2955
2959
0
0
2949
2951
2953
2955
720


0
1903
2962
2954
1535
0
1417
2959
2960


2953
2787
0
0
2960
2955
2953
0
0
2953
29
4
7
2956
2956
0
0
2960
2955
2960
510
0
2
2
56
2956
2961
2958
2119
0
131
2960
2956
25
5
9
0
269
2981
2959
2955
2955
0
0
2950
2
9
59
2956
0
0
2955
2939
2960
2955
688
0

1
863
2959
2958
2960
2960
2477
0
38
2953
29
5
3
2752
0
298
2954
2955
2955
2954
0
0
2
9
60
2960
2959
0
0
2954
2957
2961
2957
1361


0
1658
2960
2957
2128
0
1306
2960
2950


2955
2934
0
0
2956
2955
2951
0
0
2958
29
5
5
2955
2954
0
0
2949
2959
2955
941
0
22
8
5
2951
2958
2955
2398
0
66
2957
2959
272
2

0
306
2958
2959
2956
2960
0
0
2959
296
0

2955
0
0
2955
2959
2960
2958
674
0
208
2

2951
2957
1535
0
1491
2958
2954
2960
27
7
8
0
0
2957
2955
2957
0
0
2958
2947
2951


2958
0
0
2953
2960
2959
585
0
2397
2959


2959
2958
2121
0
219
2957
2958
2559
0
36
2

2964
2959
2953
2956
0
0
2939
2960
2957


0
0
2956
2963
2959
2954
656
0
1919
295
3

2959
1426
0
1259
2950
2957
2958
2736
0

0

2957
2982
2958
2960
2959
0
0
2954
2960


2955
272
0
2917
2955
2961
2960
1942
0
82
3

2960
2960
2544
0
622
2960
2960
2959
295
6

0
0
2954
2954
2959
0
0
2960
2949
2961


2957
843
0
2400
2950
2957
1680
0
1645
29
6
0
2959
2957
2819
0
0
2957
2954
2950
0
0


2953
2950
2957
2955
0
0
2955
2959
2958

5
99
0
2447
2959
2960
2953
2201
0
231
2956


2960
2599
0
395
2954
2953
2951
2957
0
0


2955
2944
2955
0
0
2957
2960
2958
2958
7
8
9
0
2007
2951
2958
1622
0
1487
2957
295
5

2960
2786
0
0
2958
2950
2956
0
0
2960


2939
2955
2959
0
0
2960
2960
2955
597
0

2
410
2951
2960
2960
2140
0
155
2959
2960


2559
0
379
2946
2959
2960
2960
0
0
2959

2
957
2953
0
0
2959
2960
2955
2959
589
0


1925
2958
2957
2951
2959
2000
0
449
2951

2
957
2622
0
400
2960
2971
2957
2946
0
0


2957
2960
2960
0
0
2960
2950
2958
2960
91
4

0
2274
2960
2960
1783
0
1713
2955
2937


2960
2870
0
0
2960
2953
2959
0
0
2958


2934
2957
2960
0
0
2958
2957
2955
729
0

2
461
2960
2955
2957
2355
0
223
2953
2954


2743
0
257
2953
2960
2954
2955
0
0
2954

2
959
2959
0
0
2957
2960
2955
2957
1270
0

1
447
2959
2942
1990
0
1110
2955
2957
2956


2913
0
0
2957
2951
2952
0
0
2953
2960
2
9
54
2955
0
0
2960
2957
2957
723
0
2231

2
955
2953
2957
2249
0
16
2939
2950
2651
0


222
2954
2963
2955
2955
0
0
2957
2953
2
9
66
0
0
2961
2960
2956
2957
1132
0
1502
2
9
58
2971
1730
0
1327
2954
2973
2958
2954


2543
0
267
2955
2960
2959
2960
0
0
2960


2959
2958
0
0
2955
2948
2958
2951
805
0


2063
2949
2954
1584
0
1574
2954
2954
295
4

2825
0
0
2963
2973
2960
0
0
2951
2955

2
957
2959
0
0
2954
2960
2959
757
0
2852


2951
2953
2960
2306
0
463
2948
2950
2723

0

551
2955
2955
2956
2957
0
0
2957
2957


2961
0
0
2960
2958
2955
2955
912
0
2149

2
961
2954
1601
0
1563
2954
2951
2957
2796


0
0
2947
2959
2950
0
0
2955
2958
2953
2
9
47
0
0
2953
2956
2957
560
0
2363
2955
2
9
55
2951
2230
0
205
2960
2957
2545
0
306


2959
2959
2959
2953
0
0
2958
2953
2949
0


0
2958
2955
2955
2960
673
0
2064
2955
29
5
6
1600
0
1487
2956
2954
2953
2800
0
0

2
956
2960
2956
0
0
2931
2963
2954
2960
295
1

0
0
2950
2978
2950
2958
75
0
2602
295
7

2961
1294
0
1727
2955
2955
2959
2658
0

0

2955
2958
2946
0
0
2961
2943
2958
2953


0
0
2956
2958
2952
458
0
2868
2957
2958


2957
2161
0
591
2954
2959
2665
0
534
29
5
2
2957
2960
2955
0
0
2953
2962
2958
0
0


2954
2966
2960
2954
1045
0
2351
2960
295
1

1797
0
1775
2954
2954
2959
2836
0
0
2
9
58
2954
2951
0
0
2950
2957
2957
2957
0
0


2953
2951
2957
662
0
2506
2958
2960
295
7

2232
0
172
2955
2960
2621
0
400
2959
29
6
1
2954
2962
0
0
2955
2954
2955
0
0
295
9

2960
2957
2953
850
0
2057
2960
2957
1629


0
1558
2958
2958
2959
2798
0
0
2955
29
5
0
2954
0
0
2960
2955
2960
2955
0
0
2955

2
960
2953
634
0
2353
2954
2951
2947
2955


2098
0
638
2959
2957
2958
2943
0
0
2959

2
957
2945
0
0
2962
2949
2955
2957
201
0


2666
2958
2949
1295
0
1690
2949
2950
2951


2709
0
0
2956
2955
2928
0
10
2956
2934


2951
2955
0
0
2963
2958
2951
209
0
2954


2951
2950
2958
1884
0
986
2958
2960
2325


0
933
2955
2953
2950
2955
0
0
2955
2955


2953
0
0
2953
2946
2950
2956
398
0
2829


2954
2956
1456
0
1875
2957
2954
2955
276
2

0
0
2955
2958
2946
0
0
2951
2939
2957

2
959
0
0
2960
2951
2959
508
0
2710
2982


2953
2959
2097
0
442
2957
2950
2589
0
40
3

2958
2960
2959
2955
0
0
2951
2978
2958

0

0
2957
2947
2955
2955
796
0
1915
2955


2960
1612
0
1445
2953
2959
2959
2825
0
0


2955
2956
2954
0
0
2954
2942
2951
2956
2
9
56
0
0
2884
2957
2956
2950
1488
0
867
2
9
60
2956
2203
0
763
2955
2934
2950
2942
0


0
2959
2958
2959
0
0
2957
2960
2959
2955


326
0
2679
2955
2959
1392
0
1797
2954

2
957
2954
2727
0
0
2949
2959
2947
0
0
295
1

2972
2951
2948
0
0
2957
2960
2958
608


0
2755
2957
2959
2955
2205
0
542
2957
296
1

2724
0
578
2955
2959
2960
2955
0
0
29
5
9
2951
2957
0
0
2960
2956
2953
2951
1059


0
2127
2959
2951
1806
0
1687
2949
2958

2
950
2855
0
0
2949
2951
2959
0
0
2955
29
5
4
2959
2954
0
0
2960
2949
2954
809
0
23
7
9
2957
2953
2960
2320
0
162
2955
2958
26
3
3
0
381
2960
2940
2953
2950
0
0
2956
29
5
0
2953
0
0
2950
2954
2958
2953
854
0
184
3

2954
2957
1570
2955
2731
0
0
2956
2951


2953
0
0
2957
2937
2959
2960
0
0
2954
2
9
54
2951
256
0
2469
2957
2960
2954
2005

0

285
2960
2950
2559
0
299
2953
2947
2960


2960
0
0
2962
2960
2955
0
0
2960
2960

2
960
2947
893
0
1967
2958
2949
1679
0
1521


2958
2959
2956
2843
0
0
2950
2958
2956


0
0
2955
2953
2949
2946
0
0
2960
2945
29
6
0
781
0
2618
2963
2957
2960
2364
0
240


2960
2957
2652
0
497
2960
2954
2954
2954

0

0
2960
2960
2960
0
0
2959
2954
2955
2
9
53
910
0
2066
2959
2958
1721
0
1467
296
0

2953
2951
2833
0
0
2954
2958
2957
0
0

2
959
2955
2958
2954
0
0
2959
2957
2957
5
4
9
0
2352
2949
2950
2960
2217
0
80
2958
2
9
57
2559
0
270
2957
2955
2957
2949
0
0

2
957
2959
2959
0
0
2956
2957
2950
2954
295
8

304
0
2523
2959
2957
2960
1874
0
303

2
953
2957
2495
0
258
2951
2951
2960
2953
0


0
2955
2950
2951
0
0
2960
2948
2959
295
8

670
0
1815
2953
2955
1584
0
1383
2960
2
9
53
2955
2833
0
0
2954
2950
2958
0
0
29
5
0
2951
2955
2959
0
0
2953
2955
2961
751

0

2523
2955
2953
2953
2341
0
203
2959
29
5
7
2678
0
558
2951
2957
2949
2953
0
0
295
7

2959
2954
0
0
2957
2951
2958
2954
1154


0
2198
2957
2958
1862
0
1741
2958
2957
2
9
57
2906
0
0
2955
2951
2961
0
0
2955
29
5
1
2957
2957
0
0
2939
2953
2960
814
0
263
5

2961
2957
2960
2319
0
227
2957
2959
26
5
8
0
459
2960
2965
2958
2957
0
0
2954
295
5

2957
0
0
2960
2955
2954
2949
922
0
20
2
3
2960
2955
1685
2951
2712
0
0
2953
2958


2953
0
0
2955
2959
2957
2957
0
0
2957
2
9
60
2960
379
0
2555
2959
2949
2957
2106

0

287
2957
2955
2559
0
247
2951
2960
2960


2947
0
0
2957
2958
2953
0
0
2956
2955

2
960
2954
778
0
1851
2959
2955
1505
0
1424


2947
2958
2958
2783
0
0
2951
2960
2954


0
0
2960
2957
2951
2960
0
0
2956
2959
29
5
5
581
0
2611
2957
2954
2951
2258
0
337


2958
2960
2675
0
509
2957
2951
2955
2929

0

0
2956
2955
2960
0
0
2959
2957
2953
2
9
55
1072
0
2175
2951
2960
1787
0
1649
2955


2951
2950
2878
0
0
2958
2953
2957
0
0

2
955
2959
2960
2955
0
0
2962
2960
2949
6
1
0
0
2411
2947
2951
2959
2244
0
95
2945


2948
2546
0
359
2953
2958
2951
2954
0
0

2
951
2951
2962
0
0
2956
2956
2640
2955
2
9
51
1194
0
1723
2957
2951
2960
2607
0
0
2
9
57
2958
2882
0
0
2958
2949
2953
2954
0


0
2957
2952
2951
0
0
2770
2960
2957
2954


1717
0
618
2957
2955
2101
0
686
2955
29
5
8
2960
2943
0
0
2957
2960
2960
0
0
2960


2960
2957
2949
190
0
2533
2957
2942
1274


0
1693
2951
2957
2955
2704
0
0
2962
2956


2951
0
0
2961
2960
2960
2951
0
0
2959

2
957
2959
560
0
2806
2954
2959
2959
2224

0

491
2955
2959
2688
0
612
2951
2957
295
8

2957
0
0
2958
2960
2955
0
0
2954
2958

2
956
2957
1094
0
2068
2959
2955
1739
0
1
5
35
2958
2953
2960
2864
0
0
2959
2955
2960


0
0
2959
2960
2950
2957
0
0
2939
2957


2951
656
0
2427
2960
2955
2957
2287
0
118


2951
2953
2625
0
407
2954
0
2957
2956

2
954
0
0
2954
2958
2959
2959
0
0
2955
295
4

2958
546
0
2512
2957
2956
2960
2213
0

2
24
2954
2954
2626
0
352
2959
2960
2957
2
9
57
0
0
2949
2960
2960
0
0
2958
2960
295
7

2955
679
0
1735
2952
2955
1490
0
1317

2
954
2954
2957
2789
0
0
2955
2959
2956
0


0
2950
2955
2958
2960
0
0
2955
2957
2951


647
0
2417
2953
2951
2960
2368
0
183
29
5
0
2958
2648
0
528
2954
2973
2953
2956
0

0

2960
2958
2958
0
0
2951
2959
2959
2954


1110
0
2026
2953
2958
1808
0
1698
2958
2
9
54
2951
2909
0
0
2956
2957
2949
0
0
29
4
4
2961
2953
2958
0
0
2955
2959
2960
747

0

2547
2956
2950
2959
2395
0
158
2960
29
5
8
2654
0
443
2960
2960
2957
2958
0
0
295
7

2966
2955
0
0
2957
2958
2960
2951
2958


1099
0
1904
2959
2951
2957
2554
0
0
2958


2949
2854
0
59
2949
2939
2948
2960
0
0


2958
2960
2961
0
0
2945
2955
2951
2960


1654
0
865
2963
2955
2201
0
789
2958
2957


2954
2949
0
0
2959
2951
2954
0
0
2950


2954
2954
2957
389
0
2377
2960
2953
1332

0

1520
2945
2960
2956
2658
0
0
2951
2954


2951
0
0
2953
2960
2955
2958
0
0
2955
2
9
60
2955
369
0
2658
2957
2953
2958
2134

0

374
2951
2955
2608
0
435
2953
2959
2957


2951
0
0
2952
2954
2947
0
0
2953
2953
2
9
55
2955
1072
0
2073
2960
2951
1785
0
173
9

2957
2955
2951
2891
0
0
2960
2960
2956


0
0
2959
2957
2955
2956
0
0
2958
2951
2
9
34
751
0
2593
2944
2951
2954
2295
0
145


2951
2955
2624
0
384
2953
2957
2959
2940


2957
0
0
2953
2959
2954
2959
19
0
2896

2
959
2954
1093
0
1943
2957
2959
2957
2608


0
0
2956
2954
2847
0
80
2953
2959
2957

2
953
0
0
2928
2959
2958
0
0
2944
2958
2
9
59
2960
1627
0
838
2960
2957
2191
0
778

2
953
2953
2951
2955
0
0
2958
2960
2957
0


0
2954
2960
2959
2961
259
0
2441
2955
29
5
0
1261
0
1650
2958
2955
2954
2710
0
0
2
9
54
2954
2911
0
0
2959
2950
2959
2955
0

0

2951
2939
2955
80
0
2931
2959
2960
2953


1950
0
763
2958
2955
2297
0
975
2955
296
7

2954
2955
0
0
2955
2956
2955
0
0
2957


2943
2958
2953
598
0
2704
2960
2955
1506


0
1927
2956
2957
2953
2803
0
0
2975
2954


2955
0
0
2958
2958
2957
2955
0
0
2960


2955
2951
496
0
2775
2950
2955
2958
2953

2
202
0
790
2953
2956
2960
2953
0
0
2956


2954
2956
0
0
2954
2941
2955
2955
370
0

2
471
2951
2960
1303
0
1711
2961
2959
2950


2724
0
0
2953
2957
2949
0
0
2957
2955
2
9
49
2955
0
0
2954
2958
2955
298
0
2510

2
953
2955
2958
1995
0
258
2960
2954
2519
0


332
2950
2955
2960
2948
0
0
2955
2950
2949
0
0
2960
2950
2960
2951
908
0
1779


2957
2953
1615
0
1415
2960
2947
2951
2850


0
0
2948
2957
2948
0
0
2960
2960
2960
29
5
5
0
0
2958
2940
2949
721
0
2514
2959
2
9
50
2954
2389
0
176
2946
2958
2667
0
528

2
955
2962
2955
2960
0
0
2959
2954
2959
0


0
2953
2965
2955
2948
1210
0
2101
2960
2
9
56
1800
0
1688
2950
2959
2953
2889
0
0


2951
2951
2949
0
0
2950
2955
2951
2958
29
5
4
0
0
2955
2960
2957
2957
1695
0
881
2960
2951
2192
0
737
2958
2960
2960
2947
0


0
2959
2956
2955
0
0
2959
2958
2960
295
7

347
0
2461
2958
2954
1290
0
1751
2944
2
9
54
2959
2723
0
0
2961
2949
2903
0
8
29
5
7
2947
2959
2951
0
0
2955
2956
2951
26
0


2792
2955
2969
2953
1826
0
528
2960
295
0

2117
0
758
2954
2951
2955
2943
0
0
29
5
8
2961
2958
0
0
2951
2956
2960
2954
329

0

2467
2959
2957
1345
0
1807
2945
2957
2
9
52
2752
0
0
2982
2960
2953
0
0
2960
2953


2952
2956
0
0
2955
2949
2959
464
0
2749


2958
2957
2953
2167
0
343
2954
2955
2641


0
465
2954
2950
2953
2958
0
0
2955
2953


2958
0
0
2953
2955
2954
2956
1101
0
2005
2956
2954
1794
2958
2762
0
0
2929
2928
2951
0
0
2954
2957
2959
2953
0
0
2957
2958
2960
358
0
2591
2957
2955
2960
2153
0


257
2958
2958
2559
0
322
2954
2958
2957

2
956
0
0
2959
2959
2958
0
0
2957
2956
2
9
59
2959
896
0
1775
2955
2951
1522
0
1451


2957
2958
2957
2811
0
0
2953
2957
2955

0

0
2956
2960
2962
2953
0
0
2955
2955
294
6

492
0
2373
2951
2955
2960
2225
0
99
2
9
60
2954
2544
0
321
2951
2953
2955
2955
0


0
2949
2953
2954
0
0
2944
2957
2953
295
1

850
0
1793
2958
2960
1586
0
1453
2954
2
9
53
2955
2851
0
0
2957
2954
2947
0
0
29
5
5
2955
2958
2961
0
0
2943
2954
2939
784

0

2711
2953
2951
2948
2364
0
213
2951
29
4
7
2688
0
577
2959
2951
2959
2949
0
0
29
5
7
2959
2947
0
0
2957
2955
2954
2950
2953


1156
0
2110
2956
2958
2956
2641
0
0
295
8

2958
2866
0
115
2954
2955
2955
2955
0
0


2947
2960
2953
0
0
2949
2955
2951
2954


1584
0
871
2955
2959
2124
0
747
2960
2956


2958
2950
0
0
2957
2947
2951
0
0
2958


2954
2960
2955
239
0
2453
2960
2959
1264

0

1700
2955
2951
2959
2718
0
0
2941
2949


2947
0
0
2959
2943
2955
2960
0
0
2954
2
9
60
2960
291
0
2697
2957
2960
2960
2016

0

261
2958
2959
2522
0
336
2951
2954
2953


2954
0
0
2958
2958
2967
0
0
2960
2951

2
953
2951
908
0
1873
2951
2958
1594
0
144
5

2955
2958
2957
2866
0
0
2947
2958
2960


0
0
2959
2955
2958
2957
0
0
2955
2955
2
9
60
723
0
2559
2958
2957
2958
2405
0
211


2955
2950
2647
0
558
2953
2954
2953
2951


2947
0
0
2954
2954
2954
2954
41
0
2942

2
960
2951
1074
0
2096
2956
2960
2953
2608


0
0
2959
2953
2832
0
80
2958
2943
2955

2
959
0
0
2948
2957
2959
0
0
2951
2954
29
5
5
2958
1522
0
909
2955
2951
1935
0
1077


2928
2955
2955
2923
0
0
2952
2960
2953
0


0
2959
2947
2959
2959
0
0
2957
2955
295
1

723
0
2241
2954
2959
2960
2381
0
0
2953


2958
2663
0
229
2958
2954
2958
2951
0
0


2947
2957
2960
0
0
2945
2957
2955
2959


688
0
1667
2959
2960
1379
0
1376
2960
2
9
60
2955
2775
0
0
2953
2955
2950
0
0
2951


2959
2960
2956
0
0
2959
2960
2957
544
0


2429
2951
2957
2960
2317
0
138
2958
2955


2627
0
449
2953
2960
2953
2960
0
0
2954


2960
2951
0
0
2956
2955
2952
2956
1049

1
557
0
1934
2950
2946
2955
2757
0
0
2955


2957
2946
0
0
2956
2960
2955
2960
0
0
29
5
5
2959
2960
378
0
2693
2951
2954
2948
2
0
89
0
352
2958
2957
2607
0
422
2960
2960

2
954
2958
0
0
2958
2955
2951
0
0
2953
2
9
62
2957
2957
900
0
1895
2951
2951
1596
0


1411
2950
2958
2954
2839
0
0
2947
2955

2
950
0
0
2960
2967
2950
2947
0
0
2958
295
8

2959
569
0
2379
2951
2955
2955
2261
0


71
2967
2943
2559
0
355
2955
2959
2951
29
5
7
0
0
2951
2960
2955
0
0
2958
2960
295
1

2959
797
0
1787
2959
2954
1478
0
1455
2
9
57
2959
2948
2784
0
0
2955
2960
2959
0


0
2955
2947
2957
2957
0
0
2959
2958
2949


577
0
2591
2960
2959
2949
2297
0
276
29
5
9
2960
2679
0
509
2959
2957
2957
2955
294
9

0
0
2948
2951
2954
2954
409
0
2801
29
5
6
2960
1366
0
1858
2935
2949
2960
2673
0


0
2939
2958
2897
0
0
2951
2959
2954
295
6

0
0
2953
2951
2960
0
0
2885
2957
2957


2950
1817
0
710
2947
2954
2149
0
783
295
3

2951
2957
2945
0
0
2960
2955
2950
0
0


2958
2952
2960
2951
245
0
2557
2956
2958


1220
0
1715
2958
2955
2960
2690
0
0
2950


2952
2944
0
0
2951
2939
2957
2954
0
0

2
955
2953
2956
282
0
2559
2951
2960
2961

2
001
0
237
2953
2957
2530
0
330
2958
2956


2959
2951
0
0
2953
2955
2949
0
0
2987

2
960
2954
2956
699
0
1783
2954
2960
1485
0


1355
2960
2955
2955
2800
0
0
2960
2949


2956
0
0
2959
2956
2953
2950
0
0
2958
29
5
0
2958
646
0
2491
2954
2957
2955
2330
2
6
34
0
594
2950
2951
2955
2959
0
0
2957

2
958
2955
0
0
2945
2955
2953
2955
1066
0

2
063
2948
2960
1618
0
1616
2950
2949
2959


2847
0
0
2948
2953
2945
0
0
2955
2944
2
9
54
2951
0
0
2957
2953
2946
636
0
2511
2
9
53
2958
2947
2288
0
183
2942
2958
2587
0


490
2957
2953
2955
2957
0
0
2955
2959
2
9
47
0
0
2947
2967
2955
2960
937
0
1925
29
5
3
2954
1593
0
1595
2953
2953
2960
2821

0

0
2960
2958
2963
0
0
2958
2960
2958
295
1

0
0
2950
2983
2943
484
0
2439
2953
29
5
3
2954
2191
0
112
2935
2953
2544
0
314

2
959
2946
2956
2960
0
0
2958
2960
2949
0

0

2961
2951
2960
2949
808
0
1866
2957
29
5
2
1535
0
1466
2960
2960
2951
2831
0
0
29
5
4
2953
2929
0
0
2958
2961
2958
2955
295
8

0
0
2955
2950
2960
2955
1572
0
1392
295
1

2953
2014
0
1213
2958
2950
2958
2941
0


0
2958
2958
2960
0
0
2949
2978
2951
2949


0
0
2951
2950
2958
717
0
2320
2950
295
7

2960
2352
0
6
2959
2953
2729
0
203
2955


2959
2958
2960
0
0
2957
2960
2958
0
0


2957
2960
2958
2957
1270
0
1285
2960
2958


1916
0
1039
2951
2951
2951
2902
0
0
296
3

2960
2955
0
0
2961
2958
2954
2958
0
0

2
960
2955
2951
592
0
2255
2957
2951
2957


2320
0
0
2953
2960
2678
0
193
2955
2953

2
953
2960
0
0
2955
2958
2958
0
0
2955
2
9
60
2947
2949
1188
0
1231
2956
2960
1814
0


965
2960
2954
2959
2906
0
0
2955
2955

2
955
0
0
2953
2967
2960
2957
0
0
2955
295
3

2955
697
0
2270
2957
2961
2956
2357
26
2
6
0
578
2955
2954
2960
2949
0
0
2955
295
7

2935
0
0
2950
2933
2950
2952
1022
0
2
1
39
2949
2957
1703
0
1694
2959
2954
2958
2
8
53
0
0
2955
2949
2957
0
0
2955
2957
29
5
5
2957
0
0
2951
2931
2959
627
0
2559
294
9

2959
2953
2282
0
218
2953
2960
2609
0


439
2954
2962
2958
2953
0
0
2960
2957
2
9
58
0
0
2960
2960
2955
2954
839
0
1975
29
5
0
2954
1593
0
1513
2958
2959
2954
2823

0

0
2955
2955
2946
0
0
2959
2954
2955
295
2

0
0
2966
2966
2954
448
0
2413
2958
29
5
8
2954
2197
0
111
2954
2980
2528
0
326
2
9
59
2956
2960
2954
0
0
2949
2957
2954
0

0

2951
2954
2954
2954
698
0
1851
2951
295
4

1513
0
1392
2959
2959
2956
2832
0
0
29
5
8
2960
2947
0
0
2949
2950
2960
2954
2983


0
0
2955
2944
2953
2960
946
0
2095
2941


2958
1651
0
1745
2950
2957
2959
2867
0
0


2957
2959
2955
0
0
2950
2957
2949
2953


0
0
2956
2946
2953
676
0
2659
2957
2957

2
954
2352
0
209
2950
2960
2559
0
441
295
1

2959
2958
2959
0
0
2953
2957
2957
0
0

2
954
2976
2955
2951
771
0
1923
2950
2955


1475
0
1535
2960
2958
2960
2797
0
0
2949


2950
2952
0
0
2955
2953
2958
2963
0
0

2
960
2953
2959
496
0
2463
2955
2957
2957
2
1
92
0
123
2945
2960
2521
0
361
2955
2951


2960
2956
0
0
2960
2953
2932
0
0
2957
2
9
60
2949
2953
784
0
1871
2960
2955
1472

0

1501
2956
2955
2958
2761
0
0
2960
2951

2
955
0
0
2960
2955
2957
2960
0
0
2955
29
6
0
2953
356
0
2384
2959
2953
2960
2162
2
5
59
0
474
2949
2960
2956
2955
0
0
2955
29
5
5
2944
0
0
2949
2953
2955
2959
976
0
2
1
59
2959
2955
1755
0
1726
2958
2953
2953
2
8
82
0
0
2955
2953
2943
0
0
2956
2955
29
5
1
2955
0
0
2962
2950
2958
722
0
2723
295
5

2959
2955
2256
0
219
2951
2945
2590
0


489
2951
2960
2955
2958
0
0
2951
2951
294
4

0
0
2954
2954
2959
2955
777
0
2027
29
4
6
2950
1535
0
1523
2955
2957
2957
2802
0
0
2959
2957
2948
0
0
2954
2953
2954
2959
0
0
2952
2965
2963
468
0
2459
2956
2953
2956
2195
0
156
2960
2957
2559
0
398
29
5
5
2958
2960
2954
0
0
2960
2954
2960
0

0

2953
2954
2953
2958
723
0
1901
2960
29
5
