2
955
2953
0
0
2951
2949


2952
0
0
2955
2954
2954
2960
762
0
2951

2
960
2957
1048
0
2800
2960
2960
2955
2767


0
155
2950
2960
2853
0
431
2955
2953
2960


2950
0
0
2948
2951
2959
0
0
2960
2944


2958
2945
2069
0
1205
2955
2960
2080
0
12
9
3
2954
2953
2954
2954
0
0
2955
2947
295
7

0
0
2954
2956
2956
2954
506
0
2940
2960


2957
806
0
2331
2960
2955
2951
2713
0

0

2960
2960
2807
0
182
2960
2949
2955
2959


0
0
2960
2955
2954
0
0
2954
2949
2958


2953
1955
0
884
2953
2960
1934
0
1072
295
4

2960
2958
2953
0
0
2946
2986
2947
0
0


2953
2960
2956
2950
564
0
2947
2957
2949


873
0
2478
2959
2948
2960
2755
0
1
2950


2957
2853
0
336
2956
2953
2955
2960
0

0

2951
2958
2959
60
0
2959
2954
2960
2957


2171
1486
0
1643
2957
2948
2955
2919
0

0

2954
2950
2939
0
0
2950
2951
2957
2951

0

0
2960
2960
2959
157
0
2659
2951
2957


2951
2304
0
259
2960
2954
2275
0
576
2947


2960
2950
2960
0
0
2953
2966
2960
0
0


2956
2947
2960
2955
1040
0
1721
2953
2960


1297
0
1427
2960
2951
2951
2897
0
0
295
7

2958
2795
0
0
2958
2957
2955
2953
0
0

2
954
2946
2957
0
0
2591
2959
2960
2947
2
2
56
0
229
2954
2961
2195
0
476
2957
2957

2
957
2955
0
0
2962
2951
2957
0
0
2957
29
5
0
2960
2955
976
0
1680
2960
2960
997
0
1
6
95
2957
2960
2953
2837
0
0
2954
2957
28
7
2
0
29
2955
2960
2955
2960
0
0
2949
2958


2958
21
0
2925
2946
2922
2957
2269
0
6
1
0
2954
2955
2181
0
1019
2947
2954
2954
29
5
8
2959
0
0
2949
2960
2953
2954
638
0
2
5
50
2957
2953
826
0
2099
2958
2953
2960
27
2
4
0
0
2960
2955
2796
0
151
2955
2959
2
9
55
2955
0
0
2958
2950
2957
0
0
2911
2953


2960
2957
1941
0
685
2960
2959
1872
0

9
35
2959
2957
2960
2954
0
0
2959
2953
29
5
1
0
0
2951
2962
2957
2965
306
0
2511
2960


2959
608
0
1925
2959
2959
2951
2650
0

0

2955
2957
2743
0
0
2958
2955
2955
2953

0

0
2958
2955
2957
0
0
2693
2955
2960
2
9
58
1871
0
451
2954
2960
1776
0
783
2955

2
955
2954
2954
0
0
2960
2959
2950
0
0
2
9
49
2950
2954
2959
386
0
2541
2959
2960
67
6

0
2070
2958
2950
2958
2704
0
0
2960
2
9
53
2806
0
111
2955
2961
2958
2958
0
0
2956
2960
2958
0
0
2931
2954
2960
2957
2095
0
713
2955
2955
2012
2959
2955
0
0
2955
2958
2950
0
0
2960
2959
2957
2960
6
0
2955
2951
2951
526
0
2384
2959
2959
2963
2602
0
0
2946
2980
2703
0
261
2953
2957
2950
2956
0
0
2948
2960
2953
0
0
2942
2953
2951
2954
1789
0
784
2957
2957
1872
0
819
2955
2960
2955
2947
0
0
2956
2959
2958
0
0
2956
2960
2950
2954
352
0
2453
2955
2953
659
0
1962
2960
2955
2949
2676
0

0
2956
2961
2763
0
19
2946
2953
2959
2
9
58
0
0
2960
2958
2963
0
0
2677
2959
2957


2960
1906
0
467
2957
2960
1808
0
759
2
9
62
2950
2950
2953
0
0
2960
2958
2959
0
0


2959
2955
2960
2953
416
0
2423
2947
295
1

707
0
2029
2960
2953
2948
2730
0
0
2953


2954
2835
0
166
2958
2959
2951
2955
0

0

2951
2959
2958
0
0
2948
2955
2957
2938

2
175
0
722
2959
2959
2960
2960
2928
0
0


2944
2943
2933
0
0
2958
2958
2958
2960
0


0
2949
2943
2955
225
0
2445
2957
2951
2
9
43
2420
0
102
2960
2957
2310
0
528
2951

2
953
2943
2955
0
0
2955
2959
2958
0
0
2
9
56
2960
2960
2958
1212
0
1414
2948
2954
1
3
61
0
1280
2960
2945
2958
2924
0
0
2951


2959
2918
0
0
2955
2953
2959
2960
0
0
29
6
5
2955
2955
45
0
2335
2950
2981
2952
23
4
3
0
25
2955
2957
2272
0
419
2960
2959
29
5
7
2959
0
0
2951
2953
2947
0
0
2953
2956


2957
2955
1177
0
1307
2959
2951
1341
0

1
247
2959
2958
2957
2934
0
0
2959
2960
29
2
8
0
0
2957
2944
2960
2952
0
0
2957
2960


2957
237
0
2533
2955
2951
2954
2462
0
1
4
2
2950
2955
2399
0
678
2951
2958
2951
295
8

0
0
2967
2951
2963
2959
2960
934
0
23
2
0
2954
2960
1023
0
2059
2954
2958
2951
28
2
0
0
0
2959
2960
2822
0
151
2955
2957
2
9
60
2954
0
0
2958
2960
2959
0
0
2819
2960


2957
2954
2127
0
432
2960
2957
1941
0

8
67
2959
2955
2960
2955
0
0
2960
2959
29
5
8
0
0
2962
2953
2960
2958
486
0
2298
2960
2958
754
0
1826
2951
2959
2960
2755
0


0
2959
2953
2771
0
43
2955
2955
2951
2955
0
0
2960
2959
2960
0
0
2559
2954
2958


2955
2018
0
303
2950
2959
1873
0
755
2953


2960
2960
2949
0
0
2957
2947
2953
0
0
2957
2961
2953
2955
432
0
2131
2958
2957
643
0
1813
2959
2951
2960
2714
0
0
2953
2955
2771
0
45
2957
2955
2950
2954
0
0
2
9
63
2957
2951
0
0
2786
2960
2958
2955
219
4

0
463
2957
2951
2064
2955
2948
0
0
295
1

2957
2960
0
0
2960
2945
2958
2955
230

0

2955
2960
2960
640
0
2235
2957
2960
2949


2671
0
0
2958
2960
2736
0
299
2949
295
5

2960
2954
0
0
2953
2960
2960
0
0
2913


2958
2956
2957
1843
0
677
2959
2951
1958


0
871
2960
2956
2955
2951
0
0
2958
2958


2951
0
0
2959
2953
2959
2960
528
0
2197


2960
2959
792
0
1799
2959
2960
2953
2753


0
0
2959
2957
2784
0
53
2955
2957
2960

2
960
0
0
2960
2960
2959
0
0
2602
2954
2
9
53
2957
2096
0
240
2949
2955
1838
0
661

2
957
2959
2950
2951
0
0
2955
2950
2955
0


0
2947
2957
2959
2956
451
0
2137
2960
29
5
1
791
0
1798
2960
2945
2952
2791
0
0
2960
2959
2816
0
75
2961
2955
2959
2951
0
0


2959
2960
2958
0
0
2822
2955
2960
2949


2224
2090
0
1136
2959
2959
2951
2949
0
0


2951
2954
2958
0
0
2958
2955
2960
2960
8
3
2
0
2439
2960
2947
921
0
2007
2951
2951


2958
2829
0
0
2951
2957
2847
0
208
2967


2955
2960
2960
0
0
2960
2958
2959
0
0

2
663
2954
2954
2951
2185
0
379
2954
2955
1
9
94
0
877
2958
2960
2951
2949
0
0
2951

2
953
2947
0
0
2958
2949
2959
2953
647
0


2211
2958
2960
816
0
1871
2946
2956
2956

2
741
0
0
2959
2950
2819
0
77
2955
2956

2
955
2954
0
0
2954
2950
2960
0
0
2594
295
1

2951
2955
2066
0
271
2958
2960
1919
0


767
2947
2957
2949
2949
0
0
2958
2960
295
9

0
0
2956
2956
2951
2960
496
0
2095
2955


2960
778
0
1774
2958
2951
2950
2778
0

0

2949
2955
2793
0
23
2951
2951
2959
2960


0
0
2950
2955
2955
83
0
2871
2956
1251


2950
2959
1712
0
1456
2955
2960
2959
295
5

0
0
2959
2959
2960
0
0
2948
2954
2959
2951
109
0
2928
2947
2957
655
0
2253
295
4

2961
2948
2688
0
0
2954
2937
2704
0
199


2960
2935
2958
2945
0
0
2958
2960
2958


0
0
2909
2949
2954
2955
2012
0
487
2960
2957
1912
0
739
2949
2954
2955
2959
0
0


2954
2960
2959
0
0
2958
2955
2959
2958
59
2

0
2005
2955
2955
693
0
1795
2957
2958


2955
2767
0
0
2952
2958
2825
0
94
2960
2
9
54
2955
2955
0
0
2951
2953
2959
0
0
25
8
3
2958
2960
2959
2089
0
195
2960
2961
187
2

0
674
2957
2961
2956
2951
0
0
2950
295
5

2959
0
0
2959
2958
2957
2953
674
0
215
5

2956
2959
785
0
1690
2957
2947
2953
2832
0
0
2955
2957
2843
0
142
2957
2960
2964


2958
2959
0
0
2951
2957
2955
2958
1535


0
1535
2954
2954
1373
0
1670
2960
2960
2957
2932
0
0
2955
2948
2890
0
130
2956
2
9
52
2960
2950
0
0
2960
2960
2955
106
0
25
2
5
2960
2953
2954
2326
0
215
2961
2948
2
2
59
0
750
2958
2955
2960
2958
0
0
2954
29
5
7
2949
0
0
2951
2953
2959
2951
1136
0

1
604
2958
2958
1341
0
1594
2956
2950
2960


2894
0
0
2955
2960
2864
0
0
2950
2957
2
9
49
2954
0
0
2957
2959
2959
50
0
2485
2
9
59
2960
2958
2216
0
126
2937
2951
2137
0


576
2961
2954
2959
2958
0
0
2955
2955
2
9
54
0
0
2958
2959
2945
2955
1040
0
1423
2
9
56
2960
1093
0
1383
2960
2958
2957
2903


0
0
2958
2958
2837
0
0
2956
2955
2960
29
5
4
0
0
2956
2951
2954
2961
2956
1807
0

1
041
2960
2955
1719
0
1563
2949
2959
2957

2
971
0
0
2960
2959
2951
0
6
2954
2958
2
9
60
2956
0
0
2953
2957
2955
559
0
2608
295
1

2949
2952
2596
0
26
2959
2947
2421
0

5
57
2954
2960
2944
2951
0
0
2958
2957
29
5
7
0
0
2958
2961
2960
2950
1475
0
1114
29
5
5
2960
1493
0
1247
2959
2946
2959
2944

0

0
2958
2957
2935
0
0
2953
2956
2958
295
7

0
0
2946
2954
2960
223
0
2228
2955
29
5
5
2956
2505
0
0
2958
2958
2362
0
435
296
0

2951
2950
2954
0
0
2955
2960
2957
0
0


2957
2958
2951
2951
1379
0
1103
2954
2962


1181
0
1457
2951
2957
2951
2896
0
0
29
5
8
2951
2877
0
0
2957
2962
2957
2960
0
0


2954
2960
2955
0
0
2321
2959
2951
2960

2
335
0
16
2958
2955
2128
2961
2949
0
0
2
9
55
2956
2945
0
0
2955
2955
2954
2957
805


0
2434
2958
2959
1159
0
2211
2957
2955
2
9
45
2874
0
0
2960
2948
2871
0
224
2957
29
5
5
2953
2951
0
0
2960
2960
2951
115
0
2
8
45
2954
2954
2955
2297
0
346
2957
2957
20
7
1
0
859
2961
2949
2959
2953
0
0
2951
2
9
49
2957
0
0
2950
2951
2958
2951
754
0
20
7
7
2953
2948
880
0
1882
2954
2943
2954
2
8
07
0
0
2957
2951
2825
0
125
2954
2958
29
5
8
2954
0
0
2957
2953
2960
0
0
2624
295
5

2960
2955
2192
0
235
2954
2958
2011
0
7
9
7
2955
2954
2957
2955
0
0
2960
2955
296
0

0
0
2953
2959
2950
2959
688
0
1942
296
0

2957
766
0
1770
2950
2953
2945
2782
0

0

2960
2955
2787
0
0
2958
2950
2957
2960

0

0
2960
2957
2960
0
0
2514
2959
2959
2
9
60
2954
2113
0
989
2957
2955
2954
2953
0


0
2960
2959
2958
0
0
2960
2955
2959
296
0

1048
0
2330
2959
2957
1183
0
2075
2951

2960
2959
2890
0
0
2951
2957
2864
0
171


2960
2950
2955
2958
0
0
2959
2960
2949
16


0
2711
2949
2957
2959
2224
0
286
2955

2
955
2074
0
866
2959
2951
2949
2957
0
0
2
9
51
2959
2955
0
0
2960
2959
2953
2957
72
2

0
1993
2954
2958
886
0
1779
2947
2954
2
9
54
2823
0
0
2956
2960
2805
0
55
2958
2
9
56
2960
2954
0
0
2960
2963
2957
0
0
25
4
4
2961
2959
2950
2194
0
165
2959
2959
196
1

0
770
2960
2956
2959
2953
0
0
2956
29
5
1
2961
0
0
2958
2960
2960
2951
576
0
185
5

2959
2951
784
0
1595
2953
2959
2959
27
8
0
0
0
2958
2958
2773
0
0
2957
2957
2959


2960
2959
0
0
2959
2957
2963
2954
1883

0

939
2949
2954
1712
0
1482
2951
2960
2958


2959
0
0
2953
2953
2949
0
47
2955
2958


2953
2959
64
0
2954
2949
2955
635
0
2559


2954
2945
2957
2622
0
0
2953
2960
2502


0
730
2954
2959
2957
2951
0
0
2959
2952

2
960
0
0
2947
2956
2958
2957
1604
0
1143


2960
2950
1613
0
1362
2955
2956
2939
2947


0
0
2960
2951
2935
0
0
2960
2958
2953

2
954
0
0
2949
2955
2949
324
0
2274
2954
2
9
59
2957
2484
0
0
2954
2958
2398
0
503

2
946
2955
2959
2959
0
0
2992
2951
2960
0

0

2958
2955
2958
2949
1392
0
1121
2957
2
9
54
1246
0
1515
2959
2957
2955
2923
0
0
2
9
60
2957
2883
0
0
2955
2959
2956
2954
0


0
2953
2957
2955
32
0
2271
2960
2951
2960


2953
1220
0
1585
2953
2954
2959
2910
0


0
2960
2960
2911
0
67
2957
2939
2960
2960


0
0
2959
2957
2951
384
0
2718
2957
295
9

2953
2533
0
195
2958
2954
2347
0
959
2
9
54
2949
2938
2955
0
0
2954
2955
2954
0
0


2944
2953
2959
2960
976
0
2202
2955
295
8

1058
0
2064
2960
2951
2954
2834
0
0
295
4

2960
2832
0
98
2959
2958
2960
2960
0

0

2956
2945
2953
0
0
2553
2958
2959
2949

2
250
0
199
2960
2953
1986
0
791
2955
295
7

2958
2960
0
0
2951
2960
2954
0
0
2951

2
956
2949
2950
676
0
1988
2951
2954
801

0

1737
2955
2960
2950
2779
0
0
2956
2957


2775
0
33
2957
2960
2960
2951
0
0
2953

2
951
2956
0
0
2429
2960
2955
2953
2179
0


96
2959
2959
1903
0
665
2958
2954
2951

2
953
0
0
2960
2950
2963
2960
2956
108
0
2
8
59
2957
2951
623
0
2211
2960
2957
2949

2
720
0
0
2951
2960
2559
0
528
2955
2951
2
9
55
2959
0
0
2960
2953
2953
0
0
2954
29
5
6
2960
2959
1979
0
1007
2958
2950
1786
0


1573
2956
2955
2975
2958
0
0
2951
2956

2
950
0
35
2959
2955
2959
2957
23
0
2955
2
9
55
2955
511
0
2511
2958
2960
2958
2595
0


0
2958
2958
2422
0
595
2958
2953
2955
2
9
51
0
0
3089
2949
2959
0
0
2953
2955
295
4

2954
1488
0
1118
2953
2951
1283
0
1482

2
955
2953
2959
2919
0
0
2959
2957
2896
0


0
2951
2959
2952
2976
0
0
2958
2955
295
5

132
0
2399
2950
2912
2951
2368
0
31
2
9
51
2969
2149
0
659
2959
2959
2959
2956
0


0
2960
2949
2960
0
0
2960
2950
2956
296
0

1093
629
0
1958
2960
2949
2954
2714
0
0


2946
2960
2754
0
225
2954
2957
2955
2951


0
0
2951
2954
2955
0
0
2883
2957
2953

2
954
2163
0
566
2957
2955
2171
0
991
2957


2955
2960
2955
0
0
2954
2958
2958
0
0
2
9
55
2953
2956
2959
1088
0
2215
2957
2950


1170
0
2096
2957
2957
2960
2879
0
0
2960


2960
2875
0
276
2953
2955
2955
2950
0
0


2949
2955
2955
32
0
2674
2949
2951
2950

2
256
0
257
2949
2955
2058
0
847
2960
295
3

2960
2955
0
0
2958
2957
2954
0
0
2953

2
959
2951
2950
720
0
1987
2949
2959
843

0

1776
2951
2972
2957
2805
0
0
2955
2955


2811
0
67
2954
2958
2947
2951
0
0
2962

2
956
2950
0
0
2558
2958
2955
2954
2224
0


158
2957
2954
1968
0
783
2955
2958
2957

2
955
2829
0
0
2957
2950
2955
2957
0
0
2
9
57
2954
2960
36
0
2447
2960
2960
2954
234
9

0
87
2955
2954
2234
0
762
2960
2960
2
9
59
2944
0
0
2947
2948
2957
0
0
2955
2959


2958
2955
1414
0
1622
2955
2945
1488
0


1762
2958
2958
2953
2941
0
0
2959
2951
29
1
7
0
210
2955
2958
2958
2955
0
0
2947
29
5
7
2957
339
0
2763
2960
2958
2954
2466
0


255
2961
2960
2368
0
838
2949
2950
2960

2
955
0
0
2960
2947
2955
0
0
2948
2960
295
0

2956
1386
0
1471
2950
2970
1371
0
1605


2956
2953
2955
2929
0
0
2958
2960
2884
0


57
2947
2956
2954
2951
0
0
2956
2955
2
9
54
112
0
2445
2957
2957
2953
2359
0
82
2
9
59
2949
2190
0
611
2955
2960
2950
2953

0

0
2955
2959
2953
0
0
2959
2946
2959
294
9

2955
0
0
2429
2953
2957
2954
2128
0
1
7
6
2957
2957
1947
0
748
2950
2928
2956
294
7

0
0
2951
2959
2954
0
0
2951
2957
2955


2956
805
0
1951
2960
2960
912
0
1883
29
5
5
2956
2949
2846
0
0
2958
2957
2848
0
19
5

2951
2960
2954
2953
0
0
2951
2950
2941


226
0
2891
2955
2947
2951
2423
0
395
295
9

2958
2226
0
1200
2957
2960
2956
2951
0


0
2951
2958
2943
0
0
2958
2953
2950
2955


986
0
2079
2951
2955
992
0
1958
2955
2
9
51
2959
2832
0
0
2959
2955
2817
0
101
29
5
9
2954
2959
2957
0
0
2957
2959
2961
0

0

2522
2957
2954
2960
2299
0
164
2944
2960


2175
0
702
2953
2957
2960
2938
0
0
295
0

2965
2954
0
0
2955
2959
2958
2955
1174

0

1407
2949
2951
1022
0
1665
2959
0
2959


2955
2451
0
243
2957
2957
2957
2969
0
0


2953
2960
2954
0
0
2843
2960
2960
2958


1700
0
671
2950
2956
1486
0
1159
2955
295
7

2933
2947
0
0
2961
2959
2955
0
0
2956


2957
2951
2960
242
0
2672
2950
2947
663

0

2099
2958
2955
2959
2759
0
0
2959
2957


2786
0
358
2958
2960
2958
2956
0
0
2949


2960
2954
15
0
2959
2956
2957
2960
2245


0
679
2955
2960
2219
0
1183
2959
2958
295
7

2961
0
0
2957
2954
2951
0
0
2957
2951


2959
2959
969
0
2032
2963
2955
969
0
193
3

2950
2959
2949
2833
0
0
2957
2959
2826


0
87
2953
2958
2958
2957
0
0
2954
2954

2
953
16
0
2608
2958
2951
2958
2263
0
163


2958
2955
2047
0
829
2955
2953
2960
2960


0
0
2955
2960
2953
0
0
2957
2950
2955

2
957
2959
0
0
2335
2958
2962
2955
2304
0

0

2951
2954
2032
0
562
2954
2959
2958
29
5
7
0
0
2957
2958
2954
0
0
2955
2958
2976


2951
1126
0
1335
2951
2961
1242
0
1519
2
9
55
2960
2955
2931
0
0
2954
2959
2895
0

8
0
2953
2960
2955
2955
0
0
2960
2951
2957


294
0
2652
2951
2955
2954
2454
0
206
294
9

2957
2329
0
898
2949
2955
2960
2948
0


0
2951
2954
2955
0
0
2955
2960
2953
2950


1488
0
1622
2953
2960
1498
0
1793
2950

2
958
2954
2949
0
0
2954
2959
2909
0
114
2
9
60
2957
2954
2954
0
0
2955
2954
2959
17
6

0
2559
2947
2961
2956
2372
0
129
2949
2
9
57
2254
0
747
2954
2957
2953
2958
0
0

2
958
2957
2951
0
0
2957
2960
2955
2957
128
7

0
1359
2955
2960
1278
2959
2658
0
0
2
9
56
2960
2448
0
282
2955
2951
2959
2960

0

0
2955
2954
2959
0
0
2815
2958
2957
295
4

1535
0
622
2953
2959
1375
0
997
2960

2
958
2957
2938
0
0
2959
2948
2948
0
0
295
5

2955
2947
2961
31
0
2483
2954
2947
496


0
2007
2948
2955
2956
2725
0
0
2957
2957


2719
0
262
2955
2949
2955
2957
0
0
296
0

2951
2959
0
0
2913
2960
2958
2963
2192

0

558
2959
2959
2193
0
1069
2949
2974
295
9

2958
0
0
2951
2959
2946
0
0
2954
2957


2955
2958
1043
0
2224
2960
2949
1092
0
2
1
11
2951
2959
2957
2895
0
0
2956
2960
2864


0
198
2955
2956
2955
2955
0
0
2959
295
7

2963
50
0
2698
2959
2960
2959
2317
0
24
0

2959
2960
2081
0
897
2959
2956
2951
29
5
3
0
0
2954
2957
2955
2960
2947
0
0
2955


2955
2959
0
0
2703
2956
2946
2950
2032

0

373
2955
2957
2002
0
781
2959
2991
2950


2955
0
0
2952
2960
2953
0
0
2957
2954

2
960
2947
720
0
1719
2955
2954
795
0
1712


2957
2957
2957
2820
0
0
2960
2955
2791

0

76
2958
2955
2960
2963
0
0
2957
2950
2
9
60
0
0
2607
2956
2944
2955
2324
0
191
29
5
5
2959
2100
0
890
2950
2951
2954
2958
0


0
2958
2956
2959
0
0
2954
2950
2953
2960


987
0
2018
2953
2950
1150
0
2112
2960

2
957
2967
2901
0
0
2960
2953
2877
0
270
2
9
57
2955
2955
2947
0
0
2957
2954
2950
24
0

0
2881
2960
2950
2960
2393
0
272
2962
2
9
60
2149
0
951
2955
2955
2949
2957
0
0

2
953
2948
2957
0
0
2951
2950
2947
2958
844


0
1915
2961
2959
939
0
1827
2957
0
2960


2951
2486
0
304
2954
2957
2954
2955
0

0

2959
2955
2959
0
0
2850
2950
2958
2959


1764
0
624
2955
2953
1461
0
1239
2955
29
5
6
2960
2948
0
0
2954
2960
2929
0
0
295
3

2958
2954
2960
0
0
2887
2951
2954
274
0


2134
2954
2955
2958
2551
0
0
2951
2958


2387
0
501
2958
2958
2960
2958
0
0
2955

2
955
2961
0
0
2947
2958
2951
2959
1680
0


1023
2958
2959
1429
0
1642
2954
2960
2957


2946
0
0
2954
2965
2912
0
187
2959
296
0

2960
2967
0
0
2960
2960
2958
459
0
2832


2954
2958
2953
2559
0
191
2958
2960
239
4

0
895
2949
2955
2950
2956
0
0
2958
2955


2959
0
0
2959
2951
2950
2954
1421
0
14
1
3
2960
2960
1440
0
1591
2952
2959
2947
29
4
2
0
0
2953
2953
2870
0
85
2964
2959
29
6
0
2957
2953
0
0
2960
2956
2947
2957
1390


0
1057
2951
2956
1269
0
1381
2958
2953

2
960
2928
0
0
2959
2960
2866
0
0
2955
295
9

2953
2945
0
0
2944
2956
2953
6
0
2339


2955
2960
2958
2303
0
0
2960
2955
2132
0


527
2960
2957
2948
2957
0
0
2960
2958

2
957
0
0
2950
2957
2950
2954
1282
0
1210

2
960
2960
1270
0
1449
2959
2960
2957
2928


0
0
2960
2958
2884
0
81
2957
2948
2951

2
958
0
0
2989
2960
2957
256
0
2613
2953

2
959
2954
2502
0
147
2956
2954
2373
0
899


2960
2950
2957
2947
0
0
2953
2938
2960

0

0
2953
2960
2955
2960
1575
0
1429
2959

2
955
1521
0
1683
2960
2957
2955
2945
0
0


2960
2958
2898
0
113
2955
2955
2949
2960


0
0
2958
2958
2959
238
2947
1488
0
1195


2953
2961
1358
0
1535
2955
2955
2956
2937


0
0
2955
2958
2865
0
14
2960
2951
2960


2958
0
0
2950
2954
2957
67
0
2342
2955

3
120
2955
2369
0
0
2960
2960
2078
0
598


2958
2960
2960
2947
0
0
2951
2954
2958
0


0
2947
2947
2953
2985
1001
0
1199
2959

2
960
831
0
1458
2960
2955
2953
2859
0
0


2956
2949
2790
0
39
2949
2957
2955
2953
0


0
2959
2960
2974
0
0
2608
2954
2960
29
5
8
2338
0
223
2955
2960
2118
0
995
2957
2
9
59
2969
2943
0
0
2960
2955
2950
0
0
29
6
3
2960
2955
2960
1145
0
2192
2950
2952
13
0
1
0
2215
2954
2954
2957
2937
0
0
2957
2
9
56
2886
0
294
2954
2957
2960
2958
0
0
2
9
58
2956
2960
272
0
2908
2960
2957
2950
2
3
65
0
298
2959
2954
2949
2959
2928
0
0
29
4
9
2971
2897
0
10
2958
2957
2950
2958
0


0
2950
2951
2957
109
0
2347
2958
2957
294
5

2382
0
0
2959
2959
2112
0
608
2957
29
6
0
2949
2957
0
0
2958
2949
2955
0
0
295
5

2950
2969
2960
1045
0
1243
2960
2956
871


0
1482
2947
2958
2959
2849
0
0
2951
29
5
5
2722
0
0
2959
2960
2958
2951
0
0
2957


2950
2956
0
0
2434
2959
2949
2954
2145
0


129
2953
2955
1929
0
771
2959
2962
2957


2945
0
0
2957
2949
2955
0
0
2957
2958
2
9
60
2958
810
0
1977
2955
2959
992
0
1938

2
955
2955
2957
2877
0
0
2957
2952
2858
0


179
2960
2958
2960
2953
0
0
2960
2949
29
5
4
206
0
2862
2957
2955
2956
2398
0
302


2960
2956
2129
0
1008
2954
2949
2956
2959


0
0
2957
2954
2953
0
0
2960
2960
2957
2
9
54
2960
0
0
2931
2954
2959
2957
1720
0


767
2951
2958
1462
0
1251
2957
2953
2947

2
945
0
0
2959
2955
2923
0
0
2957
2958
2
9
51
2958
0
0
2950
2954
2960
150
0
2165
29
6
0
2953
2952
2448
0
0
2951
2960
2278
0

4
02
2958
2951
2959
2950
0
0
2951
2953
29
5
9
0
0
2949
2959
2955
2959
1337
0
961
295
5

2949
1034
0
1377
2955
2953
2947
2882
0


0
2953
2949
2864
0
0
2955
2960
2959
2960


0
0
2957
2958
2961
80
0
2454
2960
2947


2960
2404
0
63
2957
2954
2384
0
604
2957


2957
2958
2958
0
0
2959
2960
2960
0
0


2956
2957
2956
2960
1639
0
1311
2954
2951


1731
0
1593
2947
2957
2955
2957
0
0
2955


2950
2947
0
0
2958
2954
2959
2951
352
0


2952
2960
2951
803
0
2480
2958
2954
2953


2954
2407
0
454
2954
2956
2960
2951
0
0


2956
2960
2956
0
0
2954
2959
2954
2960
1
5
18
0
982
2955
2955
1483
0
1203
2954
295
8

2947
2943
0
0
2953
2955
2950
0
0
2955


2953
2960
2958
38
0
2711
2952
2953
464
0


2002
2957
2950
2959
2650
0
0
2960
2958


2667
0
122
2957
2949
2959
2954
0
0
2947

2
958
2960
0
0
2684
2957
2957
2954
1833
0


400
2960
2954
1862
0
699
2955
2951
2959

2
955
0
0
2957
2957
2955
0
0
2960
2954
2
9
59
2957
541
0
2129
2955
2955
773
0
1905

2
957
2951
2971
2815
0
0
2950
2960
2819
0


144
2959
2949
2957
2962
0
0
2955
2960
29
5
3
2
0
2865
2954
2951
2960
2281
0
479
29
5
3
2953
2160
0
1119
2953
2958
2955
2935
0


0
2958
2957
2954
0
0
2949
2949
2948
295
3

832
545
0
2054
2960
2954
2954
2631
0
0


2959
2951
2662
0
127
2950
2949
2955
2953


0
0
2959
2956
2960
0
0
2761
2955
2960
2
9
60
1868
0
531
2957
2933
1916
0
765
2960


2960
2953
2959
0
0
2953
2955
2958
0
0
2
9
59
2957
2957
2957
529
0
2065
2957
2954

6
56
0
1811
2960
2960
2953
2735
0
0
2960
2
9
53
2768
0
22
2961
2957
2958
2951
0
0
2
9
54
2954
2955
0
0
2559
2960
2954
2956
2046


0
320
2959
2955
1895
0
789
2959
2957
2
9
60
2971
0
0
2960
2955
2951
0
0
2954
2960


2954
2950
624
0
2215
2955
2958
759
0
1
9
57
2948
2956
2960
2783
0
0
2951
2948
28
3
2
0
182
2955
2955
2955
2960
0
0
2957
295
9

2957
0
0
2918
2951
2959
2949
2313
0
5
5
3
2954
2960
2172
0
1197
2957
2957
2957
29
5
9
0
0
2957
2955
2960
2951
2954
0
0
295
5

2953
2959
0
0
2894
2960
2956
2957
1875

0

589
2960
2938
1942
0
791
2953
2955
2956


2947
0
0
2962
2954
2954
0
0
2953
2958
2
9
49
2953
449
0
2131
2958
2954
598
0
1827


2957
2958
2957
2714
0
0
2954
2959
2768
0


18
2956
2971
2951
2960
0
0
2960
2958
2
9
46
0
0
2687
2959
2957
2954
2069
0
290

2
957
2950
1862
0
787
2957
2955
2954
2949
0


0
2955
2960
2957
0
0
2959
2960
2956
29
5
7
389
0
2122
2928
2957
581
0
1846
2960
2
9
50
2954
2704
0
0
2960
2957
2757
0
75
2
9
57
2951
2957
2960
0
0
2958
2955
2957
0
0


2865
2959
2946
2960
2096
0
561
2956
295
5

2072
0
977
2959
2958
2945
2957
0
0
2953


2960
2960
0
0
2954
2960
2958
2957
832
0


2551
2951
2953
1014
0
2267
2951
2959
295
7

2949
2527
0
401
2959
2950
2958
2960
0
0


2953
2951
2954
0
0
2952
2956
2947
2961


1626
0
950
2960
2959
1691
0
963
2951
2959


2957
2959
0
0
2958
2954
2957
0
0
2951


2960
2959
2960
260
0
2369
2960
2951
598
0


1835
2954
2960
2955
2688
0
0
2960
2957
2751
0
32
2954
2953
2954
2949
0
0
2954
2
9
57
2953
0
0
2713
2959
2958
2957
1962
0


400
2960
2946
1840
0
669
2948
2951
2943
2
9
48
0
0
2956
2956
2960
0
0
2950
2960
29
5
4
2951
258
0
2192
2955
2960
567
0
1801
2
9
54
2947
2958
2688
0
0
2960
2954
2768
0


48
2954
2959
2951
2960
0
0
2960
2957
2955


0
0
2805
2959
2955
2956
2138
0
470
292
7

2953
2051
0
1021
2959
2954
2960
2953
0

0

2960
2958
2950
0
0
2955
2955
2955
2958


848
0
2634
2951
2957
2953
2949
2731
0
0


2951
2960
2766
0
176
2959
2960
2957
2958


0
0
2960
2949
2943
0
0
2823
2959
2960
2
9
55
1986
0
489
2954
2949
1964
0
810
2947


2957
2962
2957
0
0
2954
2954
2951
0
0
2
9
53
2957
2957
2950
434
0
2365
2955
2946

7
01
0
1902
2960
2958
2949
2705
0
0
2960
2
9
53
2767
0
16
2957
2951
2957
2960
0
0
2
9
54
2953
2950
0
0
2675
2960
2955
2960
2007


0
320
2958
2961
1858
0
720
2954
2945
2
9
80
2956
0
0
2956
2950
2966
0
0
2955
29
5
6
2955
2957
374
0
2187
2958
2955
653
0
1
8
83
2959
2959
2953
2711
0
0
2958
2956
27
7
5
0
17
2955
2961
2960
2951
0
0
2955
2954


2955
4
0
2928
2960
2957
2960
2211
0
54
9

2959
2954
2070
0
1072
2954
2960
2946
293
9

0
0
2953
2948
2955
0
0
2960
2951
2960


2951
2959
189
0
2555
2959
2956
2958
2426


0
129
2959
2959
2373
0
483
2957
2960
295
7

2959
0
0
2954
2960
2960
0
0
2953
2953


2954
2959
1281
0
1293
2951
2955
1367
0
1
2
19
2958
2960
2956
2935
0
0
2960
2957
2956


0
0
2955
2957
2957
2971
0
0
2928
2955


2946
411
0
2123
2960
2955
2960
2583
0
0

2
958
2957
2663
0
127
2959
2961
2954
2956


0
0
2958
2947
2956
0
0
2771
2951
2955
29
5
1
1710
0
563
2950
2954
1824
0
682
2960


2953
2957
2959
0
0
2951
2959
2948
0
0
29
5
7
2960
2951
2953
364
0
2283
2957
2958
6
1
7
0
1799
2951
2971
2959
2731
0
0
2954
29
5
4
2835
0
131
2950
2960
2955
2973
0
0
2
9
60
2960
2955
11
0
2933
2958
2957
2959
225
0

0
639
2957
2953
2096
2955
2534
0
93
2
9
58
2960
2398
0
570
2957
2954
2959
2955
0


0
2955
2947
2962
0
0
2953
2960
2955
2958


1376
0
1345
2950
2960
1461
0
1329
2960


2955
2951
2937
0
0
2957
2960
2950
0
0
29
5
9
2957
2948
2940
0
0
2930
2957
2953
435


0
2160
2954
2960
2952
2603
0
0
2957
2959


2670
0
190
2960
2957
2953
2960
0
0
295
0

2958
2955
0
0
2869
2960
2955
2958
1808

0

617
2959
2957
1915
0
789
2956
2963
295
3

2949
0
0
2960
2949
2949
0
0
2959
2958

2
957
2960
374
0
2167
2958
2958
496
0
175
0

2955
2958
2950
2655
0
0
2953
2956
2774


0
7
2960
2960
2958
2962
0
0
2961
2960
2
9
50
0
0
2785
2958
2960
2951
2214
0
462
2
9
47
2956
2061
0
1023
2955
2959
2959
2955


0
0
2955
2955
2947
0
0
2958
2957
2948
29
6
0
2953
2
0
2941
2946
2959
2955
2153
0
4
7
9
2958
2953
1964
0
895
2958
2949
2951
29
5
1
0
0
2951
2957
2960
0
0
2955
2959
2960


2959
541
0
2310
2953
2961
792
0
1895
29
5
0
2956
2955
2767
0
0
2959
2960
2800
0
3
1

2957
2957
2961
2956
0
0
2958
2949
2957

0

0
2710
2956
2960
2951
2064
0
336
2958


2960
1926
0
782
2946
2958
2957
2949
0
0

2
955
2958
2950
0
0
2951
2959
2946
2960
4
4
4
0
2179
2954
2958
659
0
1711
2956
2959

2
960
2695
0
0
2951
2959
2748
0
0
2953

2
960
2959
2958
0
0
2959
2950
2960
0
0
258
7

2958
2954
2950
2031
0
366
2957
2951
18
9
4
0
815
2957
2957
2954
2954
0
0
2958
295
6

2957
0
0
2960
2956
2960
2959
714
0
243
9

2960
2961
923
0
2096
2960
2947
2957
280
9

0
0
2960
2949
2867
0
221
2954
2954
296
0

2953
2956
0
0
2947
2957
2951
2950
1327


0
1535
2955
2955
1284
0
1648
2955
2955
2
9
59
2908
0
0
2944
2958
2875
0
11
2953
295
4

2960
2956
0
0
2960
2971
2960
0
0
2598


2957
2849
2958
2220
0
238
2956
2951
2160


0
642
2955
2960
2955
2950
0
0
2960
2949


2951
0
0
2955
2960
2960
2955
1002
0
1670


2954
2954
1129
0
1567
2953
2955
2949
28
6
7
0
0
2954
2962
2871
0
0
2951
2955
2960


2950
0
0
2957
2958
2950
0
0
2398
2954

2
961
2958
2176
0
67
2957
2960
2039
0
570

2
958
2958
2954
2960
0
0
2960
2958
2959
0


0
2953
2957
2955
2958
1014
0
1673
2958
2
9
54
1188
0
1575
2960
2954
2957
2902
0
0


2958
2957
2899
0
16
2960
2957
2958
2957
0


0
2960
2955
2955
195
0
2761
2959
1662

2
959
2958
1337
0
1741
2954
2961
2960
2925


0
0
2959
2957
2882
0
48
2953
2957
2960

2
955
0
0
2957
2954
2954
0
0
2646
2960
2
9
23
2955
2252
0
240
2955
2957
2147
0
625

2
948
2960
2953
2953
0
0
2958
2963
2946
0


0
2953
2955
2960
2957
997
0
1607
2959
295
5

1094
0
1449
2959
2959
2955
2877
0
0
2
9
56
2945
2832
0
0
2954
2957
2959
2959
0
0


2951
2948
2954
0
0
2510
2947
2959
2959


2201
0
181
2949
2960
2121
0
591
2959
2955


2957
2951
0
0
2953
2955
2956
0
0
2960


2956
2954
2963
926
0
1445
2960
2958
1067

0

1394
2951
2960
2955
2891
0
0
2941
2955


2849
0
0
2954
2953
2953
2959
0
0
2954
2
9
38
2958
0
0
2699
2960
2870
2961
2322
0


315
2958
2953
2246
0
816
2950
2959
2959


2951
2960
0
0
2955
2960
2953
2963
1008
0

2
271
2958
2951
1117
0
2255
2946
2957
2954


2832
0
0
2954
2960
2857
0
193
2956
2957


2951
2957
0
0
2957
2960
2959
4
0
2842

2
959
2933
2955
2206
0
390
2951
2953
1997
0


887
2954
2959
2954
2951
0
0
2956
2955

2
953
0
0
2954
2950
2954
2953
596
0
2134
2
9
59
2954
752
0
1862
2960
2959
2953
2767

0

0
2955
2955
2805
0
41
2957
2953
2953
29
6
0
0
0
2945
2957
2955
0
0
2608
2954
296
0

2960
2129
0
234
2947
2954
1888
0
746
29
5
3
2962
2951
2959
0
0
2950
2953
2954
0

0

2959
2951
2956
2960
498
0
1995
2954
295
8

640
0
1771
2954
2956
2953
2741
0
0
2960


2945
2800
0
48
2948
2949
2955
2951
0
0


2960
2960
2957
0
0
2794
2950
2943
2961
2
2
39
0
397
2946
2958
2955
2949
2945
0
0

2
960
2954
2955
0
0
2950
2950
2954
2956
0


0
2960
2951
2951
422
0
2487
2955
2959
29
5
5
2538
0
0
2955
2951
2426
0
561
2951
2
9
58
2955
2955
0
0
2957
2960
2960
0
0
2960


2953
2951
2957
1419
0
1171
2960
2955
14
7
8
0
1249
2956
2957
2955
2941
0
0
2958
29
6
0
2933
0
0
2959
2960
2957
2960
0
0
295
9

2953
2956
236
0
2331
2957
2959
2963
2453


0
0
2955
2953
2331
0
432
2959
2960
2956


2957
0
0
2954
2954
2960
0
0
2950
2957

2
951
2957
1232
0
1147
2960
2949
1072
0
133
7

2956
2957
2959
2859
0
0
2944
2960
2816


0
0
2957
2955
2958
2958
0
0
2954
2962


2959
0
0
2445
2955
2915
2959
2283
0
147

2
956
2958
2213
0
645
2957
2959
2955
2955


0
0
2958
2959
2951
0
0
2955
2953
2953
29
5
7
2956
149
0
2943
2959
2946
2954
2305
0


511
2959
2960
2149
0
1041
2959
2960
2961


2956
0
0
2960
2960
2959
0
0
2950
2955
2960
2958
794
0
2241
2960
2947
940
0
1974


2953
2960
2950
2822
0
0
2957
2956
2835

0

129
2957
2954
2947
2928
0
0
2951
2961
2
9
49
0
0
2727
2960
2955
2947
2206
0
336
2953
2954
2006
0
880
2957
2960
2960
2957
0


0
2947
2958
2949
0
0
2958
2954
2953
295
3

608
0
2064
2957
2954
861
0
1787
2957
29
5
8
2957
2815
0
0
2954
2955
2809
0
0
295
3

2949
2960
2950
0
0
2953
2950
2957
0
0

2
543
2955
2955
2955
2106
0
205
2948
2951


1906
0
727
2959
2950
2954
2959
0
0
2951

2
954
2955
0
0
2959
2954
2956
2960
656
0


2067
2954
2954
874
0
1887
2954
2959
2960

2
835
2140
0
1119
2959
2960
2958
2957
0
0


2960
2954
2951
0
0
2957
2956
2954
2958
9
0
2
0
2199
2955
2954
1035
0
2132
2959
295
0

2955
2832
0
0
2955
2956
2842
0
89
295
4

2955
2957
2960
0
0
2958
2957
2960
0
0

2
640
2950
2951
2974
2217
0
253
2957
2951


2006
0
816
2951
2954
2958
2956
0
0
2955

2
957
2950
0
0
2953
2958
2957
2953
714
0


1999
2955
2959
779
0
1810
2954
2957
2960

2
789
0
0
2954
2959
2806
0
16
2957
2955

2
954
2955
0
0
2987
2951
2953
0
0
2519
296
0

2959
2944
2185
0
149
2957
2953
1961
0


750
2956
2949
2959
2951
0
0
2959
2959
296
0

0
0
2960
2946
2954
2950
600
0
1947
295
5

2953
733
0
1838
2955
2958
2960
2762
0
0


2955
2954
2797
0
34
2956
2956
2961
2943


0
0
2960
2958
2950
0
0
2737
2958
1573


2988
2960
1532
0
1874
2953
2957
2963
2928


0
0
2960
2960
2919
0
91
2959
2957
2953
2960
0
0
2960
2955
2960
301
0
2711
2960
2946
2947
2393
0
188
2955
2955
2302
0
735
2955
2959
2954
2960
0
0
2957
2950
2960

0

0
2961
2954
2960
2953
1232
0
1482
2951


2963
1259
0
1503
2951
2959
2960
2911
0
0


2955
2959
2901
0
0
2951
2958
2957
2954

0

0
2957
2957
2958
77
0
2354
2959
2954
29
5
8
2397
0
0
2953
2960
2349
0
455
2957
2
9
83
2959
2956
0
0
2949
2959
2960
0
0
296
0

2958
2951
2959
1398
0
1063
2954
2960
114
7

0
1394
2957
2954
2958
2926
0
0
2957
2
9
55
2842
0
0
2947
2957
2953
2957
0
0
2956


2955
2951
0
0
2382
2950
2954
2955
2330


0
51
2947
2954
2149
0
699
2956
2950
2960
2951
2957
0
0
2960
2960
2969
2958
650
0


2755
2956
2954
1066
0
2320
2958
2954
2957
2853
0
0
2956
2960
2831
0
262
2959
295
5

2956
2954
0
0
2955
2957
2944
0
0
2833

2
960
2960
2957
2197
0
418
2948
2949
2099


0
847
2959
2951
2961
2955
0
0
2954
2959

2
951
0
0
2953
2953
2959
2947
802
0
1935


2955
2960
897
0
1879
2954
2957
2959
2818

0

0
2955
2956
2827
0
94
2951
2960
2951

2
959
0
0
2963
2953
2960
0
0
2654
2966
296
3

2958
2176
0
224
2955
2958
2001
0
741

2
954
2960
2959
2959
0
0
2956
2955
2960
0

0

2954
2953
2957
2950
640
0
1877
2955
29
5
8
794
0
1611
2955
2957
2951
2794
0
0
295
5

2951
2813
0
0
2959
2947
2960
2951
0
0


2954
2946
2960
0
0
2491
2955
2955
2954
2
2
32
0
153
2953
2951
2953
2953
2944
0
0

2
958
2953
2955
0
57
2955
2949
2956
2954
13
9

0
2955
2957
2944
587
0
2507
2954
2954


2949
2668
0
0
2954
2960
2537
0
720
2958


2960
2945
2960
0
0
2962
2960
2957
0
0
2954
2955
2957
2956
1600
0
1111
2950
2959

1356
0
1584
2958
2951
2957
2928
0
0
2956


2955
2897
0
30
2954
2959
2953
2955
0
0

2
957
2955
2951
99
0
2373
2949
2954
2951
23
8
2
0
5
2960
2958
2163
0
619
2945
2958
2
9
60
2953
0
0
2958
2949
2957
0
0
2959
2959


2961
2959
1229
0
1323
2948
2953
1255
0


1433
2951
2959
2960
2923
0
0
2953
2959
28
7
7
0
0
2960
2949
2960
2956
0
0
2956
295
8

2957
0
0
2295
2960
2960
2957
2307
0
0

2
956
2955
2205
0
567
2955
2957
2959
2949


0
0
2959
2957
2954
0
0
2947
2955
2947
29
4
9
2958
998
0
2195
2957
2950
2958
2855
0


0
2958
2955
2851
0
314
2959
2952
2956
29
3
4
0
0
2954
2957
2959
16
0
2887
2955
29
5
8
2953
2227
0
531
2960
2960
2175
0
886
2
9
60
2954
2947
2954
0
0
2950
2947
2951
0


0
2950
2954
2959
2955
880
0
1831
2957
296
0

887
0
1787
2955
2959
2959
2837
0
0
29
5
5
2955
2817
0
59
2954
2951
2957
2951
0
0


2960
2958
2960
0
0
2555
2951
2953
2954


2271
0
143
2958
2960
2022
0
775
2951
29
5
1
2951
2957
0
0
2951
2957
2952
0
0
2958


2955
2953
2961
827
0
1815
2955
2953
888


0
1783
2953
2956
2960
2821
0
0
2959
2958

2
822
0
3
2961
2960
2950
2958
0
0
2960
2
9
53
2951
0
0
2373
2951
2959
2950
2241
0
6
1

2949
2955
1993
0
715
2960
2954
2961
29
5
0
0
0
2957
2957
2947
2955
2955
0
0
2960


2958
2955
110
0
2958
2951
2955
2951
2295


0
586
2949
2951
2287
0
1072
2954
2950
29
5
0
2954
0
0
2954
2958
2955
0
0
2959
295
1

2951
2955
1130
0
2062
2957
2955
1221
0

1
965
2946
2957
2953
2896
0
0
2949
2961
2
8
63
0
114
2948
2960
2953
2958
0
0
2954

2
949
2957
49
0
2640
2948
2953
2963
2288
0


165
2954
2957
2077
0
811
2954
2955
2957


2951
0
0
2957
2957
2955
0
0
2957
2959
2
9
56
2959
939
0
1767
2955
2952
976
0
1839
2
9
59
2951
2959
2854
0
0
2949
2954
2836
0


45
2957
2950
2955
2957
0
0
2955
2960
2953


0
0
2383
2957
2950
2947
2200
0
14
2967


2955
1936
0
561
2959
2959
2941
2953
0
0


2958
2960
2952
0
0
2955
2958
2943
2953

7
72
0
1727
2960
2959
2959
2950
2342
0
274


2960
2958
2198
0
945
2958
2959
2959
2958


0
0
2950
2953
2958
0
0
2950
2955
2958
2
9
60
1115
0
2021
2959
2959
1201
0
1986
29
5
8
2955
2955
2902
0
0
2957
2957
2896
0
20
5

2960
2957
2959
2959
0
0
2950
2955
2955


231
0
2755
2957
2957
2948
2397
0
245
29
5
7
2958
2149
0
902
2955
2951
2951
2960
0


0
2960
2960
2955
0
0
2957
2960
2951
2951


944
0
1789
2955
2955
937
0
1799
2955
29
5
6
2951
2854
0
0
2958
2958
2830
0
18
2947


2953
2954
2955
0
0
2951
2951
2957
0
0


2462
2950
2954
2955
2287
0
42
2959
2951
2
0
26
0
688
2949
2954
2941
2954
0
0
2950

2
957
2953
0
0
2959
2955
2958
2955
766
0
1
6
53
2950
2951
773
0
1601
2954
2955
2953

2
790
0
0
2961
2959
2957
2953
2957
0
0
296
0

2958
2954
0
0
2957
2953
2959
2955
1834


0
957
2955
2944
1796
0
1429
2953
2958
29
4
8
2957
0
0
2951
2957
2950
0
0
2960
295
6

2985
2958
633
0
2710
2947
2960
913
0
22
4
5
2957
2953
2954
2825
0
0
2963
2951
280
8

0
308
2957
2951
2960
2951
0
0
2950
29
6
0
2953
0
0
2815
2955
2955
2957
2165
0
37
9

2955
2959
2105
0
848
2957
2960
2949
29
5
6
0
0
2958
2955
2948
0
0
2953
2957
2953


2951
932
0
1765
2953
2959
944
0
1817
29
5
6
2957
2955
2849
0
0
2947
2960
2821
0
57


2960
2954
2955
2957
0
0
2954
2957
2951


0
0
2554
2956
2958
2955
2290
0
114
2962

2
957
2092
0
767
2957
2958
2959
2954
0
0

2
954
2954
2954
0
0
2959
2957
2960
2962
81
1

0
1623
2961
2956
790
0
1635
2951
0
295
1

2960
2608
0
416
2951
2958
2959
2950
0
0


2956
2957
2957
0
0
2958
2956
2957
2951


2032
0
731
2958
2954
1811
0
1535
2955
295
4

2959
2957
0
0
2957
2957
2959
0
0
2957


2959
2958
2951
620
0
2594
2960
2957
864

0

2167
2959
2954
2959
2853
0
0
2954
2959


2799
0
272
2958
2950
2960
2957
0
0
2955


2949
2951
0
0
2838
2955
2959
2953
2193

0

368
2959
2957
2122
0
835
2960
2958
2959


2951
0
0
2955
2960
2955
0
0
2958
2955

2
955
2943
947
0
1643
2955
2957
933
0
1749


2947
2955
2947
2835
0
0
2963
2955
2816
0


47
2959
2957
2954
2955
0
0
2951
2957
2
9
55
0
0
2442
2957
2951
2956
2287
0
86
295
8

2956
2044
0
660
2960
2959
2958
2957
0


0
2949
2947
2955
0
0
2948
2954
2957
2951


727
0
1598
2960
2951
2953
2950
2830
0
0


2959
2954
2829
0
175
2958
2954
2960
2947


0
0
2960
2957
2955
114
0
2823
2959
2959


2951
2369
0
333
2953
2949
2260
0
1023
29
5
1
2953
2957
2950
0
0
2976
2957
2954
0

0

2957
2958
2953
2958
1221
0
2061
2950
296
0

1326
0
2163
2959
2959
2957
2918
0
0
2
9
49
2960
2881
0
146
2954
2951
2958
2949
0


0
2959
2958
2953
144
0
2512
2958
2959
29
5
3
2366
0
65
2960
2959
2113
0
793
2959

2
987
2957
2954
0
0
2953
2959
2951
0
0
2
9
53
2960
2960
2957
995
0
1723
2957
2956
97
7

0
1797
2956
2958
2961
2875
0
0
2954
29
5
9
2847
0
76
2954
2953
2955
2955
0
0
295
9

2960
2958
0
0
2448
2958
2958
2954
2317


0
39
2958
2955
2035
0
673
2955
2958
2960


2951
2959
0
0
2960
2951
2954
2957
504
0


2097
2949
2960
853
0
1931
2959
2955
2951


2851
0
0
2953
2962
2816
0
272
2959
2959


2955
2950
0
0
2953
2957
2957
208
0
2906


2959
2955
2954
2441
0
418
2956
2954
2333


0
1038
2957
2953
2958
2960
0
0
2957
293
5

2955
0
0
2950
2955
2960
2950
1138
0
18
4
6
2958
2959
1145
0
1795
2958
2945
2955
2
8
89
0
0
2949
2953
2843
0
48
2955
2949
29
5
3
2950
0
0
2955
2957
2954
48
0
2498
2957


2959
2955
2357
0
82
2956
2954
2109
0
8
1
5
2960
2960
2953
2958
0
0
2951
2967
2946


0
0
2952
2953
2959
2950
977
0
1631
2957


2954
979
0
1741
2956
2957
2949
2855
0
0


2971
2951
2810
0
16
2959
2955
2958
2955


0
0
2955
2956
2961
16
0
2281
2953
812
29
4
7
2959
1296
0
1262
2959
2953
2960
2930

0

0
2957
2947
2887
0
0
2960
2954
2958
295
8

0
0
2956
2953
2955
274
0
2455
2960
29
5
3
2954
2544
0
2
2949
2951
2369
0
791
295
9

2958
2958
2960
0
0
2958
2949
2962
0
0


2961
2955
2960
2954
1709
0
1424
2959
2954


1680
0
1799
2956
2958
2957
2945
0
0
29
6
0
2955
2926
0
190
2945
2960
2960
2958
0

0

2957
2960
2958
405
0
2484
2956
2949
29
5
7
2522
0
0
2950
2960
2338
0
752
2949
295
5

2959
2956
0
0
2959
2951
2955
0
0
2960


2960
2954
2951
1504
0
1151
2958
2958
1436


0
1430
2956
2947
2960
2947
0
0
2954
29
5
1
2901
0
6
2960
2955
2955
2955
0
0
295
9

2954
2959
262
0
2370
2954
2959
2953
2459


0
0
2951
2957
2275
0
562
2950
2953
2957


2960
2953
0
0
2954
2950
2959
2953
538
0


1955
2960
2955
775
0
1763
2955
2958
2949


2830
0
0
2955
2951
2803
0
155
2957
2955


2955
2961
0
0
2959
2960
2950
40
0
2742


2955
2955
2957
2345
0
267
2960
2954
2240

0

917
2953
2953
2958
2954
0
0
2958
2954


2951
0
0
2958
2960
2951
2949
1267
0
1815


2959
2953
1360
0
2023
2954
2957
2954
293
9

0
0
2959
2960
2903
0
279
2951
2957
2949


2959
0
0
2960
2959
2958
191
0
2550
295
8

2954
2947
2416
0
70
2953
2960
2163
0
82
6

2950
2951
2955
2957
0
0
2957
2960
2960


0
0
2959
2958
2951
2961
1037
0
1535
295
0

2957
955
0
1691
2954
2958
2955
2879
0
0


2955
2948
2845
0
41
2959
2954
2957
2959


0
0
2955
2958
2955
39
0
2411
2957
511
2
9
57
2950
1535
0
912
2955
2958
2951
2951

0

0
2960
2958
2960
0
0
2959
2954
2957
295
4

328
0
2125
2948
2960
690
0
1839
2960

2
955
2960
2803
0
0
2958
2957
2783
0
182
2
9
60
2949
2955
2950
0
0
2956
2957
2956
70


0
2813
2960
2954
2961
2378
0
319
2956
29
5
4
2315
0
1013
2955
2960
2951
2953
0
0

2
945
2953
2959
0
0
2951
2960
2957
2960
136
4

0
1850
2951
2950
1312
0
1973
2960
2951


2962
2929
0
0
2955
2959
2898
0
193
2951


2959
2959
2958
0
0
2958
2954
2954
233

0

2496
2958
2957
2969
2441
0
27
2955
2953


2160
0
831
2950
2955
2947
2950
0
0
2936


2963
2953
0
0
2960
2958
2955
2935
1198
0


1605
2953
2929
1264
0
1681
2960
2958
29
5
7
2960
2611
0
226
2951
2960
2955
2953
0

0

2955
2955
2958
0
0
2619
2951
2955
2960


1920
0
282
2947
2956
1840
0
742
2951
295
5

2955
2955
0
0
2950
2957
2960
0
0
2955


2958
2957
2958
813
0
1791
2953
2957
1008

0

1814
2951
2950
2953
2890
0
0
2960
2958


2872
0
171
2960
2954
2960
2956
0
0
2956


2953
2958
267
0
2741
2955
2950
2982
247
8

0
157
2950
2960
2294
0
975
2945
2959
29
5
9
2960
0
0
2957
2955
2957
0
0
2955
2960


2957
2953
1285
0
1651
2949
2959
1180
0

1
911
2958
2953
2958
2917
0
0
2954
2947
28
7
4
0
112
2960
2960
2959
2951
0
0
2961
296
3

2957
224
0
2554
2947
2949
2960
2465
0


19
2957
2958
2151
0
814
2958
2960
2960
29
5
7
0
0
2960
2960
2958
2960
2958
400
0
2
2
21
2958
2960
694
0
1937
2957
2960
2954
27
7
5
0
0
2955
2960
2559
0
283
2959
2958
2
9
58
2958
0
0
2953
2960
2958
0
0
2619
2956


2955
2960
1946
0
307
2960
2960
1574
0

9
35
2957
2949
2959
2953
0
0
2957
2959
2950


0
0
2960
2957
2947
2960
464
0
2125
295
4

2956
783
0
1952
2957
2956
2955
2855
0
0


2960
2960
2819
0
306
2954
2952
2956
296
1

0
0
2951
2951
2953
144
0
2881
2953
2953


2960
2419
0
349
2959
2954
2313
0
1107

2
953
2959
2954
2951
0
0
2951
2960
2956
0

0

2955
2947
2955
2959
1314
0
1684
2954
2
9
81
1327
0
2009
2946
2959
2947
2927
0
0
2
9
58
2956
2886
0
175
2957
2956
2959
2955

0

0
2951
2950
2955
259
0
2517
2959
739
29
5
1
2960
1463
0
1283
2956
2958
2954
2943

0

0
2949
2953
2895
0
0
2955
2949
2957
29
5
0
0
0
2857
2958
2960
311
0
2288
2955
296
0

2950
2544
0
0
2958
2956
2286
0
531
29
6
0
2960
2958
2960
0
0
2958
2959
2953
0
0


2924
2958
2957
2960
1431
0
911
2959
2959


1389
0
1325
2957
2959
2950
2945
0
0
2959


2955
2903
0
0
2957
2957
2949
2962
0
0


2915
2953
2962
404
0
2434
2951
2955
2945

2
636
0
0
2950
2958
2394
0
863
2957
2958


2960
2959
0
0
2960
2960
2955
0
0
2954
29
6
0
2954
2959
1798
0
1274
2960
2957
1472

0

1942
2955
2950
2955
2945
0
0
2953
2954

2
901
0
210
2958
2960
2954
2957
0
0
2959


2960
2947
455
0
2743
2960
2955
2932
2534


0
29
2954
2954
2240
0
969
2956
2960
2951


2957
2947
0
0
2958
2954
2960
2960
764
0


1790
2959
2954
892
0
1714
2957
2955
2958


2881
0
0
2953
2960
2818
0
99
2950
2957


2959
2961
0
0
2961
2959
2961
54
0
2363
2
9
64
2954
2959
2301
0
0
2958
2960
2096
0


626
2958
2958
2958
2960
0
0
2957
2955
295
5

0
0
2960
2954
2953
2957
1017
0
1286
2
9
58
2961
970
0
1514
2950
2949
2947
2896
0


0
2959
2955
2852
0
49
2957
2947
2947
29
5
7
0
0
2953
2957
2956
221
0
2599
2962
295
8

2955
2585
0
1
2956
2951
2273
0
916
294
9

2955
2960
2959
0
0
2955
2952
2960
0
0


2959
2960
2959
2955
1363
0
1668
2955
2949


1381
0
2062
2949
2951
2952
2935
0
0
29
5
9
2960
2895
0
190
2960
2959
2958
2955
0

0

2955
2949
2959
240
0
2474
2955
2953
29
6
0
2960
1633
0
1357
2958
2931
2957
2956

0

0
2955
2960
2953
0
0
2960
2958
2955
295
8

130
0
2481
2955
2954
478
0
1979
2955

2
958
2958
2662
0
0
2962
2950
2414
0
377
2
9
57
2954
2958
2959
0
0
2961
2960
2961
0

0

2848
2958
2957
2959
1744
0
603
2957
296
0

1337
0
1301
2957
2949
2954
2946
0
0
29
5
3
2953
2910
0
0
2959
2955
2958
2959
0
0


2827
2959
2963
304
0
2288
2958
2954
2960


2589
0
0
2957
2957
2295
0
650
2955
2960


2949
2960
0
0
2954
2960
2956
0
0
2950


2959
2959
2956
1278
0
1626
2953
2955
1328


0
1971
2959
2950
2954
2941
0
0
2960
295
5

2918
0
298
2957
2960
2955
2957
13
0
296
0

2954
2953
459
0
2741
2957
2954
2957
255
9

0
47
2955
2957
2281
0
993
2949
2950
29
5
1
2959
2864
0
86
2954
2954
2960
2959
0

0

2960
2954
2955
124
0
2341
2957
2957
2950


2448
0
0
2957
2955
2114
0
753
2951
295
1

2959
2955
0
0
2953
2953
2954
0
0
2957

2
961
2954
2957
1040
0
1319
2951
2951
976


0
1753
2958
2962
2954
2845
0
0
2958
2955


2838
0
25
2959
2957
2951
2953
0
0
2896


2953
2960
18
0
2176
2956
2959
2951
2399
0


0
2957
2960
2060
0
659
2952
2955
2961

2
962
0
0
2957
2957
2957
0
0
2955
2953
295
6

2955
1153
0
1431
2960
2957
1141
0
1702


2950
2960
2957
2931
0
0
2957
2957
2885
0


129
2955
2957
2955
2961
0
0
2957
2957

2
955
435
0
2687
2957
2957
2955
2650
0
59

2
959
2958
2341
0
1111
2959
2959
2960
2957


0
0
2960
2943
2957
0
0
2961
2960
2957
2
9
60
2953
0
0
2876
2953
2954
2960
2139
0


409
2955
2950
1765
0
1264
2947
2957
2959


2954
0
0
2960
2956
2950
0
0
2958
2957
2
9
55
2960
599
0
2055
2961
2960
763
0
1819


2957
2947
2951
2805
0
0
2957
2960
2748
0


176
2960
2958
2960
2962
0
0
2957
2957
2
9
60
0
0
2389
2960
2957
2954
2242
0
48
295
7

2956
2114
0
669
2962
2956
2949
2958
0


0
2954
2977
2952
0
0
2953
2958
2960
2956


1040
0
1335
2955
2960
1005
0
1600
2960

2
951
2959
2895
0
0
2958
2956
2861
0
39
29
5
3
2955
2953
2957
0
0
2957
2954
2955
309


0
2544
2957
2954
2955
2581
0
0
2959
2955


2400
0
802
2951
2957
2958
2960
0
0
295
4

2958
2986
0
0
2957
2955
2953
2960
1840


0
1200
2949
2955
1705
0
1774
2958
0
2955


2958
2650
0
377
2955
2954
2950
2949
0
0


2954
2959
2959
0
0
2807
2960
2960
2959
2
0
94
0
336
2959
2958
1686
0
1162
2955
295
8

2954
2957
0
0
2955
2951
2959
0
0
2959

2
958
2959
2959
592
0
2039
2951
2952
758

0

1813
2960
2955
2958
2804
0
0
2955
2960

2
559
0
274
2951
2958
2960
2955
0
0
2958


2958
2956
0
0
2625
2955
2951
2953
1959
0


289
2957
2958
1561
0
963
2958
2960
2955


2955
0
0
2959
2955
2928
0
0
2954
2957
29
5
4
2934
43
0
2431
2960
2959
475
0
2117
2
9
51
2950
2948
2710
0
0
2957
2956
2480
0


505
2959
2955
2957
2959
0
0
2950
2954
295
4

0
0
2947
2958
2955
2973
1975
0
733
29
6
0
2960
1606
0
1587
2958
2955
2955
2950
0


0
2961
2951
2941
0
192
2959
2953
2955
2
9
53
2958
0
0
2958
2960
2950
2960
1308
0
1
2
62
2959
2949
1234
0
1679
2960
2956
2960


2935
0
0
2957
2953
2869
0
83
2960
2957
2
9
54
2951
0
0
2954
2951
2951
249
0
2449

2
959
2955
2957
2523
0
0
2955
2955
2176
0


799
2960
2950
2954
2950
0
0
2957
2956
29
5
5
0
0
2955
2957
2960
2958
1120
0
1316
2
9
55
2959
1019
0
1526
2955
2948
2955
2901

0

0
2955
2957
2847
0
0
2957
2951
2958
295
5

0
0
2903
2953
2962
16
0
2188
2958
295
2

2955
2421
0
0
2958
2954
2094
0
721
2960


2956
2960
2955
0
0
2958
2955
2955
0
0


2960
2956
2959
2953
1214
0
1503
2959
2960


1185
0
1782
2959
2959
2951
2930
0
0
294
9

2958
2905
0
226
2950
2958
2960
2957
0


0
2957
2957
2954
477
0
2685
2955
2947
295
1

2957
1557
0
1626
2954
2953
2955
2947
0


0
2959
2955
2923
0
7
2958
2950
2960
2953


16
0
2870
2958
2960
426
0
2384
2955
296
0

2957
2642
0
0
2959
2949
2307
0
640
2952


2953
2958
2959
0
0
2958
2954
2954
0
0


2951
2949
2958
2957
1535
0
887
2951
2959

1
186
0
1447
2958
2961
2955
2928
0
0
2960


2960
2833
0
35
2951
2960
2960
2955
0
0

2
947
2951
2955
48
0
2289
2957
2959
2958

2
414
0
0
2958
2950
2107
0
623
2954
2955
2
9
55
2951
0
0
2960
2955
2958
0
0
2950
29
5
9
2958
2956
1009
0
1215
2959
2973
898
0

1
520
2958
2954
2950
2879
0
0
2954
2954
2
8
38
0
35
2955
2950
2953
2955
0
0
2955
295
7

2957
141
0
2484
2960
2960
2961
2511
0


27
2960
2960
2261
0
942
2958
2954
2951
29
5
7
0
0
2951
2955
2956
2959
2960
747
0
2
2
83
2948
2958
927
0
2102
2956
2950
2954
2
8
57
0
0
2957
2956
2620
0
443
2960
2956
2
9
55
2954
0
0
2953
2950
2960
0
0
2846
295
5

2958
2958
2141
0
422
2958
2955
1766
0
1
1
96
2958
2960
2962
2958
0
0
2956
2955
29
4
9
0
0
2957
2953
2961
2959
263
0
2439
295
5

2959
589
0
2096
2960
2958
2949
2745
0


0
2957
2950
2494
0
464
2957
2956
2959
295
5

0
0
2960
2960
2957
0
0
2860
2957
2958


2955
1862
0
502
2949
2952
1686
0
976
295
8

2960
2959
2949
0
0
2960
2953
2950
0
0


2957
2960
2955
2951
490
0
1859
2954
2960


710
0
1775
2956
2960
2953
2843
0
0
2960


2955
2771
0
176
2953
2960
2956
2960
0
0


2966
2956
2955
117
0
2742
2960
2953
2954


2450
2277
0
1095
2955
2955
2956
2949
0

0

2960
2954
2958
0
0
2951
2953
2953
2955

1
328
0
1424
2960
2957
1163
0
1819
2955
2
9
57
2963
2924
0
0
2960
2957
2864
0
86
295
5

2959
2953
2956
0
0
2958
2955
2954
202


0
2400
2956
2955
2950
2487
0
0
2958
2951


2158
0
721
2954
2955
2957
2953
0
0
2955


2960
2955
0
0
2957
2958
2951
2956
1177
0


1312
2954
2960
1118
0
1572
2959
2961
29
5
5
2914
0
0
2955
2950
2862
0
47
2951
2952


2958
2960
0
0
2928
2955
2956
75
0
2266


2956
2951
2953
2405
0
0
2955
2962
2045

0

619
2954
2955
2958
2958
0
0
2958
2956
2
9
57
0
0
2956
2955
2960
2960
1109
0
1251


2953
2955
1033
0
1606
2958
2955
2954
2916


0
0
2958
2957
2869
0
101
2959
2963
2959


2959
2969
0
0
2954
2956
2959
2953
1825
0


1149
2954
2961
1483
0
1830
2947
2959
29
5
4
2959
0
0
2954
2955
2896
0
184
2958
2
9
49
2959
2957
0
0
2958
2959
2960
289
0
25
0
3
2957
2960
2953
2523
0
0
2959
2946
2175


0
832
2950
2958
2950
2956
0
0
2951
2955


2957
0
0
2958
2949
2957
2946
1219
0
135
1

2957
2953
1127
0
1665
2955
2955
2949
29
2
3
0
0
2955
2951
2873
0
58
2957
2951
2958


2960
0
0
2950
2957
2953
167
0
2403
295
8

2953
2948
2505
0
0
2960
2957
2163
0
741


2958
2953
2959
2948
0
0
2957
2955
2960


0
0
2954
2953
2951
2955
996
0
1221
2955


2953
947
0
1442
2951
2951
2955
2895
0
0


2954
2958
2849
0
0
2957
2962
2951
2958
0


0
2954
2958
2956
218
0
2471
2958
2958
29
5
6
2960
1179
0
2082
2954
2957
2946
2926

0

0
2960
2960
2867
0
336
2955
2954
2954
2
9
59
0
0
2953
2960
2961
188
0
2783
2958

2
955
2943
2462
0
145
2960
2960
2235
0
838


2958
2960
2960
2957
0
0
2957
2956
2959

0

0
2959
2959
2954
2950
1158
0
1330
2960

2
950
1085
0
1615
2957
2957
2955
2897
0
0


2955
2958
2854
0
33
2961
2960
2959
2955

0

0
2949
2955
2960
181
0
2331
2951
2954


2958
2490
0
0
2953
2956
2140
0
791
2947

2
951
2956
2959
0
0
2948
2959
2950
0
0
2
9
50
2951
2957
2954
1094
0
1296
2958
2953
9
6
0
0
1517
2953
2960
2960
2883
0
0
2951

2
950
2825
0
0
2954
2957
2962
2952
0
0
285
4

2959
2951
0
0
2218
2951
2954
2950
2483


0
0
2952
2954
2142
0
703
2960
2955
2956


2958
2953
0
0
2945
2955
2955
2960
972
0


1957
2960
2934
1149
0
2057
2954
2947
295
6

2920
0
0
2954
2953
2866
0
256
2955
295
8

2959
2955
0
0
2951
2937
2957
269
0
277
0

2956
2952
2960
2477
0
130
2958
2957
2276


0
903
2959
2955
2954
2960
0
0
2950
296
0

2959
0
0
2957
2957
2953
2955
1276
0
142
9

2954
2955
1162
0
1739
2957
2958
2956
2
9
09
0
0
2951
2960
2859
0
101
2955
2960
29
6
3
2955
0
0
2944
2951
2958
168
0
2355
2
9
60
2958
2956
2477
0
0
2949
2957
2160
0
8
0
1
2955
2958
2959
2959
0
0
2954
2955
295
9

0
0
2955
2955
2959
2946
1171
0
1310
295
9

2960
1008
0
1686
2956
2949
2962
2896
0


0
2957
2959
2832
0
7
2958
2959
2955
294
9

0
0
2951
2957
2957
2953
2955
1243
0
147
4

2951
2955
1293
0
1821
2955
2955
2960
2
9
39
0
0
2957
2959
2911
0
253
2955
2959
29
6
6
2958
127
0
2957
2951
2955
612
0
2864


2955
2958
2957
2668
0
71
2960
2953
2297
0


991
2957
2960
2959
2957
0
0
2959
2955

2
958
0
0
2955
2954
2960
2959
1222
0
1489

2
959
2957
1077
0
1687
2958
2950
2959
2895


0
0
2960
2961
2861
0
86
2956
2951
2947

2
960
0
0
2950
2954
2951
211
0
2391
2958


2962
2950
2510
0
0
2955
2958
2179
0
735

2
957
2958
2951
2952
0
0
2958
2955
2955
0


0
2949
2954
2954
2949
1200
0
1250
2958

2
950
998
0
1559
2956
2949
2959
2882
0
0
2
9
57
2958
2839
0
0
2960
2950
2954
2956
0


0
2913
2955
2955
26
0
2177
2957
2960
2955


2960
1387
0
1349
2958
2951
2958
2945
0


0
2953
2953
2923
0
0
2955
2953
2970
2957


108
0
2864
2957
2971
553
0
2445
2954
29
4
8
2950
2736
0
0
2960
2955
2459
0
939
29
5
7
2949
2950
2958
0
0
2956
2947
2951
0
0


2954
2957
2955
2960
1789
0
1090
2956
294
9

1621
0
1647
2954
2955
2955
2953
0
0
295
9

2958
2923
0
58
2958
2950
2952
2958
0

0

2814
2953
2943
366
0
2286
2961
2960
296
0

2606
0
0
2961
2959
2283
0
674
2948
2953


2958
2939
0
0
2953
2959
2957
0
0
2958


2944
2953
2954
1235
0
1424
2961
2960
1173


0
1724
2954
2957
2954
2928
0
0
2960
295
0

2878
0
77
2950
2957
2954
2955
0
0
2950


2955
2958
163
0
2330
2955
2953
2949
2490


0
0
2953
2957
2119
0
711
2955
2957
2955


2958
2959
0
0
2953
2955
2958
2960
838
0


1723
2950
2955
1017
0
1795
2956
2960
295
5

2896
0
0
2956
2958
2864
0
181
2956
2955


2958
2960
0
0
2955
2959
2949
305
0
265
3

2958
2960
2960
2533
0
99
2957
2954
2353


0
1015
2960
2956
2951
2950
0
0
2959
295
0

2960
0
0
2954
2955
2950
2958
1461
0
151
9

2960
2947
1328
0
1947
2955
2953
2951
2
9
18
0
0
2957
2953
2867
0
148
2959
2951
29
5
7
2957
0
0
2953
2958
2959
245
0
2423
2
9
57
2950
2946
2476
0
0
2949
2960
2138
0
7
2
1
2949
2955
2959
2956
0
0
2949
2958
295
8

0
0
2955
2953
2947
2954
1263
0
1370
295
5

2961
1126
0
1718
2958
2960
2956
2924
0


0
2956
2955
2875
0
80
2951
2960
2960
295
7

0
0
2945
2948
2960
2955
2955
1920
0
2
8
7
2959
2958
1595
0
1007
2953
2959
2958
29
5
9
0
0
2955
2960
2960
0
0
2953
2958
295
7

2960
685
0
2011
2955
2956
884
0
1916
2
9
53
2958
2955
2859
0
0
2956
2950
2822
0

2
27
2951
2959
2959
2948
0
0
2958
2950
295
7

198
0
2830
2956
2950
2959
2470
0
246
29
5
3
2957
2316
0
1087
2958
2960
2963
2957

0

0
2950
2955
2955
0
0
2953
2960
2959
295
9

1511
0
1667
2953
2958
1349
0
1915
2954


2943
2949
2930
0
0
2955
2960
2886
0
95

2
944
2957
2955
2960
0
0
2954
2955
2953
2
0
2
0
2384
2959
2960
2963
2476
0
0
2956
29
5
5
2127
0
731
2955
2953
2956
2958
0
0
2
9
55
2955
2950
0
0
2960
2951
2951
2960
1253


0
1409
2957
2945
1159
2954
2712
0
0
29
5
5
2960
2448
0
295
2954
2959
2955
2960
0


0
2960
2960
2953
0
0
2743
2960
2960
2955


1785
0
427
2960
2959
1627
0
1088
2954
2
9
53
2955
2957
0
0
2954
2954
2960
0
0
2960


2960
2958
2953
688
0
2007
2955
2959
100
2

0
2107
2957
2959
2960
2913
0
0
2954
295
0

2842
0
319
2954
2957
2951
2971
0
0
29
5
4
2955
2955
240
0
2871
2960
2970
2958
253
9

0
261
2956
2959
2371
0
1080
2958
2960


2950
2958
0
0
2955
2955
2959
0
0
2960
29
5
1
2959
2957
1261
0
1588
2957
2955
1203

0

1886
2959
2957
2957
2927
0
0
2954
2955

2
883
0
126
2950
2958
2961
2954
0
0
2959

2
960
2954
51
0
2396
2952
2954
2957
2476

0

0
2958
2960
2192
0
806
2957
2959
2951
2
9
59
2888
0
0
2957
2950
2957
2956
0
0
28
3
2
2960
2954
173
0
2131
2957
2958
2960
247
5

0
0
2960
2957
2211
0
363
2960
2960
29
5
9
2954
0
0
2953
2951
2955
0
0
2902
2950


2960
2981
1529
0
798
2955
2950
1328
0
1
2
96
2950
2957
2960
2944
0
0
2960
2958
2912


0
2
2951
2960
2955
2953
70
0
2945
2960


2960
603
0
2638
2953
2955
2960
2700
0
0


2950
2954
2406
0
784
2957
2956
2955
2951


0
0
2959
2959
2959
0
0
2953
2961
2957
2
9
60
1888
0
1122
2951
2960
1636
0
1595
29
5
7
2957
2951
2951
0
0
2957
2955
2923
0
16
7

2960
2957
2958
2955
48
0
2957
2954
296
2

396
0
2462
2955
2959
2957
2607
0
0
2953


2956
2423
0
705
2958
2962
2950
2960
0

0

2960
2960
2957
0
0
2949
2965
2955
2954

1
535
0
877
2954
2949
2955
2957
2865
0
0


2957
2950
2832
0
94
2953
2958
2950
2958
0


0
2958
2957
2956
0
0
2369
2954
2954
29
5
8
2302
0
0
2954
2949
2020
0
547
2960
29
5
4
2958
2954
0
0
2960
2960
2953
0
0
2951


2954
2948
2955
1119
0
1359
2960
2953
101
4

0
1703
2957
2954
2954
2890
0
0
2958
294
9

2895
0
149
2958
2951
2959
2958
0
0
29
5
0
2951
2959
320
0
2559
2962
2955
2962
260
2

0
45
2947
2959
2335
0
1011
2957
2960

2
960
2957
0
0
2955
2960
2954
0
0
2960
296
0

2950
2958
1478
0
1685
2957
2959
1436
0


2034
2957
2946
2958
2944
0
0
2958
2954
2
9
02
0
167
2958
2951
2951
2951
0
0
2955

2
955
2957
304
0
2558
2947
2960
2952
2507
0


0
2951
2955
2188
0
823
2959
2955
2955

2
954
2888
0
0
2957
2957
2957
2960
0
0
291
2

2955
2955
196
0
2288
2955
2959
2957
25
0
5
0
0
2946
2954
2282
0
511
2958
2959
295
5

2954
0
0
2958
2953
2955
0
0
2831
2957


2958
2946
1396
0
669
2950
2957
1153
0
10
6
9
2959
2960
2958
2934
0
0
2960
2959
287
5

0
0
2950
2958
2951
2952
0
0
2791
2954

2
969
157
0
2203
2958
2956
2955
2559
0
0


2953
2957
2313
0
775
2948
2951
2952
2960


0
0
2958
2959
2956
0
0
2958
2954
2955
29
5
5
1430
0
1631
2945
2955
1322
0
2045
295
8

2950
2956
2940
0
0
2960
2960
2912
0
290


2949
2952
2951
2955
0
0
2958
2953
2948


435
0
2687
2942
2955
2957
2591
0
0
2954

2
960
2231
0
843
2958
2950
2960
2958
0
0


2954
2953
2954
0
0
2947
2953
2955
2950
12
6
4
0
1495
2950
2958
2958
2955
2458
0
0

2
951
2960
2191
0
764
2960
2951
2960
2951
0


0
2960
2951
2960
0
0
2955
2956
2960
29
6
0
1137
0
1373
2958
2954
1157
0
1697
2959


2961
2959
2916
0
0
2958
2960
2821
0
0

2
951
2960
2951
2962
0
0
2941
2954
2951
0


0
2303
2959
2944
2955
2401
0
0
2955
2955


2096
0
797
2949
2950
2950
2957
0
0
2960


2955
2960
0
0
2955
2959
2958
2949
1187
0


1531
2956
2947
1190
0
1875
2959
2958
29
6
0
2944
0
0
2953
2954
2910
0
207
2959
294
9

2961
2953
0
0
2959
2951
2958
497
0
27
5
2
2958
2959
2950
2630
0
83
2959
2957
2318


0
917
2959
2958
2960
2955
0
0
2959
2957


2959
0
0
2954
2946
2949
2955
1232
0
14
5
1
2960
2955
1134
0
1694
2947
2959
2950
29
2
7
0
0
2960
2957
2875
2958
2960
0
0
295
9

2954
2954
0
0
2951
2957
2959
2960
603
0


1962
2960
2955
719
0
1703
2960
2954
295
7

2789
0
0
2959
2960
2725
0
66
2953
2956


2960
2960
0
0
2954
2957
2958
0
0
2416

2
957
2959
2962
2173
0
0
2960
2958
2089
0

6
15
2958
2956
2958
2960
0
0
2957
2960
29
5
3
0
0
2960
2957
2959
2962
1040
0
1399
29
5
5
2957
976
0
1661
2960
2954
2955
2897
0


0
2957
2959
2880
0
64
2960
2959
2962
295
7

0
0
2950
2953
2955
235
0
2535
2957
29
5
4
2951
2559
0
33
2957
2955
2311
0
1035
2
9
54
2960
2949
2954
0
0
2955
2948
2951
0


0
2957
2957
2951
2955
1435
0
1712
2951
29
5
1
1369
0
1983
2954
2956
2955
2934
0
0

2
960
2962
2891
0
192
2951
2960
2951
2960
0


0
2959
2957
2949
268
0
2590
2949
752
2
9
60
2953
1427
0
1449
2960
2949
2957
2944
0


0
2960
2959
2909
0
0
2955
2957
2954
29
5
7
0
0
2839
2948
2960
364
0
2293
2952
295
9

2953
2605
0
0
2957
2960
2245
0
548
29
6
0
2960
2954
2953
0
0
2953
2947
2957
0
0


2954
2956
2958
2955
981
0
1237
2957
2958


848
0
1535
2954
2950
2953
2867
0
0
2957


2955
2832
0
25
2955
2959
2957
2960
0
0

2
949
2951
2949
82
0
2413
2950
2959
2954

2
496
0
0
2946
2961
2192
0
899
2953
2958
2
9
50
2943
0
0
2960
2957
2954
0
0
2946
29
4
9
2953
2957
1289
0
1634
2953
2954
1307
0


2005
2955
2959
2931
2938
0
0
2951
2955

2
937
0
270
2954
2957
2951
2960
0
0
2959
2
9
60
2951
411
0
2727
2950
2953
2958
2615

0

17
2950
2957
2251
0
899
2949
2950
2958

2
954
2959
0
0
2960
2951
2959
2958
558
0


2034
2951
2957
761
0
1893
2951
2959
2957

2
821
0
0
2960
2957
2766
0
155
2960
2957


2955
2955
0
0
2946
2976
2959
0
0
2526
29
5
7
2955
2950
2227
0
113
2955
2960
2027
0


666
2955
2949
2955
2960
0
0
2954
2959
29
5
5
0
0
2958
2948
2953
2954
982
0
1313
2
9
58
2958
938
0
1535
2960
2955
2950
2883
0


0
2957
2954
2841
0
15
2959
2955
2959
29
4
9
0
0
2958
2957
2955
169
0
2469
2955
296
0

2957
2497
0
0
2949
2960
2208
0
837
29
6
0
2959
2958
2955
0
0
2960
2954
2949
0
0


2960
2959
2960
2958
1313
0
1671
2964
295
9

1330
0
2063
2956
2950
2955
2934
0
0
295
5

2952
2893
0
234
2950
2959
2955
2951
0


0
2952
2958
2950
426
0
2738
2960
2954
29
5
4
2957
1616
0
1279
2959
2957
2958
2951
0


0
2956
2953
2944
0
0
2952
2959
2956
295
9

174
0
2535
2956
2951
498
0
2117
2947
29
5
6
2943
2706
0
0
2960
2959
2480
0
462
2
9
53
2956
2957
2958
0
0
2949
2953
2959
0
0


2915
2951
2966
2957
1722
0
623
2953
294
6

1351
0
1313
2955
2958
2959
2949
0
0
295
6

2955
2867
0
0
2957
2955
2960
2960
0
0


2782
2953
2959
145
0
2145
2956
2955
2957


2519
0
0
2954
2960
2299
0
615
2951
2957


2953
2955
0
0
2960
2958
2949
0
0
2955
2
9
45
2955
2945
1671
0
1021
2954
2951
1590

0

1583
2956
2954
2957
2946
0
0
2957
2946


2831
0
85
2949
2949
2951
2958
208
0
294
9

2955
2955
661
0
2695
2958
2947
2949
2686


0
0
2959
2951
2431
0
751
2957
2957
295
9

2959
2880
0
116
2950
2956
2955
2959
0
0


2955
2954
2955
128
0
2362
2950
2960
295
3

2452
0
0
2954
2949
2144
0
745
2959
2955


2955
2951
0
0
2955
2954
2955
0
0
2947


2959
2957
2958
1046
0
1366
2954
2959
1020


0
1635
2955
2953
2953
2907
0
0
2953
295
4

2860
0
47
2958
2960
2955
2951
0
0
2954


2951
2953
87
0
2288
2961
2955
2953
2389


0
0
2955
2955
2013
0
575
2958
2957
2954

2
959
0
0
2958
2958
2955
0
0
2963
2959
2
9
49
2951
1097
0
1499
2942
2957
1090
0
1762


2956
2960
2955
2896
0
0
2958
2951
2885


0
157
2955
2951
2955
2954
0
0
2954
2960

2
957
349
0
2622
2957
2959
2959
2588
0
13


2954
2954
2311
0
1008
2957
2954
2957
2953


0
0
2959
2956
2954
0
0
2951
2955
2805


2954
2960
598
0
2293
2961
2954
2955
2699

0

0
2951
2947
2496
0
464
2956
2959
2954


2950
0
0
2954
2954
2951
0
0
2827
2956
29
5
3
2957
1839
0
615
2954
2953
1462
0
1423


2955
2961
2960
2943
0
0
2951
2959
2890
0


0
2955
2949
2950
2954
0
0
2727
2960
29
5
6
272
0
2191
2951
2950
2957
2614
0
0
295
9

2960
2304
0
592
2950
2953
2959
2958
0


0
2945
2950
2953
0
0
2923
2960
2958
2956


1526
0
915
2952
2963
1088
0
1435
2960
2
9
60
2959
2926
0
0
2956
2959
2843
0
5
2960


2951
2953
2958
0
0
2957
2960
2955
170

0

2469
2947
2956
2960
2518
0
3
2958
2957

2
178
0
836
2957
2955
2960
2947
0
0
2954

2
955
2955
0
0
2951
2957
2955
2959
1355
0


1613
2958
2959
1274
0
2064
2959
2953
2949


2938
2677
0
368
2950
2954
2957
2969
0

0

2952
2960
2953
0
0
2855
2957
2959
2959

2
102
0
366
2958
2960
2073
0
1019
2957
29
6
0
2954
2954
0
0
2951
2945
2960
0
0
2960


2959
2955
2954
966
0
1667
2955
2958
961


0
1602
2957
2952
2960
2886
0
0
2959
2958


2814
0
0
2959
2950
2958
2958
0
0
2953

2
954
2955
50
0
2395
2953
2957
2958
2387
0


0
2960
2957
2121
0
750
2956
2957
2960
2
9
59
0
0
2959
2959
2960
0
0
2959
2947
2951


2957
1073
0
1429
2962
2957
910
0
1510

2
960
2955
2946
2869
0
0
2958
2954
2863
0

1
6
2958
2955
2957
2953
0
0
2958
2960
294
9

256
0
2547
2951
2960
2955
2514
0
32
296
0

2961
2220
0
976
2958
2958
2954
2959
0


0
2947
2960
2957
0
0
2954
2959
2959
2955


1356
960
0
1911
2960
2960
2957
2867
0
0


2957
2960
2826
0
176
2954
2960
2954
2959


0
0
2960
2951
2954
0
0
2687
2957
2959
2
9
55
2338
0
132
2954
2946
2144
0
764
2957


2950
2946
2950
0
0
2960
2960
2959
0
0
2
9
55
2954
2950
2959
1106
0
1392
2960
2955


958
0
1679
2962
2954
2951
2896
0
0
2960

2
957
2853
0
27
2955
2957
2959
2955
0
0

2
954
2960
2948
176
0
2378
2945
2957
2960
2
3
94
0
0
2951
2954
2126
0
690
2959
2958

2
955
2950
0
0
2951
2960
2958
0
0
2955
296
0

2954
2960
1023
0
1377
2942
2955
916
0


1570
2957
2960
2956
2896
0
0
2958
2955
2
8
76
0
21
2954
2957
2947
2959
0
0
2957
29
5
1
2959
253
0
2617
2956
2958
2954
2551
0

8
3
2950
2960
2248
0
915
2960
2960
2959
2
9
58
0
0
2960
2951
2949
2959
2953
670
0
23
6
1
2951
2954
841
0
2131
2950
2943
2959
2
8
32
0
0
2958
2957
2630
0
368
2959
2959
2959
2957
0
0
2954
2956
2954
0
0
2786
295
4

2942
2960
2001
0
385
2950
2951
1641
0
1
0
50
2950
2950
2954
2947
0
0
2960
2959
29
4
6
0
0
2954
2955
2951
2960
2
0
2470
2955


2960
425
0
2025
2956
2946
2959
2694
0
0


2953
2953
2480
0
449
2960
2959
2960
2950


0
0
2960
2953
2954
0
0
2815
2957
2960
2
9
55
1756
0
641
2958
2957
1328
0
1254
2954


2956
2957
2935
0
0
2956
2957
2881
0
0


2956
2956
2949
2951
0
0
2839
2958
2955
14
4

0
2224
2949
2951
2955
2514
0
0
2948
2
9
59
2326
0
655
2956
2958
2953
2960
0
0
29
5
6
2944
2957
0
0
2955
2959
2949
2954
169
1

0
1182
2960
2955
1567
2950
2797
0
0
295
3

2956
2615
0
630
2960
2959
2953
2947
0


0
2954
2960
2959
0
0
2958
2959
2957
2953


1932
0
780
2957
2957
1553
0
1520
2959
2
9
53
2951
2959
0
0
2951
2960
2894
0
0
2949


2957
2963
2960
0
0
2903
2955
2954
354

0

2298
2957
2953
2954
2559
0
0
2960
2950

2
306
0
623
2953
2954
2960
2955
0
0
2949


2960
2954
0
0
2958
2951
2960
2959
1478
0


999
2960
2958
1190
0
1468
2958
2958
2948


2925
0
0
2953
2951
2853
0
27
2956
2953

2
954
2955
0
0
2954
2948
2944
0
0
2288
2
9
53
2960
2961
2372
0
0
2960
2955
2051
0
6
2
4
2956
2960
2958
2953
0
0
2959
2947
295
9

0
0
2955
2949
2955
2960
1134
0
1535
295
8

2958
1168
0
1783
2953
2955
2953
2914
0


0
2946
2955
2908
0
171
2960
2959
2955
29
5
3
2956
0
0
2959
2958
2959
2957
1478
0

1
535
2954
2951
1292
0
1931
2957
2957
2960

2
928
0
0
2954
2951
2874
0
35
2950
2951
2
9
60
2958
0
0
2959
2951
2961
203
0
2444

2
955
2960
2960
2407
0
0
2953
2958
2170
0

8
04
2955
2958
2961
2940
0
0
2958
2959
29
6
3
0
0
2960
2957
2960
2960
1116
0
1423
29
5
3
2958
905
0
1589
2953
2954
2955
2866
0


0
2956
2957
2834
0
0
2949
2958
2961
2961


0
0
2951
2960
2954
55
0
2300
2951
2962


2959
2395
0
0
2954
2946
2151
0
764
2955


2959
2955
2954
0
0
2957
2961
2946
0
0

2
951
2949
2955
2959
1044
0
1345
2981
2961

9
05
0
1499
2951
2959
2960
2854
0
0
2955


2959
2843
0
57
2955
2957
2954
2955
0
0

2
961
2949
2948
162
0
2559
2958
2960
2958
2
5
24
0
179
2963
2955
2949
2949
2954
0
0

2
959
2957
2950
0
0
2959
2960
2953
2955
304


0
2704
2949
2960
615
0
2292
2960
2959

2
959
2774
0
0
2960
2960
2507
0
432
2950
2
9
61
2960
2960
0
0
2958
2957
2954
0
0
29
5
0
2958
2958
2958
1782
0
688
2960
2955
166
3

0
1129
2958
2960
2955
2949
0
0
2944
2
9
53
2953
0
0
2959
2959
2961
2955
429
0
21
4
3
2951
2959
717
0
1958
2954
2957
2955
2
7
79
0
0
2955
2960
2734
0
108
2960
2951
29
5
4
2962
0
0
2960
2960
2959
0
0
2493
296
0

2957
2956
2151
0
80
2959
2959
2150
0
7
2
0
2949
2954
2966
2955
0
0
2959
2950
2958


0
0
2956
2960
2956
2951
1002
0
1597
295
3

2951
1061
0
1598
2956
2954
2947
2850
0

0

2955
2960
2867
0
96
2960
2960
2960
2955
0
0
2958
2959
2959
2955
2946
1388
0
186
1

2949
2953
1296
0
1947
2957
2950
2961
2
9
33
0
0
2954
2957
2910
0
213
2956
2961
29
6
0
2959
0
0
2950
2958
2959
179
0
2703
2
9
54
2946
2960
2479
0
69
2951
2960
2149
0

7
29
2957
2960
2959
2958
0
0
2958
2950
295
4

0
0
2962
2948
2957
2951
1080
0
1522
29
6
3
2959
1022
0
1822
2960
2951
2960
2887
0


0
2949
2957
2821
0
0
2959
2957
2955
295
9

0
0
2956
2958
2957
29
0
2225
2957
295
6

2954
2305
0
0
2955
2948
2089
0
738
2951


2946
2958
2933
0
0
2949
2953
2930
0
0


2951
2959
2949
2958
976
0
1418
2962
2953

8
70
0
1462
2953
2958
2960
2815
0
0
2955


2955
2851
0
30
2955
2958
2974
2960
0
0
2
9
57
2948
2960
0
0
2197
2953
2986
2951
246
1

0
0
2957
2953
2365
0
683
2959
0
2947

2
958
2957
0
0
2954
2951
2959
2962
752
0
2486
2957
2957
1002
0
2227
2955
2960
2957


2827
0
0
2955
2949
2657
0
466
2959
2950


2949
2958
0
0
2952
2956
2958
0
0
2755

2
951
2960
2982
2063
0
639
2958
2953
1859
0


1327
2960
2951
2953
2955
0
0
2961
2956


2949
0
0
2953
2970
2960
2960
579
0
2187

2
960
2958
669
0
1767
2954
2943
2957
2800


0
0
2962
2958
2768
0
112
2958
2960
2955

2
957
0
0
2951
2955
2960
0
0
2610
2962
2
9
58
2960
2278
0
158
2960
2958
2112
0
635

2
951
2957
2957
2959
0
0
2958
2955
2949
0


0
2959
2961
2954
2957
817
0
1327
2959
29
6
0
931
0
1611
2960
2955
2957
2882
0
0
2
9
53
2960
2795
0
0
2954
2946
2955
2960
0
0


2957
2950
2950
114
0
2517
2959
2950
295
7

2958
1611
0
1731
2959
2959
2962
2945
0

0

2960
2960
2946
0
131
2953
2953
2951
29
5
8
119
0
2953
2982
2954
438
0
2551
2951
2955
2959
2666
0
0
2957
2960
2320
0
643

2
955
2954
2960
2956
0
0
2957
2950
2951
0

0

2957
2959
2955
2954
1506
0
1105
2960
29
5
1
1184
0
1587
2950
2955
2955
2928
0
0
2
9
57
2960
2880
0
67
2946
2951
2955
2958
0


0
2961
2956
2954
132
0
2535
2955
2955
2
9
51
2344
0
31
2956
2950
2137
0
695
2952
2
9
60
2941
2955
0
0
2957
2960
2954
0
0
29
6
0
2961
2948
2956
954
0
1423
2956
2946
889


0
1565
2958
2955
2960
2864
0
0
2954
29
5
4
2828
0
0
2959
2949
2958
2955
0
0
2953


2955
2946
0
0
2323
2957
2956
2947
2381
0


0
2947
2960
2133
0
720
2960
2961
2958

2
975
2922
0
117
2960
2951
2966
2953
0
0
2
9
59
2955
2954
489
0
2624
2955
2962
2935

2
642
0
64
2956
2958
2453
0
800
2960
2957

2
957
2957
0
0
2959
2958
2960
0
0
2958
2950
2954
2957
1608
0
1122
2958
2956
1535
0


1505
2955
2955
2954
2947
0
0
2959
2943


2912
0
0
2955
2947
2960
2959
0
0
2961
29
6
3
2953
289
0
2327
2960
2958
2957
2450
0


0
2957
2960
2295
0
527
2960
2960
2950
29
5
1
0
0
2959
2955
2955
0
0
2958
2955
295
3

2954
1505
0
1023
2960
2951
1387
0
1294
2957
2957
2957
2943
0
0
2959
2959
2928
0
0
2955
2951
2955
2959
0
0
2882
2941
2950
240
0
2167
2957
2955
2957
2512
0
0
2960
2959
2226
0
485
2956
2957
2954
2958
0
0
2959
2960
2955
0
0
2958
2949
2960
2959
1462
0
997
2960
2950
2958
2953
2896
0
0
2961
2954
2864
0
245
2953
2957
2960
2951
0
0
2959
2960
2955
272
0
2861
2954
2955
2959
2509
0
245
2957
2955
2338
0
912
2957
2931
2952
2955
0
0
2949
2960
2953
0
0


2960
2957
2951
2950
1176
0
1781
2957
2954


1153
0
1874
2954
2960
2960
2909
0
0
294
7

2949
2878
0
101
2959
2953
2960
2962
0
0


2960
2955
2954
199
0
2461
2960
2960
295
7

2461
0
0
2943
2951
2148
0
753
2953
2954


2956
2946
0
0
2953
2960
2955
0
0
2962


2959
2950
2960
944
0
1488
2957
2961
958
0


1587
2956
2955
2958
2889
0
0
2958
2960


2861
0
0
2960
2947
2957
2954
0
0
2954
29
6
1
2959
49
0
2241
2951
2964
2956
2322
0


0
2947
2956
2009
0
558
2951
2959
2960
295
5

0
0
2954
2957
2953
2959
2957
0
0
2960


2955
2959
80
0
2823
2947
2960
2959
2386

0

310
2960
2960
2319
0
959
2960
2958
295
0

2957
0
0
2952
2960
2946
0
0
2950
2953

2
958
2960
1313
0
1743
2960
2954
1200
0
19
9
0
2960
2954
2955
2901
0
0
2954
2960
287
3

0
118
2959
2955
2974
2963
0
0
2950
2960


2950
189
0
2511
2949
2960
2960
2450
0

5
9
2947
2954
2192
0
807
2959
2971
2960
296
0

0
0
2956
2959
2957
0
0
2947
2951
2947


2955
1045
0
1581
2949
2951
1094
0
1619
2
9
54
2955
2960
2905
0
0
2960
2959
2875
0


0
2956
2958
2954
2950
0
0
2959
2950
2954


48
0
2407
2954
2975
2957
2407
0
0
2955


2960
2240
0
560
2954
2951
2957
2959
0
0

2
957
2955
2954
0
0
2950
2959
2958
2957
1
3
83
0
989
2960
2960
1308
2959
2819
0
0
29
5
1
2941
2651
0
442
2961
2960
2958
2949
0


0
2960
2955
2956
0
0
2958
2959
2960
2965


2171
0
653
2958
2961
1928
0
1435
2953

2
960
2959
2953
0
0
2958
2955
2958
0
0
295
9

2959
2958
2950
688
0
2401
2959
2941
10
8
1
0
2157
2959
2960
2955
2845
0
0
2958
29
5
7
2640
0
374
2954
2950
2958
2958
0
0
29
6
0
2956
2955
0
0
2896
2951
2953
2960
1993


0
483
2958
2957
1694
0
1109
2953
2954
2
9
47
2949
0
0
2938
2945
2959
0
0
2959
296
0

2957
2960
448
0
2178
2960
2951
731
0
1
7
89
2957
2960
2955
2780
0
0
2962
2953
27
5
3
0
93
2960
2956
2947
2951
0
0
2946
2954


2957
0
0
2537
2960
2949
2957
2193
0
86


2960
2951
2074
0
592
2960
2958
2947
2953


0
0
2957
2965
2945
0
0
2950
2960
2959
2
9
60
2954
0
0
2906
2959
2959
2943
2094
0

5
90
2959
2956
1858
0
1359
2960
2950
2951

2
954
0
0
2957
2956
2957
0
0
2957
2956
296
0

2954
849
0
2559
2957
2951
1102
0
2310


2953
2959
2961
2879
0
0
2947
2950
2681

0

495
2961
2955
2960
2958
0
0
2953
2957
2
9
57
0
0
2944
2954
2958
2962
2033
0
570

2
960
2960
1772
0
1219
2959
2959
2958
2950

0

0
2959
2960
2955
0
0
2954
2954
2958
2
9
49
144
0
2757
2955
2953
528
0
2209
2955


2955
2951
2672
0
0
2960
2957
2464
0
432

2
957
2955
2959
2953
0
0
2947
2955
2946
0


0
2949
2954
2953
2958
1718
0
808
2954
29
5
8
1433
0
1323
2951
2958
2959
2949
0
0

2
959
2951
2900
0
0
2955
2960
2957
2949
0

0

2922
2954
2957
143
0
2150
2948
2960
29
3
8
2954
2177
0
785
2955
2955
2955
2957
0

0

2962
2957
2933
0
0
2959
2959
2955
2960


1246
0
1761
2958
2958
1232
0
1889
2952
2
9
48
2951
2917
0
0
2955
2960
2910
0
218

2
959
2949
2959
2951
0
0
2957
2960
2958
402


0
2755
2955
2965
2954
2542
0
71
2955
2
9
50
2274
0
938
2960
2960
2960
2957
0
0
29
6
0
2955
2971
0
0
2959
2958
2950
2955
115
5

0
1611
2961
2960
1214
0
1754
2957
2949

2
958
2922
0
0
2953
2957
2892
0
22
2961

2
950
2958
2959
0
0
2953
2959
2960
249
0
2
4
80
2954
2966
2951
2461
0
0
2958
2961
21
2
8
0
683
2960
2957
2951
2951
0
0
2960
295
5

2953
0
0
2962
2957
2958
2955
1042
0
1
4
77
2958
2955
981
0
1626
2960
2953
2957
28
9
5
0
0
2955
2959
2854
2954
2956
0
0
295
4

2949
2950
0
0
2951
2954
2959
2957
445
0


2203
2960
2956
757
0
1951
2962
2958
295
1

2796
0
0
2957
2956
2800
0
203
2958
2957


2956
2958
0
0
2956
2959
2955
0
0
2830


2950
2955
2948
2352
0
355
2955
2960
2312
0
996
2958
2960
2957
2951
0
0
2953
2957

2
955
0
0
2958
2959
2955
2960
1209
0
1681


2954
2958
1218
0
1872
2957
2950
2957
2912


0
0
2955
2960
2882
0
62
2951
2960
2947


2951
0
0
2957
2959
2951
87
0
2403
2958

2
960
2959
2466
0
10
2959
2960
2173
0
783


2958
2951
2949
2951
0
0
2947
2960
2949
0


0
2957
2949
2946
2954
1042
0
1511
2954


2951
1089
0
1776
2953
2960
2951
2880
0
0


2955
2955
2852
0
0
2959
2960
2954
2959

0

0
2951
2960
2960
54
0
2435
2959
2959
29
5
9
2958
829
0
1661
2953
2960
2960
2848
0


0
2960
2949
2822
0
77
2950
2952
2957
295
7

0
0
2957
2959
2955
88
0
2653
2960
295
3

2958
2442
0
190
2953
2960
2304
0
903
29
4
9
2955
2960
2959
0
0
2955
2960
2954
0

0

2958
2951
2966
2960
1429
0
1935
2954
295
5

1431
0
2129
2957
2960
2949
2938
0
0
2
9
60
2988
2918
0
256
2949
2955
2955
2958
0


0
2967
2955
2959
294
0
2672
2953
2977
2
9
58
2512
0
71
2976
2957
2212
0
775
2956
2
9
53
2955
2952
0
0
2955
2960
2949
0
0
29
6
0
2953
2955
2955
1074
0
1535
2955
2956
10
4
6
0
1681
2963
2958
2949
2895
0
0
2957
2
9
50
2879
0
28
2951
2958
2948
2951
0
0
2
9
47
2958
2947
125
0
2477
2959
2961
2960
24
2
5
0
0
2951
2947
2129
0
685
2953
0
2955


2959
2559
0
153
2960
2949
2960
2955
0
0


2956
2959
2950
0
0
2740
2957
2951
2950

2
001
0
399
2948
2955
1697
0
1040
2960
2954


2959
2960
0
0
2956
2954
2957
0
0
2954

2
960
2961
2960
237
0
2773
2960
2949
664
0


2256
2954
2960
2949
2758
0
0
2956
2948

2
592
0
627
2951
2960
2958
2964
0
0
2960

2
955
2941
0
0
2953
2958
2955
2954
1907
0


811
2956
2953
1829
0
1335
2954
2960
2960

2
957
0
0
2958
2958
2953
0
0
2960
2960

2
955
2959
577
0
2199
2954
2958
838
0
1959


2955
2950
2953
2832
0
0
2951
2955
2797

0

186
2948
2947
2959
2950
0
0
2954
2957
2
9
50
0
0
2664
2950
2961
2956
2273
0
198

2
955
2959
2118
0
749
2955
2960
2961
2951
0


0
2957
2954
2949
0
0
2950
2944
2955
29
4
7
2955
0
0
2262
2954
2960
2960
2349
0
0


2953
2960
2068
0
659
2957
2945
2960
2958


0
0
2954
2961
2960
0
0
2962
2949
2958
2
9
49
1088
0
1471
2957
2957
1072
0
1783
29
6
0
2958
2950
2905
0
0
2955
2960
2885
0
99


2958
2960
2977
2958
0
0
2953
2954
2951


366
0
2695
2953
2973
2957
2606
0
128
2953


2960
2356
0
1023
2947
2954
2958
2959
0


0
2953
2960
2950
0
0
2953
2955
2975
2958


1344
0
1766
2960
2954
1296
0
1975
2958

2
958
2954
2927
0
0
2962
2952
2901
0
176
2
9
60
2954
2953
2944
0
0
2960
2950
2957
16
0

0
2455
2957
2959
2963
2469
0
37
2955
29
5
3
2210
0
763
2945
2957
2955
2949
0
0
2
9
49
2958
2960
0
0
2959
2956
2948
2958
1038


0
1507
2958
2957
1037
2956
2676
0
0
29
5
4
2961
2455
0
336
2951
2954
2954
2945
0

0

2954
2959
2956
0
0
2686
2960
2957
2960


1680
0
573
2952
2960
1372
0
1277
2954
2960
2962
2955
0
0
2959
2947
2928
0
0
2949
2953
2950
2955
0
0
2875
2954
2956
341
0


2291
2957
2954
2954
2619
0
0
2950
2960

2
390
0
693
2951
2960
2960
2953
0
0
2960

2
953
2951
0
0
2959
2953
2960
2958
1753
0


1246
2950
2956
1725
0
1749
2954
2960
2959


2947
0
0
2958
2950
2932
0
94
2961
2960


2955
2953
16
0
2949
2947
2951
414
0
2466


2960
2960
2957
2603
0
0
2954
2950
2378

0

641
2960
2955
2955
2960
0
0
2958
2959


2958
0
0
2954
2955
2959
2963
1520
0
1040


2957
2954
1474
0
1424
2955
2938
2947
294
9

0
0
2948
2954
2912
0
0
2958
2958
2955

2
955
2953
0
0
2537
2958
2958
2956
2094
0


162
2958
2956
2066
0
677
2960
2957
2955

2
957
0
0
2951
2955
2960
0
0
2955
2958
2
9
60
2953
925
0
1415
2956
2960
960
0
1616

2
960
2958
2955
2896
0
0
2959
2974
2880
0


64
2959
2950
2958
2953
0
0
2954
2947
295
7

210
0
2495
2957
2925
2953
2546
0
61
2
9
47
2955
2310
0
1005
2958
2957
2954
2957
0


0
2959
2954
2955
0
0
2960
2954
2970
29
5
5
1376
0
1763
2955
2961
1317
0
2055
2958


2958
2956
2935
0
0
2955
2954
2909
0
209


2954
2953
2951
2955
0
0
2955
2957
2958
3
0
4
0
2615
2960
2950
2958
2480
0
47
2959

2
947
2230
0
823
2952
2951
2957
2951
0
0


2946
2954
2953
0
0
2960
2959
2962
2960
10
7
4
0
1535
2954
2960
2959
2954
2342
0
0
2959
2957
2130
0
677
2954
2958
2958
2959
0


0
2949
2958
2950
0
0
2957
2959
2960
29
5
5
992
0
1395
2957
2953
848
0
1526
2954
2
9
57
2960
2839
0
0
2960
2950
2829
0
0
29
4
8
2948
2949
2930
0
0
2960
2953
2942
0
0


2352
2949
2957
2957
2346
0
0
2955
2949

2
192
0
787
2946
2959
2954
2953
0
0
2953
2
9
57
2954
0
0
2955
2955
2928
2959
1230
0


1680
2949
2959
1232
0
1935
2951
2953
2950


2935
0
0
2954
2957
2917
0
247
2956
2977


2946
2954
0
0
2949
2957
2958
398
0
2671


2960
2962
2958
2514
0
75
2951
2959
2336


0
925
2957
2960
2958
2959
0
0
2942
2960

2
955
0
0
2960
2958
2958
2955
1113
0
1518


2957
2958
1079
0
1648
2955
2951
2951
2896


0
0
2949
2960
2871
0
77
2953
2953
2957


2955
2960
0
0
2943
2956
2955
2957
1378
0


954
2953
2955
1419
0
1416
2955
2951
295
7

2946
0
0
2958
2957
2928
0
0
2957
2965
2950
2951
0
0
2866
2954
2959
174
0
2091
2960
2960
2959
2462
0
0
2954
2954
2165
0


439
2959
2951
2960
2953
0
0
2960
2953
2
9
50
0
0
2954
2953
2960
2958
1532
0
1055
2
9
58
2959
1528
0
1476
2955
2956
2947
2957


0
0
2951
2956
2931
0
123
2951
2960
2960

2
950
45
0
2958
2956
2956
511
0
2651
2956


2951
2956
2688
0
134
2955
2949
2546
0
85
4

2959
2950
2949
2958
0
0
2962
2957
2958


0
0
2958
2960
2955
2957
1789
0
1311
2951


2951
1609
0
1509
2960
2958
2955
2949
0


0
2949
2951
2909
0
13
2960
2957
2957
2955


0
0
2958
2957
2951
2961
2960
1055
0
14
9
8
2954
2960
988
0
1501
2955
2951
2951
287
7

0
0
2957
2953
2845
0
0
2953
2957
2954


2954
0
0
2939
2959
2955
0
0
2243
2954
2
9
70
2960
2381
0
0
2951
2943
2127
0
689

2
955
2957
2960
2954
0
0
2949
2958
2947
0

0

2955
2959
2954
2960
1008
0
1439
2955
2
9
46
947
0
1694
2954
2959
2957
2871
0
0
29
5
2
2929
2867
0
0
2958
2961
2960
2957
0
0


2957
2951
2959
272
0
2591
2954
2924
2949


2529
0
91
2954
2957
2288
0
971
2951
295
5

2957
2960
0
0
2958
2960
2953
0
0
2955

2
953
2953
2958
1368
0
1827
2955
2958
1345


0
1981
2954
2959
2957
2923
0
0
2951
2977


2898
0
126
2957
2958
2959
2954
0
0
295
4

2953
2959
221
0
2608
2957
2987
2964
24
8
0
0
17
2967
2960
2185
2960
2951
0
0
2960


2950
2959
0
0
2958
2951
2959
2959
500

0

2147
2947
2957
701
0
1823
2958
2958
2964


2796
0
0
2959
2957
2781
0
125
2950
296
0

2955
2955
0
0
2949
2957
2962
0
0
2458

2
958
2961
2950
2172
0
144
2958
2956
2066


0
655
2954
2955
2960
2955
0
0
2945
2957

2
960
0
0
2960
2957
2948
2963
997
0
1461


2959
2951
1127
0
1679
2958
2947
2955
2911


0
0
2954
2956
2886
0
85
2959
2949
2961


2957
0
0
2957
2962
2960
390
0
2672
2950

2
996
2957
2559
0
112
2955
2953
2304
0
94
1

2957
2955
2960
2960
0
0
2957
2953
2951

0

0
2949
2957
2950
2947
1408
0
1793
2955


2957
1215
0
1904
2949
2959
2953
2915
0

0

2951
2960
2907
0
238
2953
2957
2947
2959


0
0
2960
2954
2957
2949
2959
1060
0
15
3
5
2962
2951
1046
0
1638
2958
2955
2949
28
8
5
0
0
2958
2959
2863
0
0
2961
2955
296
0

2960
0
0
2947
2965
2958
0
0
2269
2957

2
910
2955
2384
0
0
2958
2951
2121
0
671


2955
2958
2954
2955
0
0
2951
2960
2953
0


0
2958
2955
2960
2958
1009
0
1376
2960

2
955
838
0
1461
2951
2959
2955
2837
0
0
2
9
58
2951
2832
0
0
2957
2958
2955
2951
0


0
2950
2959
2959
0
0
2256
2957
2919
2958


2409
0
0
2954
2954
2181
0
815
2953
2956


2961
2955
0
0
2942
2957
2950
0
0
2949
2
9
59
2951
2939
1346
0
1717
2955
2955
1313
0


2011
2954
2954
2951
2932
0
0
2958
2954


2917
0
208
2954
2960
2959
2962
0
0
2948


2962
2958
397
0
2638
2950
2992
2954
2559


0
95
2960
2953
2261
0
883
2954
2960
295
8

2946
2890
0
49
2960
2956
2958
2951
0
0


2960
2954
2954
112
0
2448
2957
2962
2961


2448
0
0
2954
2963
2162
0
741
2955
2956


2959
2959
0
0
2955
2960
2956
0
0
2960

2
954
2954
2960
1136
0
1489
2956
2960
1023

0

1643
2960
2959
2949
2877
0
0
2958
2955


2864
0
0
2954
2957
2958
2955
0
0
2946
2
9
60
2955
0
0
2263
2951
2896
2958
2412
0


0
2956
2949
2157
0
691
2955
2926
2954
295
5

0
0
2952
2958
2960
0
0
2958
2957
2958


2960
1226
0
1616
2962
2956
1265
0
1764
2
9
58
2963
2959
2928
0
0
2955
2955
2906
0


171
2959
2956
2959
2947
0
0
2954
2962
295
6

437
0
2800
2957
3014
2947
2646
0
155

2
957
2954
2391
0
1041
2960
2960
2957
2955

0

0
2951
2961
2960
0
0
2962
2958
2950
2
9
59
2960
327
0
2359
2960
2950
2958
2559
0


0
2956
2959
2341
0
540
2958
2956
2958
2
9
55
0
0
2971
2960
2958
0
0
2959
2957
2959


2953
1490
0
919
2960
2955
1405
0
1253

2
960
2951
2957
2939
0
0
2960
2954
2903
0

0

2960
2949
2962
2955
0
0
2875
2947
2958


96
0
2097
2954
2959
2959
2417
0
0
2957

2
963
2224
0
391
2957
2956
2959
2955
0
0

2
960
2956
2960
0
0
2915
2959
2954
2960
13
8
8
0
919
2958
2959
1311
0
1251
2953
2954


2960
2940
0
0
2950
2957
2938
0
0
2950
29
5
4
2959
2955
1
0
2908
2959
2946
445
0
2
3
63
2960
2956
2956
2663
0
0
2950
2958
2431


0
754
2958
2959
2951
2960
0
0
2959
295
5

2957
0
0
2950
2955
2955
2958
1750
0
134
5

2957
2954
1498
0
1869
2960
2953
2960
2
9
39
2907
0
0
2958
2953
2959
2959
0
0
29
4
4
2960
2960
258
0
2356
2951
2958
2955
249
3

0
0
2959
2960
2334
0
511
2959
2953
29
5
4
2959
0
0
2957
2955
2958
0
0
2955
2960


2960
2955
1568
0
975
2946
2957
1460
0
1
3
03
2957
2953
2959
2942
0
0
2952
2959
2902


0
0
2958
2960
2955
2955
0
0
2915
2954


2955
193
0
2171
2947
2959
2958
2477
0
0

2
959
2959
2288
0
483
2947
2953
2955
2959


0
0
2973
2960
2958
0
0
2952
2957
2960
29
5
9
1535
0
977
2948
2959
1498
0
1419
2960


2961
2948
2953
0
0
2958
2953
2922
0
26

2
955
2954
2947
2954
0
0
2956
2953
2955
47
3

0
2538
2954
2949
2951
2658
0
0
2954
2
9
59
2480
0
773
2947
2960
2950
2956
0
0
29
7
3
2951
2953
0
0
2954
2958
2955
2954
179
8

0
1223
2955
2957
1696
2955
2761
0
0
295
4

2947
2538
0
432
2960
2960
2951
2955
0


0
2963
2955
2955
0
0
2903
2960
2955
2953


1823
0
686
2961
2959
1707
0
1109
2954
2
9
57
2955
2945
0
0
2953
2951
2944
0
0
2959


2960
2960
2948
47
0
2639
2957
2954
448


0
2112
2955
2958
2951
2675
0
0
2951
2950


2428
0
342
2954
2960
2956
2960
0
0
2954


2960
2960
0
0
2893
2958
2953
2957
1685
0


613
2949
2956
1344
0
1189
2960
2955
2943


2937
0
0
2956
2956
2925
0
0
2959
2949

2
958
2960
0
0
2815
2950
2954
325
0
2295
2
9
55
2956
2959
2626
0
0
2957
2957
2384
0


684
2950
2955
2951
2954
0
0
2960
2955
295
6

0
0
2959
2949
2954
2948
1717
0
1195
2
9
51
2950
1648
0
1648
2959
2957
2958
2946


0
0
2958
2954
2928
0
139
2958
2957
2949

2
955
2950
0
0
2727
2958
2954
2960
2144
0


249
2955
2951
2035
0
752
2955
2959
2960

2
958
0
0
2955
2955
2951
0
0
2953
2959
2960
2960
1041
0
1455
2960
2962
999
0
1535


2949
2959
2957
2875
0
0
2953
2957
2864

0

0
2956
2955
2959
2947
0
0
2955
2964
295
3

105
0
2384
2960
3004
2955
2395
0
0
2958


2953
2077
0
604
2959
2957
2955
2958
0

0

2970
2960
2950
0
0
2955
2955
2960
2953


907
0
1312
2947
2955
902
0
1516
2957
295
5

2956
2877
0
0
2950
2959
2864
0
7
2954


2958
2959
2958
0
0
2960
2960
2960
228
0


2555
2959
2929
2959
2503
0
26
2955
2958


2256
0
806
2953
2954
2959
2958
0
0
2949

2
955
2956
0
0
2954
2960
2955
2960
1374
0


1756
2953
2958
1351
0
2123
2951
2954
2954


2957
2707
0
317
2951
2958
2951
2953
0

0

2960
2960
2960
0
0
2823
2946
2957
2960

2
146
0
355
2951
2951
2036
0
866
2957
295
9

2958
2955
0
0
2949
2957
2957
0
0
2959

2
958
2977
2959
992
0
1648
2960
2957
1038


0
1687
2958
2957
2959
2867
0
0
2957
2957


2846
0
0
2954
2949
2959
2958
0
0
2960

2
978
2955
46
0
2339
2947
2960
2954
2349
0


0
2956
2957
2068
0
603
2960
2959
2959
2
9
47
0
0
2958
2949
2960
0
0
2949
2955
2957


2954
916
0
1362
2954
2951
990
0
1520
2
9
61
2960
2960
2885
0
0
2959
2957
2867
0
0


2957
2960
2959
2951
0
0
2955
2960
2960

2
07
0
2486
2959
2948
2960
2518
0
3
2961

2
959
2384
0
715
2957
2951
2958
2956
0
0

2
960
2958
2961
0
0
2950
2960
2957
2950
1
7
33
0
1305
2958
2955
2961
2960
2489
0
48

2
957
2960
2229
0
797
2955
2955
2959
2960


0
0
2957
2974
2957
0
0
2955
2951
2950
29
3
5
1134
0
1509
2963
2953
1136
0
1607
2957
2957
2957
2918
0
0
2957
2947
2881
0
0

2
954
2959
2957
2958
0
0
2960
2960
2959
1
4
8
0
2423
2955
2912
2955
2460
0
7
2956
29
4
7
2169
0
710
2958
2953
2960
2954
0
0
2
9
59
2958
2955
0
0
2960
2958
2955
2956
1002


0
1421
2960
2956
1001
0
1535
2957
2957


2959
2867
0
0
2951
2945
2851
0
0
2953
29
6
0
2954
2959
0
0
2954
2957
2958
48
0
236
3

2955
2909
2957
2429
0
0
2960
2963
2186


0
789
2949
2959
2951
2959
0
0
2958
2959


2951
0
0
2959
2951
2957
2949
1251
0
165
5

2960
2958
1276
0
1919
2954
2957
2956
293
0

0
0
2951
2955
2928
0
240
2957
0
2960


2954
2951
0
0
2953
2959
2953
2951
592
0

2
199
2957
2956
814
0
1925
2958
2954
2953


2821
0
0
2951
2956
2782
0
109
2960
2957

2
945
2945
0
0
2953
2958
2955
0
0
2603
2
9
50
2950
2951
2299
0
144
2960
2949
2207
0


679
2959
2960
2951
2951
0
0
2949
2960
2
9
44
0
0
2950
2949
2950
2951
981
0
1447
29
4
7
2954
944
0
1533
2957
2962
2957
2869
0


0
2959
2954
2833
0
0
2960
2949
2950
295
1
