6
72
0
2
314
1274
1856


1394
1086
1587
2413
2598
2055
1872
1886

2
127
2873
2958
2937
2864
2947
2955
2955
296
3

2938
2949
2954
2957
2959
2959
2959
2957


2951
2948
2965
2960
2960
2950
2955
2955
2
9
59
2960
2954
2957
2960
2955
2960
2958
29
4
9
2960
2960
2953
2959
2955
2955
2963
2994


2960
2957
2957
2959
2960
2957
2955
2956
2
9
57
2947
2957
2955
2959
2955
2961
2944
29
5
7
2957
2955
2959
2950
2955
2957
2960
2928


2816
0
0
471
1063
717
208
54
77
342
12
2
7
1661
1035
528
827
1532
1635
913
594
458


535
1232
1903
1721
1037
941
1686
2149
1
5
35
1059
858
863
1270
2094
2335
1607
1171

1
680
2198
1934
1264
958
895
1053
1891
241
3

1984
1395
1535
2191
2431
1744
1328
1191

1
245
1819
2529
2462
1651
1340
1913
2252
1
6
39
976
667
592
821
1648
1997
1313
845
127
7

1907
1920
1254
1071
902
705
1165
1472

9
74
218
103
783
1250
685
310
274
528
1151


2175
2559
2032
1831
2522
2943
2841
2533

2
433
2958
2960
2977
2953
2956
2950
2952
296
0

2960
2955
2960
2955
2951
2959
2957
2959


2957
2955
2958
2957
2957
2934
2956
2953
2
9
60
2957
2958
2959
2958
2957
2951
2957
29
5
9
2954
2953
2949
2958
2958
2959
2745
2555


2631
2836
2956
2953
2949
2639
2021
2093

2
035
1153
204
0
0
0
325
622
0
0
0
375
4
2
8
0
0
0
0
307
976
818
225
192
976
145
4

879
371
174
197
606
1466
1746
974
580
1
1
47
1709
1488
829
545
480
647
1531
2096

1
725
1154
1312
2007
2255
1584
1161
987
1023


1567
2270
2203
1423
1136
1815
2288
868
1
7
18
1990
1279
930
1583
2111
1690
722
160

0

0
669
1215
864
343
544
1361
1851
1371

1
123
1131
1387
2069
2886
2893
2500
2396
2
9
47
2956
2939
2884
2866
2892
2947
2959
2943


2954
2958
2954
2956
2955
2954
2957
2958


2955
2958
2955
2955
2960
2956
2956
2953
29
5
7
2953
2957
2957
2951
2960
2958
2955
296
0

2959
2959
2955
2951
2957
2958
2953
2960

2
955
2960
2957
2956
2957
2959
2960
2955
2
9
57
2959
2957
2958
816
71
0
0
0
0
96
361


0
0
0
449
476
0
0
0
0
621
1293
10
5
7
433
457
1181
1599
923
464
312
361
814


1614
1818
1068
688
1283
1827
1588
965
720


722
907
1789
2288
1829
1277
1423
2091
228
8

1582
1102
880
895
1454
2157
2163
1428

1
206
1885
2347
1909
1356
1104
1072
1349
219
8

2559
1906
1439
1815
2352
2227
1466
1069


837
834
1515
2081
1756
1013
944
1617
1980


1321
849
706
759
1231
2128
2411
1426
72
1

1023
1334
892
179
0
0
90
1019
1666
137
0

978
1335
2192
2597
2099
1868
1851
2018
2
7
00
2957
2951
2864
2893
2958
3021
2954
29
6
0
2960
2960
2951
2955
2951
2958
2955
296
0

2954
2959
2958
2955
2953
2950
2953
2958

2
954
2954
2960
2958
2951
2951
2957
2957
2
9
60
2960
2959
2954
2954
2935
2837
2659
2690


2958
2957
2943
2938
2951
2953
2928
2336


1527
830
432
859
1115
524
0
0
284
537
0


0
0
0
0
464
656
0
0
400
991
770
231

3
4
24
227
1111
1644
1151
572
752
1431
1667


949
554
416
464
1093
1777
1776
1023
800


1522
2031
1618
1086
885
885
1185
2058
24
1
9
1712
1241
1593
2127
2043
1289
958
850
9
4
8
1738
2324
2078
1432
1418
2108
758
991


1399
1168
254
0
656
1174
763
353
288
427


893
1954
2522
2058
1808
2329
2914
2875
2
5
30
2384
2389
2595
2950
2958
2957
2943
2955


2957
2960
2957
2953
2954
2951
2960
2955

2
959
2959
2954
2960
2958
2955
2957
2953
29
6
1
2960
2953
2954
2959
2955
2966
2955
2960


2951
2955
2959
2955
2955
2958
2958
2957

2
959
2955
2958
2957
2956
2955
2958
2954
29
5
9
2943
2954
2949
2955
2955
2951
2957
2955


2957
2958
0
281
402
0
0
0
0
157
807
8
6
5
197
69
843
1410
968
439
197
171
484
1
3
69
1783
1097
624
1023
1679
1641
955
654

5
68
672
1421
2069
1835
1197
1201
1911
2278


1639
1164
957
959
1425
2162
2301
1515
11
0
4
1677
2207
1951
1355
1070
1014
1175
2023


2462
1989
1414
1591
2272
2447
1775
1406

1
206
1200
1736
2326
2197
1320
1003
1618
200
1

1459
823
560
537
822
1697
2112
1479
10
1
4
1529
2147
1909
903
279
0
0
589
1194

9
58
371
447
1280
1866
1406
1115
1104
1343

1
957
2829
2923
2545
2354
2935
2949
2963
2
9
56
2949
2958
2960
2954
2955
2956
2955
2946


2950
2959
2960
2958
2956
2955
2960
2960


2956
2954
2960
2958
2960
2957
2960
2959
29
5
5
2955
2957
2955
2957
2948
2951
2955
295
5

2958
2939
2922
2685
2864
2954
2959
2953

2
931
2911
2666
2615
2613
2031
767
167
573


833
187
0
0
0
0
191
496
0
0
21
526
55
3

0
0
0
0
604
1309
1114
511
471
1183
1
6
17
960
466
318
350
808
1619
1856
1090
709


1322
1852
1615
993
762
751
926
1776
227
5

1819
1262
1395
2059
2262
1566
1104
885
9
1
0
1466
2159
2178
1438
1207
1887
656
1075


1978
2352
1411
701
958
1295
883
171
0
0


25
924
1584
1355
944
1232
2128
2590
2075


1819
1825
1991
2623
2955
2945
2838
2862

2
954
2954
2951
2962
2944
2954
2954
2958
295
9

2950
2951
2960
2953
2956
2960
2955
2960


2950
2957
2957
2957
2956
2958
2959
2957
2
9
54
2960
2955
2959
2958
2958
2953
2954
29
5
7
2954
2957
2960
2951
2958
2951
2959
2960


2960
2959
2957
2959
2956
2954
2957
2982

2
954
2954
2955
226
499
0
0
0
0
0
298
609


0
0
238
819
768
186
0
0
131
974
1535


1173
575
610
1341
1695
1023
583
406
432
9
3
8
1739
1887
1140
804
1473
2058
1727
1141


901
868
1078
1935
2352
1793
1248
1509
209
4

2174
1424
1053
901
994
1678
2343
2234

1
520
1348
2046
2464
1917
1374
1179
1171
15
3
2
2347
2543
1743
1233
1657
2141
1859
1118


747
586
638
1438
1953
1535
921
1069
1770


2090
1409
1072
998
877
1104
1554
1383
428


33
639
1186
849
386
274
422
829
1899
2
5
29
2147
1821
2252
2902
2907
2602
2398
2410


2608
2959
2955
2954
2952
2959
2955
2942


2951
2955
2957
2958
2956
2957
2954
2955
29
6
0
2955
2955
2954
2957
2953
2955
2954
295
8

2957
2955
2954
2949
2959
2949
2957
2960

2
960
2956
2951
2954
2951
2886
2590
2559
2
7
70
2950
2954
2961
2911
2418
2255
2252
1712


576
0
0
0
137
582
207
0
0
187
535
0


0
0
0
6
731
1038
327
45
693
1316
1102
4
5
5
190
155
294
1179
1706
1279
704
855
15
3
5
1791
1076
658
533
582
1171
1937
1983
12
5
2
1034
1744
2221
1751
1185
959
944
1230


2064
2402
1677
1170
1535
2162
2114
1443
11
2
3
1037
1149
1170
2009
2254
1293
549
75

0

295
1011
1141
407
179
946
1655
1499
1091


1066
1207
1621
2612
2942
2659
2366
2739


2957
2957
2903
2875
2871
2914
2959
2953
29
5
0
2950
2955
2949
2957
2955
2954
2957
295
9

2955
2960
2960
2953
2941
2959
2950
2954

2
952
2957
2959
2953
2955
2955
2951
2956
2
9
60
2954
2954
2949
2958
2957
2959
2950
2956


2957
2955
2948
2955
3007
2956
2955
2956


2951
2951
2950
2956
496
0
0
0
0
0
315
0


0
0
295
626
33
0
0
0
271
1105
132
2

583
281
943
1485
1122
511
300
270
496
1
3
71
1840
1250
723
997
1648
1807
1104
717


658
756
1435
2144
2079
1350
1195
1910
2337


1767
1209
930
865
1198
2019
2321
1570
1
1
42
1715
2304
2128
1503
1231
1131
1230
2064


2559
2174
1597
1695
2330
2498
1733
1234


953
880
1318
2000
1978
1146
812
1440
1923


1481
899
705
701
1002
1930
2451
1671
846


880
1274
1159
320
0
0
10
778
1528
1487

9
97
1091
2002
2597
2171
1854
1787
1922
24
1
0
2950
2957
2870
2819
2957
2960
2958
2958


2959
2960
2959
2955
2953
2954
2950
2958

2
951
2978
2972
2957
2951
2954
2959
2954
295
9

2958
2954
2960
2957
2960
2951
2960
2960


2960
2956
2951
2960
2951
2889
2731
2622
2
9
56
2956
2944
2933
2960
2959
2955
2502
16
8
7
942
496
679
1091
848
0
0
192
540
37
0


0
0
0
387
796
142
0
252
928
982
365

8
4
48
112
947
1589
1309
656
643
1360
178
7

1139
631
454
443
887
1710
1920
1163
782


1397
1995
1787
1147
902
867
1023
1861
234
3

1878
1291
1435
2065
2231
1488
1046
871

9
44
1535
2271
2288
1568
1315
966
805
880

1
395
1407
464
0
490
1089
946
368
198
322

6
55
1675
2385
2163
1792
2057
2815
2927
25
5
9
2382
2357
2489
2951
2959
2957
2955
2953


2961
2991
2954
2959
2959
2953
2951
2960

2
955
2957
2959
2944
2960
2953
2959
2955
295
4

2958
2957
2960
2955
2957
2957
2956
2960


2953
2956
2959
2957
2955
2960
2953
2957
2
9
55
2957
2953
2959
2958
2955
2960
2954
29
5
1
2958
2958
2953
2946
2946
2954
2953
2955


2947
2947
0
48
400
0
0
0
0
0
511
954


317
0
450
1159
1199
548
246
146
247
1039


1667
1426
782
737
1450
1835
1167
672
498


511
967
1809
2110
1416
1003
1598
2175
19
4
7
1327
1037
972
1127
1947
2378
1856
1235

1
395
2068
2281
1602
1203
1058
1117
1721
2
3
95
2384
1659
1413
2081
2513
2069
1517
1253


1137
1319
2061
2366
1568
1001
1321
1879


1787
1051
663
552
642
1394
2047
1812
1190


1177
2027
2339
1412
624
178
0
295
1043

1
279
539
240
955
1671
1604
1150
1088
1231

1
563
2533
2938
2704
2406
2702
2958
2944
2
9
51
2945
2956
2955
2954
2957
2960
2959
2960
2958
2951
2959
2958
2956
2960
2955
2953
2957
2950
2953
2955
2958
2960
2959
2956
2955
2958
2961
2959
2954
2957
2950
2960
2945
2956
2953
2954
2799
2603
2959
2962
2960
2951
2947
2816
2624
2747
2507
1285
352
413


781
589
0
0
0
0
16
407
169
0
0
354

7
84
181
0
0
0
274
1141
1438
715
359
961
1522
1262
624
368
315
481
1339
1863
1360
775
929
1631
1859
1162
751
673
777
1381
2145
2149
1421
1190
1872
2333
1870
1293
1006
895
1156
1963
1741
1559
896
628
527
659
1503
2194
1821
931
624
1059
1223
431
0
0
0
386
1296
1627
1059
872
1677
2405
232
2

1874
1775
1836
2147
2933
2946
2897
2818

2
947
2960
2954
2956
2945
2955
2959
2954
2
9
58
2958
2959
2960
2955
2959
2958
2954
2960


2954
2954
2959
2955
2954
2957
2956
2957

2
958
2957
2959
2955
2954
2958
2955
2960
2
9
55
2957
2955
2959
2957
2960
2960
2957
2956


2958
2960
2950
2954
2957
2958
2960
2950


2959
159
0
20
411
197
0
0
0
0
128
576


295
0
0
645
1047
432
84
0
96
581
1409

1
601
825
464
1079
1636
1346
720
464
370
573
1439
1936
1424
870
1088
1810
2054
1374


974
875
943
1570
2257
2238
1451
1226
1849


2258
1740
1186
929
935
1248
2099
2477
178
9

1353
1738
2330
2263
1589
1263
1147
1232


2019
2559
2288
1614
1504
2091
2336
1571
9
7
0
695
636
1011
1754
1951
1173
790
1399

1
963
1709
1111
951
833
736
1304
1535
832
1
4
9
281
942
1216
577
274
263
496
1294
221
3

2412
1876
1826
2619
2947
2736
2443
2405

2
481
2854
2958
2953
2956
2955
2959
2955
2
9
54
2953
2959
2955
2956
2960
2953
2955
2959


2978
2956
2955
2957
2950
2954
2953
2960


2958
2961
2959
2956
2957
2956
2959
2950
29
5
8
2959
2954
2960
2958
2939
2701
2548
264
5

2877
2954
2956
2953
2635
2230
2311
2106

9
45
140
0
0
0
511
541
0
0
85
511
192

0

0
0
0
511
1074
587
113
413
1139
1389
7
0
4
368
208
272
911
1638
1636
868
655
135
8

1837
1296
766
531
505
813
1681
2121
1474


1047
1456
2087
2064
1365
1055
927
1018

1
781
2332
1987
1307
1296
1975
2327
1677
12
3
5
1842
1088
935
1744
2101
1280
437
0
0

7
4
819
1163
481
157
720
1499
1587
1106
10
1
8
1146
1410
2381
2928
2749
2412
2587
2950


2950
2896
2856
2843
2897
2950
2959
2959

2
953
2949
2957
2955
2957
2951
2957
2953
295
8

2960
2959
2957
2959
2960
2953
2951
2959


2958
2955
2951
2956
2960
2978
2956
2953
2
9
51
2955
2955
2958
2958
2954
2955
2952
29
5
3
2958
2960
2951
2957
2958
2955
2955
2954


2954
2951
2958
2958
2949
0
0
0
0
311
2
3
9
0
0
213
681
267
0
0
0
95
987
1463
8
2
6
385
803
1441
1442
741
425
310
413
119
1

1825
1575
896
841
1535
1947
1293
817
6
6
2
757
1226
2022
2261
1494
1115
1728
2258

1
999
1365
1037
885
1038
1841
2306
1828
12
6
9
1438
2135
2336
1646
1234
1074
1127
1757


2416
2421
1714
1499
2167
2615
2127
1525

1
201
1059
1191
1934
2197
1395
806
1168
1749


1681
994
688
597
705
1531
2189
1802
874


567
1033
1222
453
0
0
0
403
1354
1735
1
1
61
944
1726
2436
2373
1929
1830
1906
217
9

2937
2957
2917
2844
2960
2955
2954
2945

2
955
2958
2953
2951
2954
2951
2958
2948
2
9
57
2957
2955
2959
2957
2958
2952
2958
295
9

2956
2955
2949
2959
2955
2959
2960
2955

2
954
2950
2960
2954
2954
2935
2832
2687
2
9
22
2951
2949
2923
2952
2953
2946
2685
1856


1104
624
569
1055
1089
95
0
92
508
225


0
0
0
0
226
720
373
0
61
771
1169
527


182
59
137
667
1466
1579
803
503
1187
17
2
1
1334
767
525
477
695
1565
2003
1424
91
4

1195
1875
2015
1319
976
875
959
1639
22
8
2
2096
1430
1318
1958
2317
1665
1137
916

9
44
1363
2192
2431
1660
1013
816
661
576


1175
1423
694
51
203
875
1121
478
211
203


465
1296
2170
2350
1839
1790
2608
2943

2
707
2405
2348
2458
2851
2951
2953
2945
29
4
4
2960
2954
2959
2959
2956
2957
2958
295
7

2953
2959
2957
2960
2951
2959
2951
2955

2
957
2955
2949
2953
2960
2958
2951
2955
2
9
57
2951
2954
2957
2951
2954
2956
2957
2957


2954
2953
2955
2957
2955
2955
2960
2957


2957
2949
2958
2955
2955
2960
2958
2957
44
8

528
0
0
0
355
119
0
0
0
0
378
927
5
7
7
64
220
983
1342
713
305
155
192
770
1
5
74
1667
903
639
1321
1808
1360
784
547
5
0
0
747
1607
2096
1520
1074
1392
2041
2113

1
420
1089
959
1063
1741
2320
2001
1293
12
3
0
1888
2259
1641
1163
974
966
1417
2238
2
4
38
1715
1321
1915
2437
2207
1589
1328
11
9
8
1279
2047
2427
1839
1168
1228
1817
1949


1184
728
557
581
1198
1941
1971
1238
102
3

1823
2334
1627
775
234
0
124
911
1287
6
3
7
240
721
1506
1680
1200
1047
1157
1454


2366
2933
2790
2437
2543
2949
2960
2896
29
5
9
2950
2951
2955
2960
2979
2949
2953
296
0

2951
2954
2955
2957
2954
2959
2947
2955

2
955
2959
2957
2959
2957
2958
2960
2957
2
9
59
2945
2954
2955
2957
2950
2951
2951
2951


2954
2951
2818
2491
2925
2951
2956
2941


2943
2886
2673
2806
2665
1616
560
386
769


747
0
0
0
0
0
278
256
0
0
173
630
22
6

0
0
0
43
867
1393
811
352
717
1362
1
4
08
703
362
267
371
1069
1753
1503
828
768


1490
1919
1306
821
645
748
1201
2026
22
5
6
1508
1127
1689
2229
1962
1319
1013
909

1
011
1822
2289
1855
1286
1449
613
665
131
3

2119
2127
1197
726
1137
1375
615
48
0
0


258
1224
1703
1139
870
1535
2301
2371
1
9
01
1778
1819
2039
2866
2951
2895
2830
2942


2955
2956
2946
2951
2947
2951
2951
2958

2
959
2957
2949
2960
2959
2954
2962
2962
29
6
0
2961
2960
2959
2952
2956
2960
2950
2955


2956
2954
2958
2959
2959
2954
2947
2955
2
9
53
2956
2949
2956
2956
2937
2954
2956
29
5
4
2954
2957
2955
2957
2950
2951
2959
295
5

2957
2960
0
390
473
0
0
0
0
0
443
484


0
0
409
955
576
97
0
14
305
1235
1673


950
484
878
1535
1535
843
511
416
496
12
4
8
1862
1593
922
906
1626
2066
1447
986

8
05
818
1281
2087
2288
1525
1123
1693
2203


1875
1217
941
889
1047
1888
2384
1926
13
6
5
1559
2218
2403
1706
1301
1154
1216
1793


2478
2416
1646
1302
1910
2261
1680
1035

7
18
598
842
1658
2007
1281
812
1223
1865
1856
1195
941
917
834
1328
1600
1118
304
179
850
1280
662
296
230
395
1059
2047
2454
1904
1694
2407
2921
2783
2441
2327
2389
2657
2951
2960
2951
2947
2953
2957
2961

2
961
2958
2956
2960
2957
2951
2957
2959
295
4

2950
2954
2955
2965
2967
2955
2957
2960


2955
2958
2950
2955
2956
2958
2955
2958
2
9
59
2955
2951
2955
2955
2855
2544
2559
28
0
0
2955
2957
2957
2873
2459
2527
2403
1408


409
0
0
0
408
693
0
0
0
369
349
0
0


0
0
291
926
735
161
203
1008
1477
858
38
6

187
203
640
1466
1727
970
596
1173
175
6

1511
873
592
531
705
1535
2102
1685
1144


1310
1968
2214
1497
1072
912
977
1555
2
2
21
2183
1405
1131
1810
2282
1840
1274
1072


1037
1322
2185
2209
1991
1019
352
0
0

5
49
1099
812
197
285
1138
1681
1210
904
96
1

1197
1820
2731
2902
2459
2277
2893
2952


2929
2841
2819
2864
2935
2955
2958
2960
2
9
60
2970
2955
2955
2958
2951
2958
2958
29
5
4
2960
2951
2954
2960
2959
2960
2959
2955


2957
2959
2960
2959
2950
2954
2955
2958

2
953
2958
2960
2954
2957
2957
2960
2951
295
8

2958
2959
2959
2959
2959
2953
2960
2950


2960
2955
2956
2954
2960
2958
2957
0
70

3
77
0
0
0
320
466
0
0
0
0
401
1163
11
4
4
448
337
1035
1517
931
432
276
284
663

1
535
1865
1103
667
1230
1782
1640
962
680


647
832
1680
2210
1840
1242
1338
2025
231
3

1622
1174
941
932
1403
2134
2238
1493

1
210
1856
2333
1950
1372
1134
1072
1297
211
5

2538
1946
1478
1770
2395
2404
1651
1226


990
949
1523
2093
1823
1081
897
1562
1965


1354
851
658
677
1107
1971
2352
1483
76
7

997
1331
954
208
0
0
21
945
1616
1359

9
14
1208
2075
2529
2041
1797
1775
1982
25
9
1
2960
2949
2838
2862
2961
2955
2949
2951


2957
2956
2959
2939
2957
2957
2959
2956

2
953
2955
2960
2975
2959
2955
2974
2960
2
9
57
2948
2958
2958
2959
2957
2960
2951
2957


2951
2954
2951
2960
2952
2923
2853
2781

2
955
2955
2943
2929
2953
2953
2953
2773
211
1

1384
835
958
1312
1009
61
0
290
662
9
0

0
0
0
0
340
720
91
0
186
823
902
303


59
26
176
961
1613
1327
647
601
1329
17
5
3
1084
609
400
385
820
1648
1901
1139
750


1358
1965
1805
1196
930
882
1043
1887
2
3
49
1891
1301
1410
2017
2164
1427
995
832

9
17
1529
2242
2259
1530
1294
907
899
1061


1600
1589
560
3
472
1051
869
298
134
169


477
1507
2239
2045
1664
1924
2738
2915

2
529
2309
2303
2466
2944
2960
2955
2945
294
4

2957
2952
2951
2947
2959
2953
2951
2963


2954
2960
2955
2955
2960
2956
2951
2957


2954
2949
2957
2959
2962
2960
2958
2954
2960
2951
2957
2951
2957
2960
2960
2958
2959
2960
2959
2958
2956
2958
2959
2958
2955
2960
2957
2960
2959
2959
2957
2952
2958
29
6
0
373
0
0
64
415
0
0
0
0
0
553
948
2
9
7
0
463
1175
1136
509
244
146
260
1088


1687
1425
774
771
1478
1808
1120
626
464

4
85
991
1815
2007
1313
976
1650
2174
1822


1253
997
974
1163
1979
2377
1769
1206
140
3

2065
2197
1500
1137
1009
1097
1775
2421


2333
1601
1414
2077
2491
1941
1417
1187
1
1
47
1407
2160
2351
1511
1000
1426
1941
17
3
5
993
652
539
633
1470
2030
1678
1073
11
8
4
2028
2320
1392
625
194
32
423
1117
1223


495
254
1043
1727
1498
1089
1013
1175
1
5
71
2556
2942
2606
2294
2713
2960
2955
2947


2959
2960
2955
2958
2960
2954
2961
2966


2955
2950
2958
2958
2954
2958
2960
2957
29
5
4
2960
2951
2954
2957
2957
2954
2957
2959


2959
2955
2960
2958
2957
2949
2955
2954

2
959
2957
2955
2830
2602
2953
2971
2942
29
1
2
2923
2802
2583
2727
2483
1254
326
402
7
7
1
543
0
0
0
0
0
334
62
0
0
256
666

9
6
0
0
0
195
1093
1424
701
331
948
1511

1
247
602
330
276
415
1289
1807
1323
733

8
97
1587
1844
1163
778
669
778
1393
2131

2
176
1442
1195
1872
2349
1884
1281
999
91
2

1149
1990
2373
1707
1249
1646
531
635
14
9
0
2111
1773
935
706
1163
1239
387
0
0

0

385
1281
1511
909
789
1653
2359
2173
177
8

1706
1786
2147
2928
2951
2866
2781
2957


2960
2957
2951
2943
2949
2957
2959
2959
2
9
52
2956
2953
2959
2960
2945
2953
2961
29
5
8
2959
2960
2954
2957
2954
2947
2954
2950


2956
2953
2953
2966
2955
2960
2955
2959

2
960
2955
2951
2951
2957
2958
2959
2960
296
1

2958
2955
2953
2957
2960
2950
2942
2955


2955
2957
2959
452
267
0
0
0
0
25
487

2
49
0
0
539
994
432
42
0
53
529
1404
1
6
75
899
473
1059
1647
1424
762
460
375
508


1360
1892
1427
865
1014
1754
2069
1413
1
0
14
880
949
1526
2251
2267
1509
1225
1872

2
276
1775
1178
947
903
1211
2084
2477
180
8

1354
1732
2320
2283
1605
1271
1134
1218

1
955
2506
2196
1455
1355
1963
2242
1510
9
4
7
689
639
1045
1825
1997
1231
839
1457

2
015
1793
1207
976
1090
1150
1671
1856
1093


320
363
986
1203
532
240
183
419
1197

2
106
2304
1779
1721
2526
2934
2671
2352
230
7

2411
2763
2949
2956
2978
2960
2960
2957


2956
2955
2955
2960
2958
2976
2960
2960
2
9
53
2960
2960
2951
2942
2960
2958
2953
29
6
0
2954
2959
2959
2950
2953
2956
2957
2959


2957
2954
2954
2959
2960
2960
2799
2517

2
555
2830
2958
2949
2954
2908
2663
2725
252
7

1377
399
0
0
0
435
592
0
0
8
398
21
7

0
0
0
0
357
894
553
8
175
917
1298
65
9

315
113
155
699
1509
1632
885
586
1245


1778
1360
762
507
482
720
1620
2112
1585


1125
1410
2097
2176
1463
1104
986
1023
1
6
81
2285
2021
1306
1147
1827
2263
1670
1187


1974
1163
787
1377
2075
1741
814
247
0


0
691
1200
782
247
423
1255
1670
1136
896


914
1177
1914
2815
2832
2355
2306
2939
2
9
50
2912
2850
2833
2876
2953
2957
2954
29
6
0
2954
2959
2958
2954
2953
2960
2947
2951


2959
2951
2955
2959
2956
2956
2959
2957

2
952
2957
2957
2962
2960
2957
2951
2959
296
6

2959
2960
2960
2957
2959
2957
2960
2955


2959
2960
2951
2958
2959
2959
2959
2951
2
9
59
2953
2955
2956
2960
2958
0
0
0
174

4
32
0
0
0
453
416
0
0
0
0
560
1232
10
1
0
414
446
1153
1535
886
445
263
305
811


1621
1845
1047
666
1259
1811
1563
938
686


689
887
1765
2281
1840
1267
1415
2102
2
2
69
1535
1117
912
933
1483
2174
2161
1438

1
235
1904
2377
1905
1345
1129
1114
1393
22
2
7
2559
1923
1456
1872
2449
2375
1664
125
1

1034
1008
1668
2146
1766
1036
926
1585
1
9
09
1243
795
620
668
1161
1989
2294
1424


760
1067
1358
907
168
0
0
46
921
1559
12
4
5
846
1168
2057
2441
1934
1712
1706
1918
2605
2954
2945
2819
2865
2958
2955
2951
2960
2960
2957
2960
2954
2960
2959
2957
295
4

2963
2957
2953
2957
2959
2955
2960
2959


2960
2955
2957
2959
2951
2955
2959
2954
2
9
60
2951
2965
2959
2958
2951
2927
2832
2851


2955
2955
2928
2928
2969
2959
2951
2709
2021
1295
801
1111
1346
769
0
0
304
621

0

0
0
0
0
496
752
48
0
401
1035
869

2
79
65
78
240
1110
1650
1200
596
736
1437


1709
1013
603
431
483
1043
1791
1796
104
1
811
1489
2023
1616
1075
868
842
1164
202
7

2441
1764
1264
1617
2151
2064
1332
959
847
943
1723
2343
1983
1264
781
767
686
9
2
9
1413
1250
272
0
473
1005
683
183
102


215
627
1686
2352
2012
1681
2112
2826
2866


2451
2273
2288
2477
2960
2960
2958
2945


2950
2957
2958
2955
2957
2960
2959
2956
29
5
9
2954
2962
2953
2957
2958
2957
2955
295
8

2959
2947
2942
2958
2959
2961
2937
2956

2
956
2958
2959
2959
2951
2951
2949
2955
2
9
53
2954
2953
2955
2958
2960
2953
2951
2951


2955
2959
2959
2960
2966
2960
2957
2955


595
103
0
0
186
448
0
0
0
0
45
765
957
263
14
731
1345
1059
462
201
145
321
1182
1705
1187
657
886
1571
1741
1007
603
459
548
1200
1910
1846
1149
1013
1739
2218
1655
1141
961
969
1317
2158
2400
1597
1121
1619
2183
2000
1376
1099
1018
1126
1942
2463
2074
1488
1598
2262
2534
1872
1440
1279
1360
1872
2601
2596
1748
1328
1830
2191
1648
925
623
528
720
1553
2001
1360
858
1237
1826
1641
641
61
0
0
392
1045
854
271
310
1168
1751
1323
1009
1012
1232
1847
2773
2923
2528
2338
2926
2959
2940
2886
2953
2954
2955
2957
2957
2959
2955
2953
2951
2943
2955
2957
2950
2959
2951
2955
2958
2956
2958
2960
2957
2959
2959
2957
2959
2956
2960
2954
2960
2951
2953
2951
2957
2957
2955
2959
2889
2926
2958
2955
2947
2946
2919
2769
2771
2773
2220
979
353
727
1022
395
0
0
0
0
347
688
17
0
86
650
690
47
0
0
0
659
1386
1211
591
573
1293
16
89
1021
528
323
366
799
1610
1876
1089
6
5
6
1254
1819
1568
923
657
624
845
1709
223
0

1802
1229
1393
2041
2284
1597
1162
945


943
1473
2192
2174
1431
1188
507
474
811

1
745
2151
1214
506
686
1057
784
51
0
0
0


688
1421
1294
875
1086
2007
2557
2096
180
0

1758
1922
2491
2957
2945
2813
2803
2955


2960
2954
2950
2960
2951
2959
2955
2960
2
9
53
2958
2949
2953
2957
2945
2956
2955
29
5
4
2955
2958
2959
2960
2960
2959
2960
2960


2954
2955
2958
2959
2957
2959
2959
2960
2955
2959
2960
2954
2959
2954
2955
2951
2949
2947
2979
2945
2957
2959
2959
2959
2958

2955
2960
2954
2951
0
0
0
0
0
412
641


0
0
331
941
790
233
64
83
255
1126
1655
1232
629
733
1415
1710
1002
576
411
464
1008
1806
1866
1103
854
1573
2078
1629
1098
867
843
1159
2032
2399
1709
1235
1619
2182
2095
1373
1003
875
967
1744
2335
2095
1457
1421
2099
2464
1821
1330
1126
1141
1610
2359
2599
1863
1507
2103
2620
2330
1662
1259
989
959
1653
2018
1429
780
907
1600
1808
1094
724
327
97
421
926
797
0
0
487
1050
691
256
196
345
808
1910
2491
2033
1791
2301
2910
2869
2523
2386
2437
2625
2960
2957
2958
2949
2955
2955
2957
2958
2956
2960
2953
2961
2956
2957
2976
2954

2
954
2959
2953
2951
2955
2958
2955
2958
295
8

2960
2957
2956
2958
2955
2955
2960
2957


2959
2957
2951
2959
2947
2909
2894
2927

2
959
2955
2943
2271
1442
1488
1605
997
86
0


0
0
310
726
251
0
0
501
739
73
0
0

0

330
1117
1233
511
286
1054
1616
1254
689
439
398
635
1479
1928
1327
811
1117
177
6
1808
1072
711
592
660
1381
2055
1847
123
0

1192
1909
2325
1695
1215
1036
1023
1438
2215
2401
1579
1115
1643
2151
1904
1280


1006
1264
647
609
964
841
0
0
0
0
0
528
641
39
0
836
1535
1312
965
992
1190
16
8
0
2704
2943
2643
2425
2870
2953
2954
2896


2887
2897
2928
2953
2955
2954
2958
2960

2
960
2974
2946
2956
2953
2954
2960
2957
295
6

2949
2955
2956
2955
2954
2955
2951
2955

2
947
2951
2950
2960
2959
2936
2954
2955
2
9
54
2960
2957
2956
2953
2957
2950
2954
29
5
4
2958
2966
2951
2950
2949
2950
2960
2955


2958
2957
2957
2955
2950
2955
2955
2957

2
959
2959
2956
2959
1101
398
0
0
37
562
1
4
24
1614
880
577
1238
1743
1350
737
454
432
651
1514
1969
1388
832
1103
1744
1840

1
134
765
656
815
1521
2183
2032
1361
1237


1919
2326
1725
1203
944
891
1239
2033
227
7

1568
1154
1729
2299
2089
1470
1195
1088


1200
2035
2507
2096
1535
1662
2316
2554
1
9
19
1535
1379
1442
1993
2706
2609
1699
12
4
1
1709
2000
1404
734
461
405
689
1456
157
8

509
0
83
583
511
0
0
0
0
608
1403
13
2
7
880
1051
1980
2583
2149
1861
1828
1985

2
501
2947
2958
2874
2846
2989
2956
2953
2
9
54
2950
2955
2958
2965
2953
2954
2955
2953


2958
2961
2954
2957
2954
2954
2960
2957


2953
2959
2947
2956
2959
2959
2957
2958

2
956
2958
2959
2957
2959
2958
2958
2947
294
3

2953
2955
2958
2949
2967
2958
2951
2270


1405
730
325
554
1062
931
45
0
310
743

2
87
0
0
0
0
542
1008
416
0
333
1066
12
1
3
571
255
191
321
1040
1731
1535
820
688


1381
1834
1221
720
498
487
876
1718
1967


1202
786
1371
1972
1793
1198
941
895
1015


1887
2374
1915
1315
1419
2032
2224
1483


1815
1616
837
678
1403
1891
1344
850
682

4
75
553
1141
1231
294
0
351
957
860
287


142
188
491
1517
2267
2103
1680
1941
2741


2923
2559
2349
2306
2459
2930
2957
2959
2
9
43
2948
2957
2953
2958
2951
2951
2955
295
5

2956
2955
2946
2955
2959
2958
2954
2956


2957
2963
2956
2955
2965
2960
2955
2959
29
5
8
2947
2958
2951
2958
2960
2959
2959
295
7

2957
2958
2986
2960
2959
2960
2957
2956

2
957
2958
2973
2955
2954
2943
0
0
128
58
0

329
0
0
187
577
0
0
0
0
0
661
1040


367
3
610
1301
1216
582
326
240
358
1191


1755
1386
773
827
1507
1834
1128
659
494


532
1051
1851
2000
1308
1018
1693
2220
18
5
7
1291
1023
959
1179
1979
2399
1713
1164


1417
2023
2115
1425
1100
975
1062
1740
23
8
7
2210
1535
1431
2097
2531
1938
1475
1280


1312
1695
2511
2735
1935
1410
1785
2163
1
8
35
1019
637
465
539
1362
1902
1475
883

1
055
1760
1815
810
110
0
0
190
866
955

2
82
106
955
1621
1411
1023
976
1149
1597
2
6
19
2943
2619
2325
2770
2950
2953
2881
28
5
7
2867
2955
2955
2954
2960
2960
2959
2957


2951
2951
2963
2950
2957
2960
2957
2947
2
9
60
2959
2965
2951
2954
2957
2960
2954
29
5
7
2958
2951
2959
2952
2953
2955
2956
2954


2953
2958
2939
2864
2959
2960
2947
2939

2
896
2634
2321
2480
2320
1141
259
353
784

6
26
0
0
0
0
87
577
323
0
0
446
868
28
4

0
0
0
287
1189
1497
790
423
1063
1629

1
367
720
463
398
559
1423
1904
1443
843

9
63
1659
1877
1184
752
624
735
1361
2127
2
1
48
1435
1194
1854
2311
1839
1251
982
879


1119
1942
2347
1691
1202
1600
404
531
139
2

1914
1190
325
222
692
822
53
0
0
0
36
8

1278
1437
887
851
1742
2418
2171
1854
1
7
70
1877
2275
2944
2948
2870
2811
2959
29
5
7
2952
2945
2947
2954
2954
2954
2955
2959


2951
2954
2950
2957
2958
2953
2958
2953

2
955
2954
2947
2955
2955
2960
2960
2960
296
0

2954
2960
2960
2954
2959
2958
2955
2958


2956
2960
2958
2951
2958
2959
2957
2954
2
9
46
2957
2949
2955
2994
2955
2958
2959
298
6

2955
2958
2960
2953
2960
0
0
0
342
775


290
0
145
862
1120
443
146
89
201
886

1
631
1620
848
592
1294
1785
1302
745
480


476
768
1613
2000
1296
818
1213
1847
1855


1211
886
815
945
1727
2320
2031
1389
133
8

2022
2328
1648
1125
892
912
1383
2177
23
8
7
1666
1297
1872
2406
2119
1475
1186
111
1

1266
2111
2559
2126
1587
1779
2434
2603

1
847
1313
1001
891
1344
1923
1826
1002
71
9

1389
1861
1381
815
617
350
342
936
1171


326
0
206
845
887
275
98
150
460
1408

2
258
2195
1766
1913
2723
2942
2646
2389
236
3

2499
2915
2953
2954
2959
2959
2956
2953


2950
2955
2960
2957
2958
2951
2957
2953
2
9
53
2960
2960
2960
2943
2953
2955
2954
29
5
8
2960
2955
2957
2955
2959
2957
2955
2956


2959
2954
2954
2958
2957
2959
2894
2700

2
691
2894
2956
2955
2928
2501
2112
2195
197
6

830
78
0
0
39
611
624
0
0
187
651
31
5

0
0
0
0
693
1172
720
239
549
1298
15
0
2
815
464
333
405
1019
1713
1630
879
711


1422
1857
1279
729
522
511
865
1751
2090


1407
1023
1584
2176
2009
1363
1054
951
10
5
3
1835
2334
1869
1226
1259
1918
511
1083


1733
1598
932
838
1601
1856
986
181
0
0


10
695
984
280
6
693
1423
1425
959
913


1067
1398
2384
2908
2688
2335
2603
2947
29
5
5
2880
2828
2837
2897
2955
2957
2945
295
9

2956
2959
2960
2960
2958
2953
2960
2945

2
958
2958
2959
2960
2954
2951
2955
2954
2
9
59
2959
2947
2958
2958
2958
2955
2958
2956


2960
2954
2959
2953
2958
2956
2957
2955

2
954
2958
2958
2957
2958
2955
2949
2954
2
9
58
2954
2960
2973
2957
2953
2962
0
0
397


327
0
0
282
739
256
0
0
0
144
1055
14
7
3
794
387
869
1494
1379
679
389
272
404

1
220
1788
1500
857
858
1557
1917
1261
784


619
710
1233
2038
2201
1461
1136
1782
229
1

1936
1342
1059
944
1099
1909
2345
1764


1233
1488
2163
2254
1569
1216
1085
1170
18
4
0
2481
2288
1643
1535
2243
2650
2045
159
1

1362
1319
1599
2255
2338
1423
852
1291
1
7
45
1478
800
487
452
610
1492
2047
1488

5
86
414
885
1014
238
0
0
0
400
1300
1506


917
837
1717
2415
2178
1839
1794
1907
22
8
8
2956
2955
2869
2815
2954
2960
2951
2951


2958
2960
2955
2955
2958
2955
2953
2957

2
956
2957
2960
2956
2958
2958
2947
2960
296
0

2958
2955
2959
2956
2956
2957
2956
2958


2960
2949
2958
2957
2959
2955
2951
2901
2
9
53
2954
2943
2915
2955
2958
2954
2735
19
8
5
1269
748
723
1191
1179
189
0
166
624
3
0
4
0
0
0
0
261
765
391
0
111
826
1168


526
183
90
221
802
1590
1634
857
529
1210


1734
1319
733
485
470
689
1567
2009
136
0

846
1171
1821
1891
1227
881
795
906
1601


2247
2030
1351
1233
1920
2251
1535
1006


816
854
1295
1299
1739
1295
747
577
419
4
5
0
1054
1253
390
0
203
826
873
289
76
1
4
7
426
1374
2211
2166
1741
1895
2734
2943

2
653
2423
2369
2480
2925
2955
2960
2953
2
9
49
2963
2954
2959
2953
2957
2957
2958
2955


2954
2957
2951
2976
2959
2959
2960
2959


2958
2958
2955
2953
2951
2957
2957
2958
29
5
3
2955
2959
2951
2959
2953
2955
2951
295
5

2959
2959
2955
2954
2957
2958
2958
2955

2
957
2958
2954
2954
2957
2950
2958
2960
66
4

589
0
0
151
572
171
0
0
0
0
606
1121


586
149
529
1255
1456
778
432
303
346
1
0
34
1712
1535
869
735
1433
1854
1233
701
5
1
1
491
891
1754
2054
1339
990
1576
2157

1
957
1296
1010
923
1057
1872
2333
1831
11
6
6
1264
1949
2213
1535
1191
1019
1055
1618


2343
2335
1583
1343
2000
2448
2003
1475

1
264
1261
1535
2415
2769
2086
1527
1735
216
0

2009
1172
704
475
511
1228
1815
1558
8
9
6
835
1610
1875
934
161
0
0
64
782
1056


348
61
784
1483
1425
998
912
1049
1392

2
389
2903
2650
2306
2603
2954
2934
2871
282
7

2951
2954
2951
2957
2959
2953
2955
2951


2957
2960
2929
2960
2954
2955
2960
2959
2
9
59
2953
2954
2959
2970
2965
2955
2953
29
4
9
2957
2953
2957
2958
2951
2951
2954
2955


2960
2956
2950
2879
2957
2956
2957
2944
2
9
15
2679
2351
2495
2363
1261
347
332
763


719
0
0
0
0
43
574
394
0
0
417
893
349


0
0
0
263
1152
1535
848
459
1019
1618


1466
769
469
385
497
1337
1889
1535
895
9
2
9
1623
1923
1238
775
611
694
1270
2063

2
195
1443
1124
1778
2271
1882
1306
1023
921


1070
1842
2283
1715
1241
551
384
454
13
0
2
1847
1258
304
47
570
827
107
0
0
0
22
1

1124
1515
919
771
1571
2336
2288
1873

1
786
1857
2153
2928
2957
2894
2787
2955
295
5

2953
2950
2947
2947
2955
2957
2960
2959


2957
2957
2955
2954
2958
2960
2957
2956

2
955
2960
2960
2958
2955
2954
2956
2957
295
3

2953
2955
2957
2960
2953
2959
2957
2960


2951
2955
2960
2955
2959
2951
2956
2956
2
9
60
2956
2949
2955
2955
2957
2957
2956
29
5
5
2960
2951
2959
2958
0
0
0
0
106
707
5
5
8
0
0
662
1203
670
243
110
176
581
149
8

1783
1003
565
1111
1687
1482
834
560
464


602
1420
1940
1520
934
1058
1759
2077
1
4
15
1017
885
959
1488
2205
2251
1488
1184

1
808
2241
1749
1127
873
837
1119
2025
243
0

1776
1321
1727
2314
2281
1613
1262
1159

1
222
1958
2545
2296
1661
1653
2337
2691
2
0
64
1613
1342
1207
1452
2078
2097
1206
747


1280
1779
1482
848
490
135
0
576
937
33
9

0
31
656
972
367
112
138
394
1199
2126


2368
1827
1777
2559
2946
2738
2463
2384

2
477
2831
2960
2955
2949
2957
2957
2951
295
6

2949
2953
2947
2953
2955
2957
2960
2951


2955
2954
2957
2957
2956
2955
2959
2967
2
9
57
2961
2960
2955
2959
2935
2953
2960
29
5
1
2943
2958
2950
2960
2950
2951
2873
2853


2931
2960
2959
2946
2531
1997
2103
2038

1
022
175
0
0
0
560
761
0
0
154
657
467

0

0
0
0
624
1213
864
320
445
1220
1600


942
558
368
398
901
1669
1810
1041
726
13
7
5
1863
1465
849
576
528
751
1623
2082
1
5
35
1067
1345
2039
2161
1447
1087
948
1015


1673
2301
2082
1318
1155
1837
2257
1666

1
643
1734
944
661
1360
1806
1135
272
0
0

0

528
949
423
0
361
1182
1505
1002
832

8
87
1182
2043
2848
2807
2355
2368
2943
2957


2906
2825
2842
2886
2947
2957
2955
2957


2954
2953
2951
2958
2958
2960
2955
2957
29
5
7
2957
2950
2949
2951
2953
2955
2960
295
7

2951
2958
2959
2953
2958
2953
2955
2957

2
953
2937
2955
2959
2960
2950
2957
2955
2
9
55
2959
2953
2949
2956
2954
2957
2950
2955


2955
2955
2955
2955
2960
2956
2955
0
32
2

277
0
0
106
557
145
0
0
0
0
795
1279


667
263
682
1334
1345
650
339
234
363
11
4
9
1799
1535
866
822
1535
1941
1259
788

6
21
656
1153
1971
2228
1503
1119
1686
2255


2017
1357
1072
967
1041
1821
2291
1840
1
2
62
1425
2096
2300
1609
1210
1043
1090
1661


2357
2384
1677
1435
2085
2471
1917
1252


948
825
1010
1795
2151
1403
895
1217
1823


1791
1088
780
679
821
1623
2234
2093
161
4

1424
1812
1851
899
247
0
0
333
1174
153
5

883
670
1424
2181
2143
1680
1589
1648

1
947
2831
2955
2862
2669
2906
2959
2957
295
5

2958
2960
2960
2957
2955
2957
2954
2959


2958
2953
2947
2954
2958
2957
2954
2960
29
6
0
2954
2956
2955
2959
2950
2957
2959
295
3

2957
2957
2957
2957
2957
2943
2891
2797

2
928
2956
2941
2845
2906
2959
2951
2955
2
8
54
2327
1691
1282
1573
1535
528
0
39
46
9

357
0
0
0
0
9
480
250
0
0
470
938
37
4

0
0
1
416
1331
1616
832
437
1020
1593


1387
765
474
391
544
1401
1917
1457
882

1
023
1730
2003
1362
959
816
898
1471
2193


2217
1474
1197
1871
2307
1804
1188
922
88
0

1162
2038
2474
1815
1347
802
836
1061

1
707
1873
1011
237
327
926
1094
365
74
64


252
1079
1968
2098
1559
1585
2417
2901
25
2
7
2207
2142
2262
2702
2958
2958
2946
292
1

2959
2958
2960
2949
2950
2960
2960
2959

2
957
2957
2947
2956
2959
2960
2958
2953
2
9
60
2957
2959
2959
2959
2955
2958
2957
2956


2960
2957
2957
2959
2954
2958
2950
2953


2958
2957
2960
2960
2958
2951
2957
2950
29
6
0
2955
2965
2951
2959
2958
2960
2953
295
5

2953
0
0
0
341
20
0
0
0
0
336
807
37
8

0
235
963
1247
588
267
157
212
796
15
3
5
1520
797
589
1280
1804
1251
680
464
446


753
1638
2032
1419
967
1406
2073
2054
1
3
92
1071
963
1047
1765
2352
2043
1324
1261


1943
2320
1687
1216
1014
1040
1485
2266
2
4
51
1710
1317
1909
2398
2130
1535
1283
121
6

1360
2176
2609
2061
1386
1424
1955
2058


1252
754
553
529
1085
1808
1824
1086
857


1616
2189
1581
717
246
0
82
848
1249
55
4

123
563
1358
1508
996
831
933
1248
2143


2864
2736
2309
2399
2947
2951
2881
2822

2
825
2877
2956
2959
2958
2958
2954
2957
295
5

2954
2950
2959
2957
2957
2956
2956
2954


2954
2957
2957
2953
2951
2935
2960
2957
2
9
56
2959
2954
2955
2949
2956
2954
2956
29
5
5
2953
2946
2864
2953
2947
2953
2930
2939


2940
2843
2925
2843
2021
911
529
882
993


122
0
0
0
0
347
445
0
0
144
606
323
0


0
0
0
798
1363
890
400
658
1363
1565

8
33
432
282
335
976
1731
1713
923
705
1394


1872
1378
810
615
625
1018
1894
2319
16
4
2
1194
1592
2210
2155
1466
1113
967
990
1
6
83
2225
1937
1280
1259
1980
2387
1761
13
1
5
1968
986
461
890
1165
443
0
0
0
64
95
1

1487
889
643
1294
2116
2209
1766
1645

1
697
1952
2814
2951
2899
2749
2917
2955
294
9

2962
2960
2939
2945
2951
2955
2955
2959


2955
2951
2957
2949
2959
2955
2953
2951
2
9
55
2960
2955
2950
2952
2955
2955
2949
29
6
4
2951
2957
2959
2958
2954
2954
2959
2957


2953
2947
2955
2958
2954
2950
2956
2954
2
9
58
2957
2942
2955
2960
2955
2951
2955
29
5
4
2953
2958
2956
2955
2954
2954
2955
13
5
2
8
539
0
0
439
971
575
79
0
19
309
126
4

1714
1046
551
912
1535
1567
870
537
417


497
1233
1869
1625
955
928
1632
2058
145
0

1002
841
874
1360
2161
2374
1611
1225
17
8
1
2269
1951
1281
976
895
1043
1889
2372


1946
1389
1571
2214
2416
1713
1303
1146
11
9
8
1806
2479
2495
1804
1591
2251
2672
211
8

1408
1035
835
986
1694
2009
1268
721
108
6

1683
1693
1015
701
655
547
1007
1360
8
7
8
75
0
624
1057
466
113
90
243
852
1901


2325
1787
1610
2337
2919
2765
2416
2333
2
3
80
2629
2958
2951
2954
2951
2954
2953
289
1

2957
2959
2965
2959
2960
2958
2960
2965


2959
2955
2954
2956
2958
2955
2960
2955
29
5
9
2959
2951
2950
2955
2941
2954
2976
295
5

2955
2958
2955
2958
2951
2928
2798
2623

2
748
2955
2959
2955
2870
2455
2549
2416
1
4
56
479
0
0
0
511
832
57
0
9
475
475

0

0
0
0
378
1040
832
267
297
1054
1525
9
1
2
457
285
294
711
1525
1776
1010
624
11
9
5
1753
1516
841
567
496
649
1488
2000
161
0

1058
1215
1920
2176
1516
1109
949
1019


1593
2273
2247
1446
1153
1792
2272
1807
148
4

1808
1059
626
1147
1691
1342
368
0
0

0

272
791
504
0
116
997
1535
1089
862
8
9
8
1129
1806
2733
2890
2442
2254
2875
2956


2923
2813
2815
2869
2949
2951
2955
2959

2
957
2957
2960
2955
2960
2958
2960
2960
295
5

2957
2959
2954
2954
2958
2958
2955
2957


2959
2951
2960
2960
2960
2954
2956
2951
2
9
55
2957
2950
2951
2959
2951
2957
2955
29
5
8
2961
2960
2958
2967
2959
2962
2960
2959


2959
2957
2958
2960
2959
2956
2958
0
358


553
0
0
150
659
498
0
0
0
5
848
1440

1
069
523
674
1389
1684
975
539
365
439
1
0
02
1775
1863
1093
769
1440
1909
1479
886


651
624
941
1827
2291
1710
1213
1555
2181

2
229
1527
1162
967
987
1617
2236
1981
134
1

1308
1982
2389
1766
1293
1108
1098
1511


2283
2526
1776
1360
1953
2485
2248
1647
1
3
85
1337
1477
2251
2605
1956
1234
1191
17
4
4
1851
1067
597
429
511
1098
1837
1808
75
4

234
651
947
386
0
0
0
10
909
1481
94
3

690
1291
2133
2311
1840
1713
1776
2001
2
8
22
2960
2919
2806
2915
2957
2960
2960
29
4
6
2959
2955
2986
2955
2955
2960
2954
2958


2954
2955
2959
2955
2959
2951
2947
2951

2
960
2953
2958
2959
2951
2960
2947
2955
295
4

2960
2951
2954
2954
2935
2950
2928
2951


2959
2947
2868
2899
2979
2958
2934
2559
1
8
68
1206
878
1284
1411
560
0
47
539
560


0
0
0
0
64
631
481
0
0
587
1078
558
11
2

13
78
484
1395
1725
918
489
1047
1623


1429
787
504
430
575
1406
1920
1525
927
1
0
47
1745
2034
1392
976
819
879
1454
2196


2234
1490
1203
1851
2304
1837
1202
926
889


1141
2026
2419
1769
1287
1663
775
961
1
6
32
1830
1105
256
203
837
1107
400
65
32

2
11
912
1883
2144
1616
1519
2351
2885
261
3

2254
2176
2256
2608
2960
2969
2944
2937

2
957
2960
2953
2960
2949
2959
2956
2959
2
9
60
2951
2958
2956
2955
2956
2955
2956
2955


2960
2954
2957
2954
2955
2957
2956
2959

2
960
2960
2959
2962
2945
2954
2955
2950
295
9

2949
2949
2960
2959
2954
2955
2960
2957


2956
2959
2954
2959
2958
2953
2951
2955


2961
0
0
0
336
208
0
0
0
0
244
801
560


9
99
875
1313
705
313
175
193
629
1445


1686
928
541
1136
1687
1408
755
485
432

6
05
1472
2011
1557
1039
1267
1937
2176
14
9
0
1104
933
999
1582
2273
2253
1448
1137
1
7
77
2241
1794
1269
1067
1035
1301
2177
25
3
5
1860
1399
1770
2363
2330
1670
1329
1229


1328
2064
2558
2227
1489
1327
1891
2145

1
375
793
528
473
859
1631
1882
1163
754
13
8
7
2038
1775
912
321
26
0
651
1136
638

9
9
314
1131
1509
967
755
803
1072
1840
271
0

2813
2306
2221
2910
2957
2890
2774
2778


2849
2957
2956
2960
2959
2953
2957
2951
2
9
51
2961
2951
2950
2954
2955
2960
2957
29
5
9
2955
2960
2955
2960
2949
2958
2959
2958


2960
2957
2959
2960
2951
2959
2933
2960

2
957
2944
2834
2917
2955
2948
2893
2890
291
9

2909
2945
2923
2321
1175
592
914
1055
2
3
0
0
0
0
0
217
444
0
0
33
490
403
0
0


0
0
657
1277
1011
462
543
1282
1650
943


492
281
345
863
1661
1815
1015
655
1289


1815
1498
891
624
623
858
1772
2262
1747


1229
1472
2119
2253
1535
1162
975
987
156
5

2199
2112
1373
1244
1930
2400
1839
1329


1137
1559
959
1137
1424
1044
187
0
0
0

6
34
1280
1122
624
846
1723
2276
1819
1579


1584
1761
2348
2950
2944
2754
2691
2955
2
9
55
2950
2945
2937
2941
2950
2957
2960
29
5
5
2960
2960
2954
2953
2954
2957
2958
2947


2957
2954
2955
2955
2955
2960
2956
2952

2
960
2949
2957
2960
2950
2960
2949
2956
295
5

2959
2956
2949
2957
2958
2954
2953
2956


2957
2957
2963
2959
2959
2957
2951
2959
2
9
58
2959
2960
2959
2959
2960
0
0
0
215
5
4
1
0
0
176
711
655
72
0
0
43
861
1483


1183
558
575
1290
1664
1007
551
377
425
8
6
4
1684
1834
1063
711
1367
1906
1611
1072


839
800
1040
1898
2351
1827
1281
1503
213
1

2214
1436
1032
864
944
1585
2267
2183

1
456
1285
1991
2426
1886
1351
1154
1134
147
8

2320
2597
1885
1443
1861
2339
2065
1328


918
750
782
1517
1984
1579
917
973
1664

1
968
1300
896
778
970
1459
1943
1702
633


153
703
1147
727
208
71
152
549
1587
2235


1833
1531
2020
2768
2835
2389
2205
2214

2
401
2945
2958
2951
2934
2953
2955
2951
29
5
1
2955
2957
2951
2960
2956
2959
2957
295
5

2957
2958
2954
2960
2958
2956
2950
2959

2
959
2955
2958
2954
2949
2946
2951
2955
2
9
79
2954
2957
2958
2955
2934
2768
2482
2536


2949
2957
2960
2950
2832
2896
2819
2096

9
45
222
0
0
422
759
176
0
0
304
511
0

0

0
0
109
782
859
177
16
758
1347
928
3
9
9
225
184
464
1329
1775
1121
624
1015
163
5

1632
901
548
434
416
1290
1906
1682
10
7
2
1074
1818
2224
1602
1136
976
997
1408
2
1
87
2386
1587
1107
1642
2164
1927
1298
10
4
2
989
924
1071
1767
2107
1343
698
230
1
3

406
1023
1008
241
42
815
1450
1141
755

7
24
907
1399
2432
2901
2438
2160
2627
295
7

2933
2800
2749
2767
2864
2959
2957
2950

2
955
2958
2954
2960
2953
2960
2960
2955
2
9
54
2949
2955
2960
2955
2949
2960
2955
2943


2960
2948
2957
2949
2958
2951
2958
2955


2960
2955
2957
2960
2955
2957
2954
2957
29
5
9
2953
2954
2955
2960
2953
2950
2954
295
1

2957
2957
2960
2954
2958
2951
0
0
9
343


0
0
0
249
529
0
0
0
0
211
976
1136


444
223
943
1493
1091
499
289
229
477
13
7
3
1840
1206
678
977
1630
1722
985
654
5
3
5
671
1424
2137
1904
1264
1210
1919
2299

1
685
1205
982
943
1294
2045
2263
1520
110
6

1699
2252
2034
1382
1110
1049
1208
2061

2
509
2082
1535
1702
2360
2530
1805
1327
1
0
60
1013
1482
2103
2054
1198
869
1481
1919


1427
848
634
620
938
1819
2266
1718
1295


1429
1722
1422
475
16
0
0
655
1358
123
2

689
819
1719
2320
1902
1604
1601
1763
22
8
8
2946
2956
2779
2656
2954
2958
2949
2941


2958
2958
2959
2949
2958
2958
2962
2955

2
960
2958
2956
2960
2954
2960
2958
2953
29
5
9
2957
2958
2951
2958
2958
2954
2954
2955


2945
2956
2958
2954
2955
2951
2917
2864

2
954
2951
2896
2786
2950
2954
2958
2949
271
7

2104
1504
1411
1658
1323
212
0
243
615


119
0
0
0
0
201
592
12
0
72
679
834

1
99
0
0
48
748
1469
1321
612
486
1200
169
6

1092
611
403
403
774
1617
1891
1139
72
0

1276
1839
1697
1088
815
758
899
1775
227
1

1875
1258
1346
2032
2260
1504
1021
836


892
1476
2246
2297
1557
941
707
766
1091

1
725
1803
773
108
417
966
879
208
11
49


247
1255
2039
1966
1535
1725
2559
2913
251
2

2231
2195
2355
2854
2953
2960
2935
2940


2960
2960
2958
2954
2949
2959
2952
2960
2
9
58
2959
2960
2955
2958
2955
2951
2959
29
5
9
2959
2938
2952
2960
2958
2946
2963
2954


2959
2954
2953
2956
2959
2959
2955
2958
2
9
55
2959
2951
2959
2955
2958
2958
2951
29
6
0
2960
2959
2957
2958
2960
2960
2958
2955


2955
0
0
81
423
0
0
0
0
0
423
865
2
5
3
0
339
1047
1145
497
208
115
208
923
16
0
0
1363
707
706
1431
1829
1178
691
491
5
0
9
945
1761
2019
1264
941
1559
2123
1908


1294
1018
944
1053
1878
2346
1867
1210
127
7

1937
2195
1493
1120
983
1043
1617
2318


2322
1591
1318
1978
2434
1983
1450
1231
12
3
0
1505
2256
2559
1821
1233
1470
1996
1910


1123
699
541
587
1322
1936
1722
1082
107
3

1808
2274
1665
944
451
188
367
1023
122
6

412
48
708
1394
1293
801
717
842
1202

2
234
2835
2544
2165
2430
2949
2943
2810
271
3

2957
2955
2954
2958
2960
2955
2957
2957


2958
2957
2957
2953
2958
2951
2981
2960


2957
2958
2953
2953
2953
2958
2946
2954
29
5
3
2950
2959
2960
2955
2954
2951
2953
2954


2954
2958
2916
2829
2949
2953
2915
2877

2
898
2938
2943
2949
2911
1898
911
830
1105


817
0
0
0
0
10
375
112
0
0
198
612
48


0
0
0
101
935
1291
598
259
847
1472
1
2
19
582
323
256
401
1296
1814
1353
784
912


1587
1851
1152
752
585
674
1327
2108
21
5
0
1429
1201
1863
2334
1871
1307
1053
944

1
136
1918
2320
1649
1184
1587
464
539
132
8

1949
1729
1042
798
1221
1302
400
0
0
0


207
1054
1360
726
556
1422
2151
2007
161
9

1570
1671
2000
2879
2965
2834
2684
2951

2
958
2955
2945
2935
2934
2953
2958
2960
2
9
55
2959
2958
2958
2954
2946
2954
2958
2951


2954
2958
2961
2955
2960
2960
2959
2958


2959
2960
2958
2955
2958
2959
2951
2958
29
5
1
2953
2958
2950
2957
2959
2957
2958
295
5

2957
2955
2958
2951
2959
2958
2960
2955

2
958
2955
2957
2956
385
0
0
0
0
83
565


336
0
0
591
1023
461
58
0
67
529
1380
1
6
51
869
463
1051
1638
1424
785
511
417
5
6
6
1382
1889
1435
854
997
1696
1955
1313

9
43
800
891
1485
2217
2250
1500
1233
1887

2
320
1818
1212
932
878
1168
2041
2437
177
7

1315
1693
2295
2272
1589
1241
1124
1231

1
976
2553
2306
1680
1664
2300
2604
1858
1
2
64
918
801
1135
1818
1968
1142
720
1274
1
8
10
1567
959
722
702
821
1433
1635
877
1
1
5
205
825
1089
377
54
76
222
978
1932
21
1
5
1565
1523
2353
2884
2608
2253
2158
222
4

2602
2959
2955
2944
2925
2960
2953
2960

2
956
2960
2957
2954
2957
2954
2959
2960
2
9
58
2959
2957
2957
2955
2958
2951
2956
2959


2958
2954
2959
2959
2958
2953
2958
2954


2957
2956
2952
2958
2958
2897
2676
2431
2
5
59
2951
2960
2957
2944
2910
2927
2800
1681


711
128
0
73
650
765
0
0
73
495
268

0

0
0
0
414
937
604
86
256
1042
1398
752


349
209
250
775
1535
1643
870
605
1317


1840
1402
807
544
502
745
1613
2059
1424

9
85
1328
2000
2083
1407
1056
956
1047
172
6

2337
2091
1370
1265
1900
2275
1662
1167

9
77
1001
875
1527
2020
1756
1103
573
241


208
879
1249
575
74
413
1200
1437
874
688


741
1019
1899
2707
2656
2161
2177
2889

2
953
2832
2682
2670
2771
2951
2960
2956
295
7

2957
2960
2957
2960
2958
2960
2960
2955


2955
2960
2956
2960
2959
2959
2955
2958

2
955
2954
2956
2953
2955
2958
2960
2955
295
5

2960
2959
2956
2951
2960
2954
2952
2955


2960
2957
2957
2954
2951
2955
2955
2955
2
9
40
2946
2959
2956
2957
2958
0
0
0
233

1
15
0
0
86
485
26
0
0
0
0
736
1168
5
2
8
161
631
1280
1231
553
241
197
319
114
5

1758
1453
830
803
1486
1844
1173
720
5
4
3
589
1091
1955
2135
1383
1063
1723
2229

1
872
1281
1018
951
1083
1865
2289
1729
11
9
5
1484
2128
2249
1565
1186
1058
1139
1788


2468
2292
1635
1522
2213
2626
2003
1483

1
231
1134
1391
2077
2240
1387
863
1343
1852


1648
942
646
560
699
1567
2125
1787
1232


1091
1449
1454
498
0
0
0
340
1200
1378


741
623
1511
2182
1967
1616
1561
1666
2055


2919
2957
2801
2671
2955
2958
2954
2943


2955
2951
2958
2954
2955
2953
2958
2959
29
5
4
2961
2951
2957
2956
2955
2956
2956
295
5

2955
2955
2960
2956
2957
2958
2960
2959

2
955
2957
2954
2957
2955
2960
2951
2931
2
9
55
2951
2930
2819
2919
2950
2959
2930
2507


1799
1211
1041
1417
1382
336
0
171
612


362
0
0
0
0
206
685
371
0
29
720
1118


495
124
38
138
699
1525
1668
869
537
120
0

1703
1299
733
528
459
649
1518
1953
13
5
3
808
1089
1775
1904
1286
944
825
925
160
0

2298
2127
1441
1323
1995
2373
1745
1152


894
863
639
1120
1680
1456
827
589
575
6
8
6
1343
1584
857
91
114
722
1003
312
0

0

160
864
1854
2110
1557
1471
2348
2893
26
2
4
2241
2135
2272
2589
2953
2953
2943
292
8

2951
2957
2957
2953
2951
2953
2940
2957

2
953
2956
2959
2951
2960
2951
2957
2957
2
9
51
2958
2957
2954
2958
2954
2956
2960
2960


2960
2957
2946
2957
2953
2960
2944
2957

2
945
2956
2959
2960
2946
2957
2958
2961
29
5
8
2957
2958
2954
2960
2960
2959
2957
2960


752
0
0
0
384
197
0
0
0
0
304
832
528


18
151
922
1320
691
261
128
195
683
14
9
3
1643
853
562
1232
1774
1418
798
551
490


717
1567
2009
1463
976
1290
1953
2098
1
4
22
1019
891
975
1634
2288
2111
1389
1214

1
844
2263
1705
1219
998
1008
1385
2224
24
7
9
1744
1318
1851
2390
2196
1571
1286
1203


1314
2063
2458
1978
1280
1270
1872
2058

1
296
793
575
575
1112
1879
1903
1155
951


1667
2207
1899
1253
734
385
370
1005
1324


576
48
467
1224
1339
800
655
743
1046
1
9
68
2715
2609
2165
2277
2919
2955
2827
2687


2704
2949
2951
2951
2955
2955
2961
2960

2
960
2960
2960
2949
2953
2939
2955
2960
295
4

2960
2960
2955
2958
2960
2951
2954
2954


2959
2950
2960
2955
2954
2954
2954
2957
2
9
59
2960
2946
2864
2944
2949
2941
2880
28
9
5
2925
2939
2955
2949
2402
1341
848
1122

1
146
228
0
0
0
0
303
380
0
0
78
511
2
4
0
0
0
0
0
672
1205
778
282
557
1266
152
0

791
398
251
307
935
1711
1709
937
700


1392
1847
1372
828
604
576
938
1815
2239

1
582
1136
1535
2142
2102
1424
1079
930
97
6

1681
2217
1927
1292
1264
1973
2320
1165

1
930
1999
1376
957
1342
1535
892
112
0
0


27
841
1397
911
560
1043
1917
2191
1686


1535
1600
1799
2593
2973
2891
2675
2779

2
954
2957
2951
2940
2919
2931
2951
2953
295
5

2957
2951
2949
2957
2956
2958
2959
2957


2951
2954
2959
2947
2955
2954
2955
2959
2
9
58
2954
2958
2958
2945
2955
2960
2956
29
5
7
2955
2959
2960
2958
2957
2958
2955
2953


2957
2957
2954
2950
2954
2949
2960
2955

2
959
2943
2959
2951
589
0
0
0
0
0
368
49
9

0
0
314
864
649
91
0
0
217
1106
1653


1138
589
783
1466
1639
913
553
390
478
1
0
95
1779
1776
1023
800
1498
1968
1515
998


772
759
1110
2000
2333
1619
1173
1589
219
1

2032
1308
941
811
930
1742
2311
2015
140
7

1430
2128
2438
1776
1324
1129
1158
1627


2389
2529
1802
1456
2062
2483
2089
1371


969
780
876
1651
2029
1425
836
1054
1724

1
877
1173
814
705
870
1383
1799
1430
421


83
673
1131
592
122
4
93
567
1627
2180
1
6
80
1456
2075
2783
2763
2352
2207
2210
24
1
7
2955
2955
2955
2933
2953
2955
2960
2955


2953
2954
2958
2955
2950
2955
2951
2953

2
956
2961
2948
2954
2957
2959
2959
2958
295
8

2953
2959
2955
2953
2929
2953
2959
2953


2955
2965
2955
2955
2946
2829
2559
2481
2
9
16
2951
2957
2943
2724
2800
2700
1914
78
1

119
0
0
390
761
210
0
0
352
560
0
0

0

0
154
862
948
257
70
823
1395
1008
470


272
281
523
1392
1813
1098
644
1069
1671


1657
942
594
464
585
1315
1922
1699
1061


1075
1792
2215
1600
1142
948
1005
1423
2
2
06
2416
1613
1195
1711
2192
1953
1322
105
1

980
1138
1130
1733
1891
976
327
0
0
324


906
837
128
31
822
1454
1072
704
707
9
3
2
1461
2472
2887
2425
2181
2694
2954
2942


2779
2750
2811
2895
2951
2960
2956
2945

2
958
2953
2954
2955
2958
2956
2957
2949
295
5

2953
2954
2959
2955
2949
2958
2960
2957


2951
2955
2958
2992
2955
2960
2959
2958
2
9
55
2954
2954
2958
2958
2959
2956
2950
29
5
5
2955
2957
2959
2950
2956
2951
2959
2958


2957
2959
2951
2954
2957
2961
2957
2955

2
949
0
0
0
242
446
0
0
0
0
230
949
10
7
2
400
192
937
1479
1037
464
259
240
544

1
415
1859
1151
656
1002
1648
1634
944
625


532
528
1474
2153
1920
1265
1251
1949
232
0

1674
1158
945
915
1278
2046
2245
1463

1
084
1671
2214
1983
1393
1125
1072
1207
203
4

2518
2055
1505
1651
2301
2507
1841
1425


1207
1172
1650
2181
2086
1230
895
1488
18
9
5
1413
769
555
545
848
1750
2197
1627
1
1
11
1249
1584
1328
398
0
0
0
592
1283
1186


647
763
1669
2262
1841
1579
1581
1718
2
2
62
2944
2944
2736
2607
2949
2955
2953
2960


2957
2955
2958
2954
2954
2958
2959
2956


2957
2959
2955
2954
2950
2951
2955
2955

2
957
2954
2959
2958
2958
2958
2958
2958
295
4

2956
2960
2947
2960
2957
2951
2953
2951


2951
2951
2901
2865
2951
2960
2955
2940
2
7
18
2106
1558
1615
1777
1235
244
0
442
8
1
3
126
0
0
0
0
435
741
58
0
271
902
806


219
0
11
150
1004
1646
1301
670
675
13
9
5
1759
1079
648
460
511
995
1781
1888
109
1

778
1435
1936
1610
1057
829
816
1072
1
9
23
2375
1817
1281
1535
2162
2239
1488
105
7

893
943
1648
1440
1853
1231
754
607
661


1002
1596
1583
561
0
397
937
742
144
0


50
282
1296
2043
1840
1459
1732
2559
2870


2415
2157
2128
2256
2834
2955
2955
2928
2
9
34
2965
2957
2951
2955
2957
2951
2951
296
1

2955
2957
2957
2955
2959
2958
2956
2960


2951
2944
2951
2959
2960
2947
2950
2957
29
5
1
2950
2950
2960
2957
2957
2957
2951
295
7

2958
2959
2959
2946
2957
2949
2953
2960

2
957
2947
2954
2951
2958
2959
2954
2957
6
5
6
415
0
0
93
418
0
0
0
0
0
435
814
16
3

0
374
1023
1066
445
182
128
226
1057

1
649
1349
672
702
1437
1807
1146
656
455

4
89
970
1791
1957
1202
912
1610
2138
1838


1233
955
903
1072
1890
2329
1779
1169
133
9

1959
2087
1410
1061
934
1023
1682
2349


2283
1558
1392
2070
2493
1968
1456
1250
12
4
5
1584
2403
2639
1839
1303
1655
2111
182
4

1072
685
541
612
1395
1906
1559
944
1067


1776
2135
1491
867
415
179
439
1110
1078


273
16
743
1419
1121
702
657
810
1264
2
3
27
2866
2441
2147
2559
2956
2960
2761
269
8

2718
2958
2955
2955
2949
2958
2960
2959


2954
2958
2957
2951
2957
2957
2957
2954
2
9
60
2954
2954
2963
2954
2957
2951
2953
2958


2958
2958
2957
2960
2949
2960
2954
2957


2959
2952
2933
2921
2954
2950
2896
2885
29
0
9
2951
2959
2959
2928
2096
1205
1285
143
3

854
0
0
0
0
166
550
76
0
0
371
659
2
8

0
0
0
287
1083
1230
523
279
1002
1535


1152
563
335
320
555
1463
1910
1296
759

1
059
1694
1776
1043
679
572
656
1411
2129


1945
1294
1237
1943
2354
1733
1230
1000
9
9
8
1328
2093
2280
1531
877
560
488
764
1
6
46
2149
1616
1237
1391
1764
1535
554
23
0


0
496
1223
1167
601
639
1535
2163
1791


1473
1446
1607
2099
2915
2941
2715
2551
29
5
3
2959
2958
2947
2926
2928
2950
2959
295
8

2953
2955
2949
2956
2957
2958
2960
2956


2959
2953
2955
2959
2955
2955
2958
2958
2
9
55
2958
2955
2958
2950
2957
2959
2957
29
5
5
2960
2955
2955
2948
2957
2950
2944
2959


2958
2957
2961
2955
2961
2959
2960
2959

2
951
2958
0
103
453
98
0
0
0
0
28
386
0


0
0
453
784
162
0
0
0
503
1344
146
6

707
410
1098
1633
1223
635
413
378
637

1
493
1931
1316
817
1155
1763
1879
1239
90
5

799
895
1611
2254
2040
1386
1299
1955
23
3
5
1620
1083
871
848
1293
2130
2383
1632


1232
1808
2333
2097
1442
1152
1074
1247
20
7
1
2559
2129
1584
1686
2301
2446
1645
110
3

816
757
1238
1874
1850
1019
747
1424
193
5

1490
981
759
785
1175
1883
2014
995
27
4

482
1035
1008
288
27
26
265
1154
1979
1
9
30
1475
1651
2486
2901
2498
2224
2152
22
7
8
2763
2955
2957
2938
2923
2964
2959
2955


2957
2951
2959
2955
2950
2958
2958
2959

2
953
2951
2960
2955
2944
2957
2959
2954
295
9

2960
2957
2956
2960
2959
2955
2958
2957


2960
2955
2954
2955
2949
2882
2654
2393

2
538
2957
2960
2959
2949
2945
2939
2762
163
9

735
156
0
241
743
640
0
0
128
535
81


0
0
0
0
447
918
335
0
317
1051
1223
57
5

241
157
266
970
1633
1463
758
643
1375


1825
1231
688
464
464
851
1715
2006
1259


874
1459
2064
1912
1277
1008
919
1041
187
3

2365
1936
1291
1313
1947
2224
1559
1168


1023
1095
851
1535
2044
1717
1131
654
317


315
981
1263
480
23
443
1168
1283
717

5
69
656
966
1899
2679
2547
2096
2182
2907

2
953
2819
2663
2623
2762
2950
2952
2950
2
9
54
2954
2955
2949
2954
2960
2955
2956
2958


2957
2959
2959
2952
2949
2953
2950
2953


2955
2960
2954
2945
2957
2954
2950
2959
29
5
6
2954
2953
2960
2960
2958
2957
2955
295
9

2951
2955
2952
2950
2951
2955
2955
2954

2
943
2944
2960
2957
2955
0
0
0
0
195
237


0
0
22
406
112
0
0
0
0
586
1135
6
9
3
225
509
1261
1470
769
377
250
327
976

1
711
1641
897
706
1396
1866
1325
791
575


581
959
1906
2238
1533
1130
1616
2180
2042


1363
1057
910
943
1704
2212
1861
1280
1
3
71
2071
2366
1664
1265
1072
1109
1618
2371


2423
1690
1420
2083
2533
2115
1483
1145


999
1137
1923
2247
1491
926
1248
1821
1790


1035
690
573
688
1467
2096
1899
1366
13
6
7
1843
1909
928
212
0
0
246
1062
1378

7
20
449
1217
1970
1926
1497
1412
1520
1811


2740
2944
2815
2608
2871
2959
2960
2937

2
928
2960
2960
2960
2951
2953
2955
2959
295
8

2943
2955
2954
2951
2953
2949
2958
2953

2
951
2950
2960
2959
2958
2949
2955
2957
2
9
53
2953
2960
2951
2958
2951
2951
2929
2959


2949
2935
2711
2737
2954
2959
2955
2917


2546
1946
1535
1807
1746
651
0
106
566
46
3

0
0
0
0
35
511
306
0
0
498
946
394


0
0
11
420
1313
1620
842
427
1008
1586
1
3
57
723
471
401
543
1377
1874
1424
842
9
6
2
1678
1930
1264
897
753
817
1420
2170
22
0
1
1483
1219
1865
2288
1785
1154
851
813


1106
2000
2416
1789
1335
1703
689
894
17
3
5
2041
1328
429
278
868
1120
383
0
0
109


729
1726
2000
1431
1357
2213
2809
2543

2
144
2070
2149
2485
2949
2959
2931
2906
295
7

2960
2953
2959
2945
2949
2943
2957
2959


2957
2958
2957
2960
2959
2954
2964
2959
2
9
54
2960
2958
2955
2958
2960
2961
2960
295
4

2956
2951
2955
2958
2951
2955
2960
2960


2954
2958
2958
2960
2960
2959
2956
2941
2
9
60
2956
2957
2958
2958
2959
2955
2957
2959


2955
2951
10
364
176
0
0
0
0
144
656


405
0
34
752
1231
625
235
100
176
642
14
8
6
1662
889
567
1197
1735
1409
785
505
4
8
1
658
1520
2000
1487
957
1277
1943
2128
1
4
45
1071
924
971
1607
2259
2170
1343
1103


1806
2252
1739
1247
1082
1073
1401
2214
2
4
82
1743
1337
1762
2350
2213
1569
1286
12
0
0
1278
2044
2494
2026
1342
1293
1872
2090


1313
834
574
587
1071
1840
1979
1227
943


1633
2188
1904
1423
990
624
528
1164
1439


713
149
416
1137
1370
762
555
595
869

1
745
2595
2601
2106
2134
2877
2953
2815
296
0

2958
2956
2986
2960
2959
2951
2953
2960


2953
2949
2956
2959
2955
2960
2960
2954
2
9
60
2954
2957
2949
2957
2953
2958
2972
29
4
9
2959
2955
2955
2959
2953
2954
2948
296
9

2951
2954
2947
2847
2954
2955
2921
2800

2
830
2910
2948
2956
2955
2704
1808
1333
15
2
5
1408
369
0
0
0
0
293
325
0
0
48
446


158
0
0
0
0
614
1140
688
203
483
1217


1408
683
289
157
240
884
1650
1586
841
66
1

1349
1809
1265
747
531
550
895
1857
21
7
6
1458
1065
1595
2187
2026
1367
1072
950

9
89
1723
2242
1842
1249
1359
511
559
1230


1937
1842
1283
1200
1678
1808
937
193
0

0

128
967
1379
728
438
1104
1866
1904
14
6
1
1379
1469
1760
2685
2953
2836
2608
280
2

2955
2957
2942
2928
2923
2945
2957
2960

2
959
2953
2959
2960
2955
2960
2958
2960
2
9
54
2955
2957
2960
2955
2950
2958
2954
2954


2955
2962
2962
2956
2945
2960
2960
2952

2
958
2959
2957
2959
2959
2959
2960
2958
29
6
0
2960
2958
2957
2958
2960
2955
2950
2958


2951
2953
60
415
441
0
0
0
0
0
383
30
6

0
0
334
829
368
0
0
0
216
1123
1535


833
397
840
1477
1420
752
455
359
448
1
2
64
1854
1535
899
913
1635
2000
1331
913
7
7
0
807
1279
2096
2237
1488
1152
1776
2279


1909
1234
901
827
1070
1913
2396
1884
134
6

1562
2198
2305
1600
1212
1091
1163
1819


2496
2400
1698
1462
2067
2416
1797
1155
8
2
7
720
981
1775
2035
1248
784
1273
1867

1
728
1097
817
783
993
1941
2304
1618
681
5
0
1
1003
1231
470
32
0
78
701
1671
1984

1
433
1328
2170
2810
2592
2186
2096
2178
249
4

2953
2958
2945
2926
2955
2960
2959
2957


2960
2960
2955
2955
2959
2955
2955
2954
2
9
60
2958
2959
2958
2959
2957
2960
2975
29
5
9
2960
2957
2960
2955
2961
2958
2957
2954


2960
2937
2956
2956
2928
2775
2509
2480

2
978
2959
2951
2950
2959
2959
2941
2239
125
1

557
133
186
759
874
3
0
43
438
239
0


0
0
0
297
820
511
0
121
866
1282
661
2
5
9
122
195
698
1520
1658
855
532
1223
17
5
8
1362
753
490
437
670
1518
1986
1407
903


1250
1936
2094
1406
1051
907
1003
1653

2
318
2135
1405
1193
1840
2251
1654
1178
101
6

1042
1431
1434
1973
1791
1263
806
426

2
85
891
1267
722
113
271
1012
1417
810
531


614
853
1623
2520
2714
2165
2077
2828
2
9
50
2850
2629
2611
2705
2928
2961
2960
2934


2957
2962
2960
2953
2960
2958
2959
2958


2958
2963
2958
2953
2958
2951
2955
2960
29
5
3
2957
2961
2944
2959
2958
2957
2957
2951


2955
2950
2955
2959
2958
2958
2954
2955

2
960
2957
2961
2955
2950
2960
2957
2950
2959
2953
2959
2958
2958
2949
0
0
0
208
337
0
0
0
380
181
0
0
0
0
464
1049
717
195
353
1104
1473
802
394
198
269
799
1584
1681
893
607
1283
1762
1355
772
560
528
782
1706
2179
1593
1122
1446
2101
2160
1446
1110
954
1023
1645
2215
1960
1271
1
2
28
1957
2366
1758
1281
1093
1098
1513
23
1
0
2541
1798
1408
1975
2499
2259
1611
1247


1101
1138
1861
2240
1684
1008
1073
1699

1
872
1131
707
570
629
1242
1989
2065
1390

1
219
1748
1917
1182
353
0
0
97
942
1423


855
486
1018
1846
2033
1535
1394
1491
1754


2559
2950
2869
2605
2743
2955
2951
2958


2955
2949
2959
2951
2955
2958
2958
2956
29
5
8
2955
2959
2958
2960
2959
2946
2951
296
0

2960
2958
2955
2957
2953
2953
2960
2958

2
954
2960
2957
2958
2956
2955
2954
2939
29
6
0
2955
2940
2732
2759
2950
2956
2955
2944


2736
2188
1761
1991
1892
786
26
157
591


478
0
0
0
0
37
495
277
0
0
464
944
3
8
7
0
0
0
368
1284
1602
839
436
1005
1594


1351
714
432
354
496
1360
1870
1410
813


950
1655
1895
1235
880
770
856
1451
2192

2
224
1465
1179
1859
2319
1854
1207
907
84
0

1099
1970
2429
1782
1319
750
640
798
171
9

2117
1457
557
343
891
1149
439
27
0
8
2

661
1638
1990
1421
1267
2090
2746
2526
2
1
12
2014
2089
2387
2951
2960
2924
2911
29
5
3
2959
2957
2958
2955
2955
2960
2957
2954


2957
2949
2960
2957
2960
2958
2953
2958
2
9
57
2954
2957
2957
2957
2960
2960
2954
29
5
9
2959
2959
2958
2960
2958
2954
2960
2956


2955
2955
2953
2961
2951
2958
2954
2960

2
951
2959
2956
2950
2959
2951
2957
2933
295
5

2958
2955
22
368
90
0
0
0
0
198
659


304
0
64
795
1156
529
159
64
153
688
147
6

1578
780
487
1205
1705
1283
704
486
46
7

691
1601
2031
1392
925
1350
2005
2035
13
5
1
1023
914
1002
1738
2331
2062
1382
1258


1873
2238
1612
1107
992
976
1407
2211
246
3

1701
1305
1863
2396
2158
1520
1270
1195


1343
2161
2594
2032
1399
1424
1975
2091
1
3
09
825
591
592
1139
1841
1889
1108
875

1
588
2100
1723
1218
774
446
448
1067
1317

5
54
67
435
1140
1278
673
529
605
925
184
9

2657
2559
2106
2180
2896
2953
2769
2609

2
586
2711
2960
2959
2953
2957
2956
2960
2
9
60
2956
2962
2960
2957
2959
2967
2957
2953


2960
2959
2960
2953
2959
2960
2954
2955


2959
2957
2957
2958
2954
2959
2957
2957
29
5
8
2959
2951
2928
2960
2957
2939
2874
289
4

2939
2962
2949
2955
2827
2043
1615
1783
1657
625
0
0
0
0
455
530
0
0
133
623
304
0
0
0
0
695
1243
770
274
559
1279
14
9
4
797
432
262
329
959
1722
1662
879
695


1392
1867
1316
754
558
540
906
1841
2187


1471
1062
1584
2148
2026
1357
1042
905
9
8
9
1738
2215
1818
1185
1247
1967
2304
1239


1936
1959
1267
1191
1777
1968
1170
335
0


0
77
868
1329
737
403
944
1781
1953
1442


1326
1427
1671
2521
2948
2863
2559
2704


2950
2951
2939
2916
2914
2935
2958
2955
29
5
9
2957
2959
2954
2957
2953
2962
2949
296
0

2956
2952
2957
2959
2953
2955
2959
2959

2
955
2950
2953
2957
2955
2955
2958
2957
2
9
58
2959
2958
2958
2960
2955
2959
2957
2957
2959
2956
2960
2958
2958
2954
2955
2958

2951
2949
2960
386
547
0
0
0
0
0
117
31
7

0
0
36
511
382
0
0
0
0
790
1375
99
9

434
541
1245
1560
867
465
324
380
919
1
6
75
1777
990
704
1387
1884
1493
962
767
769
1035
1906
2363
1739
1221
1529
2125
2163
1429
989
828
880
1571
2242
2057
1423
13
4
1
2043
2448
1851
1329
1129
1137
1534
232
3

2559
1838
1369
1863
2288
1998
1281
881
7
2
1
823
1607
2028
1533
930
1063
1743
1997


1338
912
789
869
1616
2345
2119
1011
427

8
94
1249
708
89
0
0
314
1351
1953
1485

1
189
1759
2544
2663
2162
1956
2006
2181
291
1

2956
2949
2898
2958
2957
2950
2956
2953


2954
2951
2959
2954
2955
2958
2958
2957
2
9
59
2932
2959
2953
2958
2958
2956
2957
29
5
4
2958
2958
2958
2949
2955
2955
2954
2956


2960
2960
2960
2947
2851
2606
2404
2781

2
957
2960
2953
2950
2953
2954
2559
1520
730


217
45
607
932
320
0
0
336
510
0
0
0


0
26
663
768
58
0
646
1232
866
349
169


194
464
1353
1796
1114
615
1021
1643
1658


951
595
472
576
1319
1958
1734
1074
1047


1811
2211
1601
1136
935
973
1399
2177
23
9
9
1621
1181
1648
2147
1892
1268
988
945
1
1
04
1951
2449
2011
1430
1572
489
213
698


1135
758
91
87
803
1335
828
490
501
727


1357
2349
2755
2177
1940
2632
2948
2871
26
5
3
2559
2657
2847
2954
2959
2956
2969
295
6

2952
2960
2957
2961
2955
2954
2959
2953

2
957
2960
2953
2955
2953
2954
2959
2947
2
9
57
2954
2960
2959
2955
2958
2950
2955
29
6
0
2950
2960
2951
2950
2953
2955
2955
2960


2959
2954
2959
2960
2953
2954
2956
2950

2
959
2958
2960
2955
2960
2960
2953
2958
295
4

2960
0
0
283
464
0
0
0
0
232
918
10
4
8
363
194
913
1471
1041
438
217
215
497

1
389
1840
1170
688
1040
1679
1681
969
653


553
653
1425
2106
1876
1242
1215
1919
231
8

1683
1185
979
986
1355
2083
2256
1483
1
1
05
1709
2258
2039
1418
1143
1098
1226
20
6
0
2531
2074
1494
1659
2304
2490
1776
1290


1035
978
1481
2096
2032
1185
848
1482
19
0
5
1408
819
587
587
855
1767
2213
1584
123
1

1666
2067
1727
720
144
0
0
574
1200
10
5
3
482
557
1436
2032
1615
1297
1328
1523

2
103
2913
2945
2656
2474
2944
2957
2955
29
5
3
2960
2959
2951
2965
2960
2960
2956
2961


2951
2951
2957
2954
2958
2957
2956
2955

2
956
2953
2956
2953
2982
2951
2951
2952
296
0

2956
2949
2959
2955
2957
2951
2937
2915


2957
2951
2768
2477
2851
2955
2960
2960
2
9
15
2585
2013
1929
2015
1507
325
0
297

5
98
16
0
0
0
0
125
464
0
0
0
529
599
6


0
0
0
643
1367
1181
537
470
1212
1642

9
93
527
374
394
810
1616
1872
1093
669
125
9

1834
1616
1013
799
741
886
1761
2278
1
8
22
1270
1409
2060
2270
1523
1038
816
848

1
441
2210
2254
1526
1279
1946
2400
1329
2
1
14
1999
883
266
674
1077
688
58
0
0
190


1202
1875
1574
1230
1654
2489
2771
2240

2
014
1997
2192
2854
2959
2960
2897
2939
2
9
55
2955
2954
2955
2953
2955
2972
2951
2956


2950
2949
2957
2959
2960
2959
2959
2955


2961
2960
2951
2961
2960
2955
2959
2959
29
5
7
2943
2953
2958
2959
2955
2960
2955
295
8

2959
2950
2955
2958
2959
2955
2960
2957

2
957
2950
2960
2957
2958
2957
2960
2955
2
9
51
2961
2955
2954
564
0
0
0
0
0
442
752


52
0
384
1039
976
395
158
129
278
1099


1665
1291
672
765
1488
1787
1074
645
452


464
980
1794
1872
1128
883
1605
2103
173
1

1166
937
907
1136
2030
2400
1746
1205
15
1
0
2067
2032
1333
1023
912
1040
1776
2378


2112
1456
1431
2098
2481
1872
1395
1204
1
2
64
1694
2399
2530
1677
1181
1635
2112
17
7
6
1046
683
559
669
1488
2000
1565
1006
12
0
2
1918
2187
1587
1255
877
587
834
1328
1
2
25
343
53
731
1306
982
541
489
661
1127


2191
2766
2285
1981
2477
2949
2919
2691
2
5
53
2951
2958
2957
2955
2957
2943
2958
29
5
8
2960
2954
2957
2960
2955
2947
2955
2955


2955
2955
2958
2954
2959
2959
2960
2960

2
960
2960
2960
2949
2959
2960
2953
2957
296
1

2957
2954
2935
2906
2951
2960
2786
2659


2737
2874
2960
2956
2948
2428
1558
1520
1
6
05
1008
33
0
0
0
95
419
0
0
0
211
49
6

0
0
0
0
106
845
1017
330
94
816
1383

1
079
464
210
176
387
1283
1774
1242
689

9
41
1616
1750
1021
658
558
639
1307
2071
1
9
25
1261
1161
1878
2305
1755
1199
975
938


1288
2041
2265
1494
1101
1659
573
725
15
8
7
2096
1616
1166
1477
1968
1853
822
198
0


0
444
1136
1198
560
474
1345
2019
1719


1369
1333
1473
1914
2821
2947
2692
2486
29
0
0
2951
2946
2906
2900
2904
2935
2954
296
0

2955
2957
2955
2957
2962
2958
2958
2956

2
957
2959
2960
2951
2953
2960
2957
2958
2
9
65
2951
2951
2954
2948
2955
2954
2959
2959


2958
2955
2958
2950
2955
2951
2953
2955


2957
2955
2951
2947
2955
2963
2956
2955
29
5
7
2957
0
90
461
283
0
0
0
0
0
323
87


0
0
347
779
207
0
0
0
304
1178
1499


734
333
912
1475
1281
656
397
323
465
13
3
1
1861
1422
814
935
1637
1899
1200
847

7
42
810
1408
2160
2192
1454
1180
1859
231
0

1856
1219
938
860
1118
1969
2387
1760
12
8
9
1631
2259
2240
1566
1234
1114
1207
1952


2526
2271
1657
1605
2210
2500
1778
1177

8
61
784
1117
1840
2032
1205
768
1311
1840


1616
1008
773
731
914
1897
2293
1535
623

4
98
1005
1177
393
24
0
96
765
1680
1919


1346
1293
2149
2775
2476
2094
2003
2089
23
9
0
2951
2954
2928
2893
2949
2955
2959
2956
2957
2951
2960
2954
2954
2960
2957
2951
2958
2962
2958
2969
2957
2960
2943
2931
2
9
55
2951
2970
2949
2959
2959
2955
2959
296
0

2957
2954
2955
2949
2944
2847
2607
2448


2943
2951
2955
2954
2960
2955
2952
2431
1
4
81
753
283
287
854
988
67
0
95
501
331


0
0
0
0
295
795
511
0
78
815
1232
603

1
96
80
146
655
1461
1587
833
511
1202
17
3
9
1374
752
471
416
615
1489
1955
1398
867


1200
1887
2020
1341
1012
886
967
1623
2
2
99
2115
1398
1217
1876
2273
1636
1175
971


997
1354
2173
2438
1697
1223
839
532
449


1047
1323
525
17
370
1069
1206
625
432
5
4
2
830
1744
2553
2512
2055
2133
2880
2951


2767
2594
2544
2685
2953
2950
2957
2959
2
9
47
2953
2958
2955
2950
2938
2951
2959
29
6
0
2951
2958
2957
2953
2951
2963
2957
2959


2959
2957
2959
2974
2957
2955
2955
2951

2
960
2953
2956
2959
2960
2960
2960
2959
296
6

2955
2959
2960
2959
2961
2956
2948
2950


2960
2959
2959
2958
2954
2959
2955
0
309


256
0
0
41
402
28
0
0
0
0
583
1081
5
4
3
143
534
1235
1344
657
320
208
290
999

1
710
1520
847
706
1410
1841
1220
711
501


535
952
1870
2188
1427
1090
1677
2214
2000


1361
1069
960
1074
1871
2288
1815
1200

1
350
2027
2273
1597
1172
992
1051
1603
22
9
8
2348
1616
1346
2030
2489
2086
1516
1260


1149
1328
2068
2349
1563
976
1263
1812
1
7
65
981
617
496
608
1365
2032
1820
1212
12
6
3
1794
1904
953
238
0
0
243
1046
1382

7
16
457
1178
1924
1891
1450
1380
1486
1776


2693
2949
2810
2559
2804
2958
2954
2942

2
959
2955
2950
2958
2954
2955
2959
2959
296
0

2951
2955
2957
2955
2957
2957
2956
2956


2953
2950
2959
2960
2961
2960
2954
2947
2
9
55
2946
2960
2954
2950
2949
2951
2944
295
8

2962
2939
2640
2606
2959
2947
2950
2949


2795
2331
1927
2117
1985
836
47
186
645

5
08
0
0
0
0
48
507
284
0
0
446
915
340


0
0
0
368
1290
1619
844
435
1008
1569

1
355
720
448
400
544
1357
1872
1415
845

9
71
1663
1907
1221
866
738
804
1394
2147
2
2
03
1456
1198
1862
2315
1837
1229
933
845


1117
1964
2374
1709
1229
1616
688
848
182
6

2256
1519
643
542
1023
1149
348
1
0
3
3

695
1616
1830
1298
1226
2099
2738
2477
2
0
94
1997
2103
2438
2958
2959
2917
2879
295
7

2958
2951
2959
2949
2956
2949
2960
2960


2958
2958
2960
2958
2958
2951
2954
2960
2
9
49
2957
2955
2959
2955
2960
2934
2960
2960


2960
2954
2955
2960
2955
2960
2960
2953


2960
2957
2963
2959
2957
2960
2956
2956
29
6
9
2960
2959
2959
2955
2947
2957
2948
2953


2959
2953
14
339
79
0
0
0
0
142
603

2
63
0
30
730
1136
511
154
58
155
669
1487


1573
795
511
1203
1743
1329
729
475
412


651
1581
2010
1362
884
1314
1965
1986
1326
999
887
970
1703
2288
2047
1380
1248
1
9
01
2254
1622
1136
959
978
1403
2192
2417


1664
1265
1827
2370
2140
1507
1241
1166
1
3
39
2134
2537
2000
1346
1374
1939
2070
12
8
6
807
587
613
1155
1873
1915
1189
960
166
3

2186
1791
1392
1123
777
722
1275
1503

6
75
112
451
1143
1264
640
469
538
807
1728


2507
2499
2016
2098
2858
2953
2750
2544


2498
2645
2957
2953
2957
2963
2958
2958
29
5
8
2956
2955
2953
2961
2955
2960
2956
2960


2958
2954
2959
2955
2951
2956
2959
2958

2
953
2960
3071
2961
2957
2960
2956
2955
295
1

2959
2955
2927
2951
2953
2910
2692
2699


2845
2928
2952
2959
2827
2007
1504
1647


1535
536
0
0
0
0
346
400
0
0
47
475
20
8

0
0
0
0
575
1104
688
212
455
1197
14
4
3
735
336
192
254
875
1610
1644
849
623

1
313
1776
1321
767
532
528
845
1779
2227


1575
1117
1523
2144
2119
1429
1072
927
983


1728
2269
1962
1289
1253
1941
2343
1254


1921
1935
1235
1136
1783
2000
1183
337
0

0

79
867
1331
731
397
915
1747
1936
1437


1271
1365
1619
2491
2945
2836
2524
2638
2
9
55
2949
2927
2907
2898
2935
2957
2957
29
5
4
2955
2953
2960
2955
2954
2957
2957
2950


2959
2960
2960
2955
2957
2956
2950
2954

2
955
2953
2957
2960
2960
2954
2948
2955
294
5

2954
2977
2951
2953
2958
2953
2955
2955


2947
2955
2960
2953
2960
2960
2958
2950
2
9
55
2961
2960
2954
646
0
0
0
0
0
260
32
1

0
0
151
634
317
0
0
0
68
943
1463
93
7

417
663
1321
1478
783
425
322
400
1057


1753
1601
869
737
1443
1894
1307
814
675


717
1115
1999
2317
1604
1187
1738
2267
2
0
96
1392
1057
921
995
1808
2317
1927
1327

1
434
2135
2398
1751
1303
1136
1181
1732
2
4
48
2466
1734
1424
2022
2363
1834
1171
82
5

681
863
1680
2034
1344
817
1163
1802
183
8

1136
822
736
875
1737
2387
1904
926
55
1

1008
1299
559
67
0
27
529
1467
1902
136
0

1152
1904
2590
2541
2079
1920
1968
2209


2944
2957
2930
2879
2958
2955
2955
2959
2
9
53
2957
2958
2957
2955
2955
2957
2957
29
5
5
2959
2951
2958
2957
2954
2953
2956
2960


2950
2959
2953
2951
2953
2955
2954
2958
2
9
55
2952
2958
2958
2945
2833
2559
2383
276
3

2956
2953
2947
2949
2955
2947
2559
1625


840
338
239
784
1005
144
0
0
403
397
0

0
0
0
145
731
574
0
36
746
1261
682
238
111
161
583
1411
1675
915
511
1095
1681
1482
792
507
440
592
1443
1959
1535
944


1141
1872
2139
1447
1072
884
923
1474
2206
2224
1469
1142
1765
2197
1744
1168
969

9
73
1260
2119
2512
1881
1257
905
574
369


880
1257
788
98
113
834
1306
738
410
448


688
1329
2351
2693
2133
1933
2662
2948
2
8
43
2559
2496
2559
2847
2960
2957
2954
2970


2957
2955
2955
2955
2960
2955
2955
2955


2955
2955
2957
2951
2953
2951
2955
2955
29
5
9
2950
2956
2952
2957
2954
2955
2951
2955


2947
2955
2949
2957
2954
2948
2953
2954

2
959
2954
2959
2957
2941
2957
2960
2952
294
6

2957
2955
2957
2953
2958
2955
2955
2949


507
0
0
0
370
144
0
0
0
0
453
1037
70
3

181
382
1122
1458
800
371
194
220
790


1567
1669
899
596
1254
1774
1365
765
528

4
99
752
1701
2226
1648
1169
1519
2147
220
1

1523
1151
995
1066
1701
2257
1970
1264
1
1
93
1930
2352
1728
1235
1040
1062
1490
23
0
1
2535
1808
1418
1977
2514
2282
1666
1345


1183
1233
1937
2308
1761
1072
1133
1735

1
892
1133
672
495
547
1139
1888
1963
1255

1
103
1824
2063
1298
463
16
0
77
877
1349


742
395
907
1730
1939
1459
1312
1405
1654


2512
2945
2850
2544
2634
2957
2951
2951


2959
2957
2958
2960
2960
2950
2951
2951
29
6
6
2951
2956
2956
2945
2958
2954
2953
295
6

2955
2960
2951
2954
2954
2955
2957
2955

2
955
2960
2959
2954
2955
2962
2955
2949
2
9
59
2955
2959
2698
2409
2946
2956
2963
2948


2911
2559
2084
2212
2153
1278
272
60
53
4

721
0
0
0
0
0
291
384
0
0
170
668
35
6

0
0
0
59
911
1459
965
414
656
1325
1
4
89
797
432
299
370
1019
1715
1675
935
752


1462
1940
1406
911
763
763
1125
2002
23
0
5
1584
1171
1651
2192
2045
1344
967
809
9
1
2
1766
2371
2029
1455
1523
2191
782
1451


2238
2006
944
464
923
1279
627
54
0
0
313
1270
1830
1293
1062
1693
2461
2525
2057
1891
1911
2096
2928
2957
2948
2881
2956
2950
2960
2950
2960
2960
2954
2949
2960
2961
2953
2958
2951
2957
2955
2950
2935
2959
2959
2957
2951
2957
2950
2958
2955
2949
2957
2955
2948
2956
2959
2957
2958
2951
2953
2958
2955
2954
2946
2957
2970
2950
2958
2954
2950
2955
2951
2960
2952
2957
2949
2960
2953
2957
343
448
0
0
0
0
0
579
647
0
0
546
1093
757
249
98
113
375
1293
1729
1044
571
961
1619
1641
918
558
429
5
50
1251
1881
1645
976
944
1718
2120
1521


1071
894
922
1343
2139
2385
1586
1138
1636


2143
1895
1281
1065
1003
1167
2000
2480


2053
1485
1616
2266
2481
1787
1362
1199
12
5
1
1833
2499
2484
1680
1328
1881
2230
169
6

1045
720
635
833
1648
2064
1392
919
1289


1938
1956
1328
1063
719
501
912
1307
92
9

177
87
815
1331
822
431
432
671
1267

2
294
2715
2167
1954
2639
2955
2874
2625
253
3

2640
2847
2955
2954
2959
2983
2959
2956


2956
2950
2954
2955
2959
2955
2958
2953
2
9
54
2959
2953
2960
2955
2954
2950
2954
295
7

2949
2953
2954
2960
2959
2950
2955
2954

2
960
2957
2943
2957
2960
2951
2731
2630
2
7
31
2887
2959
2949
2949
2407
1691
1803
1791


928
32
0
0
0
254
539
0
0
0
314
321

0

0
0
0
252
903
771
173
195
987
1470
867


406
212
247
634
1493
1808
1010
588
1157


1723
1463
834
561
495
656
1530
2109
1710


1142
1289
2014
2253
1535
1157
971
1010
1
4
94
2159
2152
1399
1157
1862
2342
1906
17
3
3
2026
1315
946
1616
2058
1620
626
73
0

0

592
1157
852
322
493
1370
1911
1440
11
8
5
1211
1455
2135
2913
2919
2603
2493
2948


2946
2947
2907
2896
2922
2951
2960
2954
2
9
51
2954
2947
2958
2955
2955
2954
2951
296
2

2955
2961
2949
2951
2955
2955
2947
2959

2
965
2950
2953
2951
2957
2957
2960
2954
2
9
35
2958
2959
2955
2952
2957
2953
2955
2955


2951
2958
2947
2952
2949
2957
2951
2970


2960
2957
2955
2956
2954
0
0
0
0
122
346


0
0
30
511
421
0
0
0
0
773
1410
10
7
7
501
543
1246
1597
907
471
336
387
879

1
695
1835
1054
724
1364
1900
1568
976
779


784
987
1862
2314
1741
1223
1469
2125
223
1

1455
1023
830
894
1600
2338
2189
1506

1
381
2053
2477
1886
1332
1113
1106
1488
230
3

2597
1870
1459
1950
2432
2184
1447
105
3

818
835
1584
2036
1565
911
971
1637
1938


1239
819
670
740
1346
2178
2081
995
389


815
1183
706
95
0
0
260
1237
1860
1443

1
130
1625
2422
2655
2143
1946
1943
2138
28
5
1
2946
2957
2871
2946
2955
2955
2957
2950


2957
2957
2953
2949
2959
2972
2950
2957

2
960
2950
2954
2956
2950
2956
2960
2959
295
8

2956
2948
2951
2951
2960
2950
2947
2960


2960
2951
2960
2955
2926
2747
2519
2541
2951
2959
2947
2943
2944
2955
2845
2014
11
6
3
531
208
676
1013
511
0
0
290
579
0
0


0
0
0
534
767
61
0
463
1094
944
380
1
6
0
130
309
1151
1671
1229
651
798
1503
178
2

1081
641
502
577
1142
1871
1888
1129
8
5
2
1586
2113
1692
1139
912
902
1168
2022
2
4
02
1760
1214
1500
2081
2079
1402
1105
1005
1124
1845
2446
2128
1398
1141
938
699
944
1397
1252
338
23
660
1235
897
427
369
511
959
2064
2651
2176
1872
2352
2933
290
9

2604
2463
2471
2702
2956
2955
2952
2947


2956
2954
2959
2957
2957
2956
2961
2949
2
9
57
2950
2958
2959
2960
2954
2955
2953
29
4
6
2957
2956
2955
2949
2958
2961
2955
2955


2957
2954
2949
2954
2961
2960
2959
2960

2
954
2951
2955
2955
2951
2954
2949
2938
2
9
59
2949
2960
2955
2954
2959
2955
2953
208


468
0
0
0
202
367
0
0
0
0
114
793
873


176
27
757
1344
941
379
163
150
443
135
3

1840
1171
686
1073
1692
1684
971
653
52
8

631
1381
2051
1872
1223
1199
1903
2320
1
6
89
1179
987
985
1351
2083
2251
1488
1093


1699
2257
2032
1420
1135
1082
1231
2043
2
5
25
2086
1500
1633
2287
2512
1806
1339
10
9
7
1055
1535
2155
2077
1226
879
1505
1931

1
445
813
589
592
866
1776
2225
1603
1163


1702
2215
1966
944
303
0
0
579
1199
983

3
85
411
1274
1894
1469
1189
1200
1408
197
0

2847
2930
2559
2389
2927
2955
2945
2907


2951
2959
2956
2942
2953
2955
2959
2953
2
9
53
2928
2953
2951
2955
2958
2955
2956
29
6
0
2959
2947
2948
2959
2955
2957
2989
2960


2953
2955
2955
2954
2956
2951
2958
2947

2
953
2953
2864
2527
2799
2953
2960
2948
293
9

2734
2273
2181
2197
1707
511
0
389
725


128
0
0
0
0
215
581
0
0
44
582
650
19


0
0
0
611
1328
1154
502
432
1162
1593

9
44
502
342
358
778
1600
1878
1110
672
12
6
2
1827
1617
963
751
719
912
1749
2290
18
7
2
1299
1445
2107
2346
1610
1073
830
855
1
4
08
2158
2221
1509
1264
1933
2427
1994
21
1
0
2320
1274
528
721
1135
894
183
0
0
4
6

937
1666
1493
1038
1273
2139
2634
2154
18
7
2
1830
1998
2607
2946
2954
2879
2867
295
8

2958
2956
2956
2953
2954
2958
2958
2954

2
956
2960
2983
2955
2957
2953
2954
2960
2
9
49
2960
2959
2959
2959
2954
2960
2946
2955


2956
2958
2959
2951
2958
2955
2954
2960


2955
2955
2951
2957
2960
2960
2954
2957
29
5
9
2951
2955
2955
2959
2960
2954
2960
295
9

2957
2953
2961
560
0
0
0
0
0
403
691

1
8
0
317
944
867
282
93
73
236
1082
165
8

1280
661
752
1459
1775
1091
624
466
496


1023
1799
1886
1143
877
1603
2144
1755
1
1
95
976
935
1187
2059
2438
1741
1227
1477


1988
1970
1251
950
853
969
1728
2371
2177


1535
1475
2165
2559
1943
1463
1271
1233
1
6
44
2365
2526
1678
1195
1653
2107
1766
10
4
0
683
560
655
1468
1966
1500
931
1073
176
2

2062
1398
1156
931
717
939
1411
1257
3
6
8
75
746
1328
992
530
433
595
1033
2102

2
710
2226
1904
2390
2927
2895
2559
2418
2
4
31
2639
2954
2962
2959
2962
2960
2951
2951


2951
2960
2953
2950
2958
2957
2957
2951


2957
2955
2956
2959
2960
2958
2949
2958
29
5
1
2957
2960
2958
2955
2957
2957
2959
296
6

2959
2958
2934
2960
2978
2833
2603
2635

2
815
2958
2953
2955
2736
1987
1850
1898
1
3
71
356
0
0
0
138
554
197
0
0
237
599
0


0
0
0
33
740
1063
365
77
727
1392
121
1

576
317
230
406
1291
1795
1357
769
882

1
554
1783
1064
634
511
592
1195
1977
2096


1347
1113
1826
2320
1894
1306
1056
1011
1
2
17
2005
2303
1611
1138
1501
2154
544
133
4

1903
1637
1021
1191
1853
1953
908
208
0


0
201
924
1132
432
240
1039
1765
1618
1
2
03
1165
1337
1715
2672
2947
2677
2416
2807


2955
2955
2915
2890
2891
2943
2953
2956


2954
2954
2955
2960
2955
2959
2953
2955

2
954
2958
2955
2958
2958
2955
2949
2958
295
5

2957
2958
2950
2960
2959
2959
2960
2951


2945
2954
2951
2953
2957
2950
2953
2961
2
9
59
2956
2955
2953
2958
2958
2959
2955
295
3

2958
2956
367
688
345
0
0
0
0
16
359


17
0
0
372
751
143
0
0
0
436
1299
150
1

752
438
1080
1587
1235
603
370
334
510

1
389
1875
1289
736
1003
1643
1802
1102
78
6

700
807
1492
2230
2096
1424
1319
1975
23
9
4
1774
1159
843
784
1093
1989
2337
1632


1246
1799
2337
2160
1527
1241
1148
1258
20
3
7
2551
2175
1578
1665
2267
2454
1692
1171


874
786
1232
1920
1885
1040
727
1364
186
7

1442
878
704
721
1035
2031
2493
1638
79
6

835
1235
1104
309
0
0
58
854
1680
163
9

1158
1311
2203
2765
2317
1997
1929
2066

2
559
2957
2953
2880
2857
2959
2960
2953
2
9
47
2955
2954
2955
2957
2954
2955
2951
2954


2956
2942
2954
2957
2958
2956
2955
2954


2955
2960
2955
2960
2959
2960
2955
2951
29
5
1
2958
2953
2955
2951
2937
2815
2559
245
3

2947
2954
2945
2943
2960
2959
2955
2447

1
603
881
464
655
1069
851
0
0
203
576
6
7

0
0
0
0
401
822
196
0
259
941
1056
42
2

166
112
215
959
1583
1332
653
576
1306


1747
1104
614
416
435
868
1683
1975
1263


851
1462
2064
1866
1215
923
851
981
1829


2323
1904
1294
1371
1974
2182
1457
1070
9
2
8
944
1523
2245
2115
1470
1054
901
692
7
8
2
1309
1359
450
0
511
1127
977
474
330

4
17
730
1744
2448
2247
1834
2093
2848
2931


2625
2429
2390
2559
2953
2959
2958
2944

2
948
2953
2950
2960
2955
2953
2955
2957
295
6

2938
2958
2946
2949
2955
2957
2951
2957


2954
2949
2961
2957
2945
2960
2957
2960
2
9
51
2957
2959
2954
2944
2960
2954
2953
29
6
0
2960
2959
2957
2957
2966
2958
2977
2960


2949
2955
2957
2951
2954
2958
2957
6
395


231
0
0
90
461
0
0
0
0
0
709
1137
4
5
8
63
576
1259
1206
581
251
161
272
1046


1690
1424
769
775
1474
1839
1144
656
475


503
985
1868
2101
1362
1045
1690
2221
18
9
4
1291
1011
976
1149
1937
2319
1733
1181

1
443
2138
2295
1611
1215
1050
1098
1715
2
3
90
2235
1568
1430
2164
2606
2047
1583
1350


1293
1558
2243
2390
1521
973
1431
1915

1
712
997
673
581
705
1535
2109
1733
1161
1
3
41
2030
2107
1085
352
0
0
319
1069
1200


511
322
1130
1830
1630
1212
1168
1309
174
4

2736
2943
2649
2413
2874
2955
2955
2954


2951
2956
2949
2955
2955
2960
2957
2959
2
9
54
2960
2960
2958
2954
2960
2960
2977
29
6
0
2959
2956
2957
2955
2955
2949
2954
2958


2950
2957
2951
2959
2955
2955
2955
2943

2
953
2950
2934
2690
2705
2956
2959
2951
295
3

2912
2667
2436
2515
2155
881
116
393
7
5
1
340
0
0
0
0
64
412
0
0
0
371
691
70


0
0
0
403
1232
1395
638
355
1051
1535


1166
576
342
314
592
1437
1887
1290
767
1
0
55
1719
1785
1102
765
701
788
1503
2192


1983
1318
1245
1924
2340
1705
1159
868
798


1200
2042
2347
1615
1233
1789
654
892
1
8
18
2397
1653
784
768
1167
1104
293
0
0
0


691
1489
1506
1008
1067
1967
2559
2174

1
808
1773
1904
2382
2949
2960
2874
2828
296
7

2956
2951
2948
2951
2953
2953
2956
2955


2955
2949
2955
2957
2959
2957
2959
2954

2
951
2957
2954
2954
2957
2956
2953
2957
295
7

2955
2960
2954
2960
2950
2962
2955
2930


2955
2955
2950
2959
2954
2955
2955
2955
2
9
57
2951
2951
2958
2955
2957
2951
2960
29
6
0
2950
2955
150
461
39
0
0
0
0
224
675


170
0
118
797
1022
387
106
64
153
816

1
535
1501
741
554
1290
1779
1259
745
531
4
8
1
784
1662
2032
1309
861
1315
1950
1904


1232
931
869
976
1761
2334
2014
1403
1380


1995
2283
1594
1124
976
1051
1519
2291
2
4
16
1649
1309
1930
2443
2118
1535
1282
1232


1415
2263
2670
2043
1447
1600
2112
2125

1
338
859
628
622
1216
1872
1717
1023
910


1655
2146
1594
1179
1043
816
889
1422
1488


579
82
583
1193
1121
573
388
476
772
1
7
95
2502
2325
1910
2114
2854
2939
2631
2430


2957
2957
2960
2959
2954
2959
2957
2957


2958
2950
2952
2967
2959
2953
2959
2961
29
5
7
2955
2960
2955
2956
2958
2949
2959
295
3

2960
2960
2955
2960
2957
2959
2955
2957

2
957
2954
2960
2921
2955
2949
2890
2526
2
4
80
2665
2905
2957
2958
2891
2266
1890
1968


1674
539
0
0
0
0
445
370
0
0
64
470


59
0
0
0
0
549
1038
510
76
457
1194
13
2
1
640
272
159
262
927
1650
1483
807
688

1
424
1849
1227
747
560
576
946
1822
2145


1389
976
1535
2130
1899
1273
990
890
1042


1853
2307
1823
1215
1337
2032
2293
1629

1
899
1855
1135
992
1853
2225
1387
571
98
0


125
928
1325
640
272
846
1607
1733
1241


1119
1217
1481
2391
2928
2765
2384
2527
2
9
51
2958
2912
2865
2854
2894
2958
2954
29
6
0
2950
2958
2957
2960
2957
2950
2954
2955


2957
2955
2947
2955
2954
2956
2957
2956

2
953
2956
2955
2956
2948
2955
2956
2954
295
5

2953
2957
2960
2955
2954
2958
2944
2955

