2
9
59
2960
2960
2960
2959

2
958
2960
2962
2960
2960
2957
2959
2956
2
9
55
2957
2955
2955
2957
2957
2960
2953
2960


2955
2960
2955
2953
2960
2960
2949
2961


2950
2957
2951
2951
2956
2955
2953
2951
29
5
1
2955
2828
2686
2957
2958
2961
2955
290
2

2586
2073
2194
2180
1415
365
151
656
862


80
0
0
0
0
483
671
0
0
320
878
649

1
06
0
0
168
1071
1643
1148
624
841
1509
1
6
94
973
578
434
497
1104
1807
1745
977
7
5
2
1452
1949
1427
967
752
779
1131
1995
23
9
2
1723
1291
1700
2256
2197
1467
1102
945


1006
1744
2329
2053
1392
702
531
613
1310


1933
1625
606
167
726
1133
589
53
0
19


454
1459
2069
1569
1295
1884
2618
2698
219
2

2009
2029
2220
2928
2955
2950
2895
2946


2960
2955
2954
2955
2953
2953
2958
2956
2
9
60
2960
2957
2950
2955
2949
2956
2959
29
5
5
2957
2955
2959
2960
2947
2957
2960
2957


2952
2955
2951
2959
2958
2960
2951
2956

2
958
2951
2951
2951
2952
2953
2947
2958
295
6

2955
2947
2960
2957
2959
2959
2954
2959


2959
0
0
304
556
0
0
0
0
52
687
899
2
0
1
0
623
1200
935
398
206
224
430
1290

1
781
1229
666
902
1584
1757
1022
640
511


572
1205
1894
1849
1108
971
1703
2195
1699


1160
944
944
1274
2079
2435
1745
1226
1
5
84
2131
2034
1355
1015
906
1042
1845
2451


2192
1554
1535
2224
2544
1889
1441
1259

1
291
1747
2480
2634
1887
1483
2019
2366
193
5

1179
768
618
707
1520
1965
1424
851
10
7
2
1734
1920
1230
669
240
18
406
966
908

1
40
2
780
1360
999
614
578
759
1267
2293


2845
2335
2075
2551
2955
2924
2719
2611
2
6
57
2825
2959
2958
2956
2960
2955
2960
294
5

2960
2955
2957
2954
2957
2959
2957
2960

2
958
2951
2954
2959
2959
2946
2960
2962
2
9
47
2960
2958
2961
2966
2957
2959
2955
2957


2972
2919
2921
2957
2945
2610
2445
2525


2758
2954
2958
2924
2125
1245
1353
1456

7
86
0
0
0
0
190
529
0
0
0
365
559
0
0


0
0
251
1002
1037
351
228
1018
1555
107
2

553
319
338
641
1510
1935
1211
711
1134


1759
1706
1009
679
583
679
1456
2120
1887


1248
1259
1947
2288
1648
1173
1003
1022

1
441
2167
2292
1513
1129
1762
2276
910
169
8

2044
1362
1006
1515
1851
1445
496
0
0
0


565
1177
951
405
598
1488
2032
1535
131
0

1357
1535
2195
2930
2930
2627
2497
2948

2
960
2954
2922
2902
2913
2949
2955
2965
2
9
57
2960
2954
2959
2955
2962
2957
2951
2941


2956
2956
2954
2954
2960
2956
2953
2954

2
952
2960
2960
2955
2955
2953
2959
2956
2
9
60
2950
2957
2953
2959
2955
2960
2960
29
5
5
2959
2957
2940
2951
2954
2959
2960
2954


2958
2955
2949
2949
0
0
0
0
0
222
445


0
0
112
646
511
0
0
0
16
885
1513
10
9
3
546
702
1398
1617
910
509
377
421
999


1731
1747
1008
764
1497
2019
1502
975
833


827
1161
2000
2392
1739
1221
1603
2186
2
1
51
1431
1045
887
958
1696
2293
2099
1425

1
424
2113
2477
1834
1364
1157
1155
1600
2
3
99
2559
1831
1456
2022
2429
2064
1354
976


823
911
1715
2113
1517
896
1095
1749
192
0

1222
848
738
852
1535
2325
2142
1034
53
1

978
1301
704
133
0
33
400
1387
1968
145
1

1180
1780
2543
2640
2127
1953
1961
2199


2917
2959
2943
2891
2955
2959
2959
2953
2
9
55
2958
2948
2958
2960
2951
2959
2954
29
5
8
2960
2959
2957
2960
2960
2937
2949
2949


2956
2959
2965
2959
2955
2961
2958
2953

2
961
2960
2953
2955
2893
2609
2262
2034
250
1

2951
2954
2931
2944
2958
2947
2445
1420


640
138
47
598
823
50
0
0
311
321
0

0

0
0
112
702
603
0
1
721
1293
767
306

1
70
188
592
1398
1743
989
577
1057
1641

1
506
811
487
428
500
1344
1945
1589
961
11
5
1
1878
2196
1525
1113
963
1007
1567
2289


2284
1505
1194
1838
2273
1782
1200
951
95
9

1247
2102
2493
1838
1370
1088
719
473
1
0
13
1360
855
155
241
987
1339
767
463
481


718
1428
2359
2641
2087
1947
2668
2949
2
8
17
2553
2470
2559
2859
2958
2960
2954
2947


2955
2955
2951
2959
2958
2959
2953
2949


2949
2953
2949
2953
2955
2955
2955
2958
29
5
9
2959
2955
2955
2954
2938
2959
2949
295
0

2957
2953
2953
2958
2952
2957
2955
2959

2
957
2955
2960
2955
2951
2967
2954
2956
2
9
59
2957
2959
2951
2955
2960
3008
2955
303


413
0
0
0
351
147
0
0
0
0
434
1040
694
207
442
1200
1490
823
409
246
284
891
1684
1699
946
718
1411
1855
1379
851
623


599
897
1790
2224
1584
1104
1501
2123
2107


1416
1087
967
1040
1721
2262
1972
1279

1
261
1963
2341
1722
1264
1051
1057
1502
228
5

2429
1680
1328
1969
2486
2179
1600
1314


1171
1265
2023
2365
1708
1077
1226
1791
1
8
44
1117
688
531
632
1275
2005
1969
1271


1203
1854
2060
1200
380
0
0
123
917
139
7

758
441
1021
1808
1959
1476
1360
1431
16
7
1
2559
2952
2857
2559
2699
2956
2955
295
9

2955
2956
2953
2957
2957
2954
2954
2954

2
951
2960
2955
2957
2951
2957
2953
2960
29
5
8
2958
2960
2959
2951
2951
2959
2956
2959


2956
2959
2959
2960
2953
2953
2950
2904

2
946
2960
2935
2448
2201
2913
2959
2950
293
4

2832
2384
1923
2079
1968
944
55
51
486


539
0
0
0
0
0
304
276
0
0
271
752
324


0
0
0
176
1088
1583
933
464
848
1474

1
487
784
453
363
465
1187
1815
1583
890
841
1576
1933
1307
850
738
762
1237
2096
2307
1535
1211
1809
2304
1987
1323
1002
919
1090
1903
2370
1827
1309
817
653
766
149
4
2289
1913
869
466
974
1264
550
0
0
0
4
2
6
1379
1886
1344
1118
1849
2559
2544
208
1

1905
1934
2160
2927
2948
2924
2849
2955


2954
2955
2952
2944
2954
2955
2955
2957

2
960
2951
2952
2954
2958
2960
2956
2960
295
7

2957
2957
2938
2957
2960
2960
2954
2959
2960
2955
2977
2947
2959
2954
2961
2957
2
9
50
2960
2958
2959
2960
2953
2960
2957
296
0

2955
2953
2950
2954
2955
2971
2951
2950
2955
2954
2959
304
273
0
0
0
0
32
559
541
0
0
608
1173
726
278
144
178
535
1386


1767
1045
577
1022
1654
1595
910
581
49
9

576
1379
1968
1695
1055
1102
1861
2230
1
5
84
1137
961
960
1414
2195
2352
1585
1174


1754
2192
1869
1245
978
950
1165
2011
248
9

1949
1424
1659
2293
2416
1712
1350
1195


1264
1899
2520
2397
1589
1298
1874
2219

1
561
935
653
592
835
1641
2029
1339
910

1
360
1991
1937
1345
1072
752
476
975
1353

9
41
177
156
912
1360
828
463
451
649
1328


2319
2661
2127
1934
2641
2950
2855
2607

2
531
2953
2954
2960
2953
2957
2960
2958
29
5
1
2955
2945
2955
2951
2960
2958
2960
2958


2959
2959
2955
2959
2960
2957
2953
2961

2
959
2950
2958
2957
2955
2960
2951
2959
295
5

2955
2949
2886
2939
2957
2911
2446
2313


2448
2715
2954
2954
2877
2028
1313
1468
1
4
81
591
0
0
0
0
261
528
0
0
0
445
464


0
0
0
0
421
1088
943
306
371
1168
1631


1019
561
394
394
817
1619
1872
1108
666


1200
1760
1535
907
619
551
693
1559
2151

1
703
1152
1355
2019
2210
1508
1104
947
99
9

1574
2207
2138
1360
1126
1829
600
944
17
7
6
2116
1392
1021
1659
2074
1619
645
85

0

0
648
1249
931
402
592
1450
1951
1447
1
2
23
1264
1493
2173
2917
2907
2559
2496
29
5
5
2953
2941
2898
2891
2913
2953
2959
2959


2954
2955
2954
2955
2955
2951
2952
2957

2
950
2959
2951
2957
2955
2955
2951
2953
295
7

2958
2955
2958
2953
2959
2955
2958
2957


2951
2958
2955
2948
2958
2959
2957
2955
2
9
55
2958
2951
2957
2955
2955
2957
2959
29
5
9
2957
2959
342
576
0
0
0
0
0
74
368


0
0
0
491
511
0
0
0
0
679
1361
113
2

465
506
1203
1584
896
459
334
382
877


1693
1880
1114
759
1351
1936
1631
1023
811


751
948
1805
2305
1776
1239
1449
2075
2
1
95
1461
1053
848
902
1482
2181
2132
1429

1
265
1963
2441
1945
1411
1203
1200
1520
23
0
7
2650
1941
1489
1856
2311
2155
1399
963


785
779
1505
2031
1696
971
961
1650
2017


1392
976
855
927
1434
2355
2490
1454
689

1
035
1370
935
229
0
0
197
1152
1818
1473


1131
1570
2375
2695
2191
1943
1935
2122
2
7
90
2959
2950
2880
2933
2951
2953
2951
29
5
7
2957
2960
2960
2957
2953
2951
2956
2960


2959
2961
2955
2954
2955
2958
2957
2958

2
956
2961
2955
2955
2959
2955
2959
2950
295
1

2960
2960
2955
2943
2786
2439
2161
2251


2940
2954
2927
2915
2944
2963
2806
1868
1
0
06
403
77
543
911
446
0
0
240
506
0
0
0
0
0
449
709
25
0
394
1019
922
351
131
131
305
1168
1679
1227
599
765
1494
1742
1039
615
483
543
1139
1903
1905
1145
928
1663
2559
1681
1158
934
879
1199
2037

2
443
1776
1282
1599
2191
2138
1446
1115
9
9
5
1101
1835
2415
2138
1465
1126
882
620
80
1

1285
1267
380
0
580
1173
979
477
387

5
39
925
2010
2681
2352
2007
2367
2931
292
8

2658
2477
2480
2672
2955
2959
2948
2951

2
949
2959
2956
2961
2957
2960
2960
2953
2
9
47
2960
2955
2959
2958
2953
2957
2953
2959


2958
2955
2960
2950
2949
2955
2955
2954


2957
2951
2951
2955
2953
2960
2959
2953
2958
2960
2954
2960
2955
2951
2958
2955
2957
2960
2955
2959
2957
2959
2956
2950
6
349
68
0
0
79
431
0
0
0
0
0
688
1103
471
164
690
1390
1334
694
391
304
409
1252
1833
1486
843
912
1535
1827
1123
668
48
9
538
1095
1904
2025
1306
1074
1777
2282

1
861
1313
1088
1023
1279
2070
2403
1712
119
8

1520
2153
2203
1511
1159
1040
1121
1840


2455
2227
1562
1556
2238
2559
1936
1457
1222
1133
1476
2186
2242
1383
939
1480
1951
1603
973
683
621
784
1691
2183
1687
1179
1505
2131
2016
928
269
0
0
445
1133
115
5

505
441
1291
1973
1655
1313
1295
1474
19
5
7
2835
2952
2666
2423
2897
2947
2962
295
8

2960
2951
2957
2955
2957
2960
2959
2953

2
955
2960
2951
2954
2959
2955
2954
2970
2
9
60
2959
2955
2958
2953
2955
2958
2949
2958


2947
2955
2953
2951
2954
2960
2923
2862


2951
2958
2730
2215
2491
2953
2957
2943
2
9
25
2758
2306
2182
2202
1655
421
0
274
55
1

0
0
0
0
0
95
405
0
0
0
525
629
16
0


0
0
618
1365
1294
619
487
1225
1663
10
6
0
544
375
407
784
1599
1904
1165
694
1200


1781
1668
1013
771
742
880
1729
2331
19
5
9
1358
1455
2110
2340
1627
1137
891
871
1
3
90
2141
2202
1461
1216
1904
2356
1125
20
0
0
2234
1232
525
746
1167
943
239
0
0
123


1046
1776
1594
1136
1449
2302
2699
2206


1936
1907
2058
2673
2954
2946
2866
2893

2
958
2951
2957
2950
2942
2947
2958
2959
2951
2959
2959
2950
2959
2955
2957
2959
2952


2960
2960
2957
2960
2961
2959
2949
2957
2
9
51
2953
2953
2958
2955
2955
2954
2946
29
4
9
2961
2956
2938
2960
2959
2960
2960
2958


2960
2959
2951
2957
2958
2951
2959
2960

2
958
2957
2960
231
545
0
0
0
0
0
490
820


163
0
368
1017
986
415
161
111
251
107
2

1678
1363
701
727
1471
1857
1166
701
496


510
1023
1809
1982
1227
855
1576
2123
18
2
7
1207
971
913
1125
1961
2391
1859
1298
1513
2065
2149
1436
1091
979
1103
1767
2416
2320
1621
1419
2133
2528
1955
1450
1232
1192
1531
2315
2559
1787
1280
1624
2106
1907
1158
751
573
601
1363
1920
1616
966
10
4
9
1781
2151
1520
1199
1023
779
961
1412


1372
430
35
613
1188
938
432
351
480
885


1941
2624
2314
2000
2378
2933
2933
2943

2
959
2950
2960
2957
2954
2950
2957
2955
2
9
54
2955
2956
2955
2955
2957
2947
2960
2962


2960
2951
2957
2949
2956
2961
2954
2957


2947
2958
2961
2955
2960
2960
2960
2960
29
5
4
2953
2961
2911
2837
2947
2947
2608
221
8

2256
2512
2913
2954
2954
2625
1793
1639

1
663
1170
133
0
0
0
57
422
111
0
0
183


511
0
0
0
0
34
730
1042
398
116
775
14
4
0
1264
671
386
302
445
1296
1839
1342
7
7
0
934
1586
1750
1070
666
531
610
1227
1986


2003
1308
1125
1837
2273
1755
1223
979

9
66
1252
2041
2369
1649
893
547
446
594

1
456
2000
1602
1057
1334
2069
2064
1017
304

0
0
346
1086
1117
430
320
1163
1841
15
7
8
1218
1206
1387
1855
2778
2955
2695
2465


2887
2954
2951
2931
2909
2905
2928
2955

2
960
2953
2958
2959
2956
2955
2950
2959
296
0

2960
2957
2955
2959
2953
2955
2953
2960


2957
2954
2955
2953
2959
2955
2958
2955
2
9
47
2953
2954
2959
2954
2960
2953
2958
29
5
6
2957
2943
2956
2951
2959
2957
2959
2983


1777
511
0
137
478
144
0
0
0
0
0
346
0
0
0
442
764
149
0
0
0
511
1328
1424


683
442
1125
1641
1216
629
416
394
704
1
5
35
1979
1345
805
1160
1799
1836
1137
818


753
908
1635
2288
2117
1427
1348
1999
239
5

1755
1216
957
938
1253
2059
2325
1610

1
213
1765
2282
2093
1467
1168
1070
1212
204
6

2551
2128
1586
1734
2378
2528
1769
1262


1009
901
1374
2011
1943
1135
826
1497
196
5

1490
953
741
742
1068
1995
2361
1442
6
3
3
720
1147
1066
310
0
0
92
935
1727
1671


1176
1344
2231
2729
2271
1945
1903
2034


2545
2950
2950
2897
2893
2932
2955
2951
29
5
5
2951
2954
2951
2957
2953
2959
2955
295
8

2957
2961
2954
2957
2953
2954
2959
2957

2
953
2951
2956
2954
2955
2957
2947
2955
2
9
57
2951
2957
2957
2955
2877
2657
2336
2187


2839
2955
2928
2899
2957
2959
2946
2304


1434
688
251
464
911
720
0
0
126
485
28


0
0
0
0
401
825
240
0
267
960
1101
46
4

167
79
219
912
1589
1413
706
635
1377
1
8
27
1191
720
510
511
925
1724
2018
1277

8
87
1443
2055
1911
1277
967
885
1039
1862

2
363
1904
1334
1439
2032
2192
1465
1033
8
8
2
976
1584
2317
2091
1603
1076
993
829
81
9

1353
1479
615
53
395
1008
1095
530
320


381
686
1591
2439
2367
1877
2032
2791
294
3

2670
2418
2385
2605
2946
2960
2950
2949


2947
2956
2961
2957
2956
2954
2958
2955


2958
2955
2929
2960
2956
2953
2958
2958
29
5
8
2954
2953
2949
2973
2951
2954
2955
295
3

2951
2955
2950
2960
2948
2959
2953
2953

2
938
2954
2931
2957
2959
2958
2955
2957
29
5
9
2956
2958
2957
2956
2957
2960
0
0
314

2
62
0
0
58
411
42
0
0
0
0
580
1071
5
3
7
110
471
1179
1344
682
320
186
314
965

1
678
1594
876
736
1424
1824
1229
689
509


496
883
1758
2135
1435
1034
1535
2145
2027


1375
1082
969
1077
1867
2333
1888
1211

1
323
2001
2295
1674
1270
1122
1165
1691
242
1

2443
1710
1408
2079
2524
2096
1520
1243


1137
1298
2047
2359
1614
1038
1342
1904
1
8
83
1134
758
641
737
1451
2124
1901
1242


1287
2091
2285
1321
496
47
0
272
1041
126
3

540
281
1023
1745
1665
1237
1213
1335
1
7
01
2659
2948
2704
2422
2785
2960
2959
295
7

2957
2951
2960
2959
2959
2954
2958
2954


2955
2955
2957
2960
2949
2950
2957
2960
29
5
9
2955
2950
2973
2954
2958
2953
2955
294
7

2959
2954
2954
2960
2960
2960
2955
2928

2
953
2957
2896
2416
2233
2937
2955
2943
2
9
24
2809
2395
2072
2213
1972
745
0
114
489


271
0
0
0
0
0
297
43
0
0
290
702
11
6

0
0
0
315
1194
1487
752
384
993
1562


1370
737
433
387
547
1379
1868
1406
816
9
8
3
1655
1895
1218
828
711
823
1404
2165

2
170
1441
1187
1861
2319
1831
1244
944
835


1107
1942
2381
1726
1289
816
678
793
162
7

2320
1931
950
639
1084
1294
535
17
0
0


509
1423
1796
1213
1011
1823
2493
2394
19
6
4
1855
1943
2239
2944
2956
2912
2864
2956
2954
2951
2949
2950
2949
2951
2957
2953
2955
2951
2956
2958
2958
2959
2957
2951
2939
2957
2951
2960
2955
2956
2959
2954
2957
2957
2955
2955
2958
2955
2955
2964
2954
2
9
60
2955
2955
2955
2954
2950
2957
2954
295
7

2958
2956
2957
2958
2955
2958
2957
2951


2957
2949
0
273
283
0
0
0
0
0
496
47
7

0
0
538
1087
654
208
55
85
426
1292
16
9
1
993
543
962
1616
1585
898
594
492
582


1369
1933
1687
996
1004
1797
2192
1535
10
8
7
914
955
1429
2209
2379
1623
1226
1776


2204
1879
1238
1003
967
1147
2015
2470
194
7

1379
1603
2215
2370
1685
1312
1154
1230


1855
2483
2416
1616
1322
1918
2241
1631
9
7
8
707
635
894
1693
2071
1351
885
1344
1
9
63
1961
1312
1090
848
610
1102
1397
963
1
5
7
112
816
1262
713
409
401
628
1328
233
1

2694
2160
1954
2678
2954
2833
2557
2463

2
523
2788
2955
2957
2959
2957
2954
2954
2
9
58
2955
2960
2961
2962
2960
2954
2959
2950

2958
2950
2960
2960
2953
2959
2956
2954


2956
2951
2957
2960
2959
2959
2953
2956
2948
2945
2909
2943
2953
2893
2395
2253
2384
2707
2960
2958
2895
2177
1623
1762
1661

6
27
0
0
0
0
323
481
0
0
18
463
272
0


0
0
0
573
1169
780
282
508
1267
1530
826


419
250
317
887
1645
1663
923
696
1402


1859
1397
816
601
601
891
1776
2224
1572

1
121
1535
2162
2157
1488
1162
1035
1093
1
7
95
2303
1962
1237
1242
1962
2305
1664
1206


1785
1021
896
1616
1856
1059
239
0
0
4
5

822
1236
613
283
824
1636
1802
1309
1200


1299
1584
2488
2945
2838
2490
2638
2954


2953
2931
2898
2880
2912
2953
2938
2960
29
5
9
2951
2962
2958
2959
2953
2957
2955
295
5

2959
2955
2954
2949
2957
2959
2954
2960

2
958
2951
2958
2951
2953
2954
2951
2954
2
9
57
2957
2960
2953
2957
2958
2954
2951
2960


2949
2959
2959
2953
2950
2955
2953
2960

2
959
2960
2954
2955
2960
0
0
0
0
251
195


0
0
240
678
259
0
0
0
172
1081
1584

9
47
474
839
1488
1511
815
496
384
508
1235


1868
1645
943
901
1650
2012
1365
873
72
5
790
1248
2039
2293
1535
1130
1695
2206
1
9
68
1296
938
800
909
1769
2321
1851
1328


1535
2208
2362
1697
1303
1171
1244
1860

2
517
2463
1738
1533
2201
2544
1936
1325
970


812
1040
1782
2099
1347
814
1193
1827
1
7
79
1125
813
719
859
1670
2373
1986
1046
6
9
4
1115
1323
528
17
0
0
473
1419
1783
1
2
28
1067
1887
2559
2439
2000
1893
1961
2239


2957
2955
2890
2850
2960
2960
2961
2955


2957
2953
2954
2957
2960
2955
2957
2957
29
5
8
2955
2955
2957
2950
2959
2958
2960
295
8

2959
2955
2962
2959
2958
2960
2956
2953
2953
2957
2953
2958
2928
2736
2429
2226
2559
2954
2944
2873
2928
2958
2960
2717
1851
1066
466
316
798
941
41
0
0
251
173
0
0
0
0
48
555
384
0
0
615
1135
573
138


25
114
560
1379
1650
871
480
1050
1642
1
4
89
860
602
525
647
1470
2036
1597
1017

1
167
1887
2162
1477
1055
919
959
1535
2243


2224
1448
1168
1776
2195
1734
1166
976
9
5
0
1258
2133
2527
1870
1211
998
854
687
11
9
5
1444
881
128
161
845
1168
561
246
231


491
1254
2256
2490
1950
1876
2669
2943
27
7
8
2463
2381
2480
2834
2958
2957
2950
294
6

2955
2960
2954
2953
2959
2958
2955
2956

2
960
2954
2960
2960
2955
2957
2960
2960
29
5
1
2957
2961
2948
2962
2960
2957
2937
295
8

2956
2954
2949
2955
2960
2963
2960
2931

2
960
2959
2960
2960
2959
2957
2960
2957
2959
2947
2958
2957
2959
2958
2951
2956
2951


547
0
0
0
365
167
0
0
0
0
435
1007
6
4
1
175
395
1166
1485
814
427
250
297
855


1639
1623
861
618
1323
1781
1310
741
511


524
842
1701
2158
1530
1087
1485
2118
2132


1472
1154
1033
1105
1776
2309
1989
1287


1295
2007
2365
1734
1275
1102
1105
1559
23
0
6
2449
1691
1323
1934
2433
2165
1579
131
9

1203
1262
1997
2354
1701
1057
1210
1776

1
872
1136
691
548
636
1285
2003
1983
127
0

1098
1936
2307
1520
646
101
0
112
862
1
2
64
600
239
751
1529
1714
1232
1152
1233


1520
2415
2936
2811
2461
2955
2961
2958
29
5
9
2955
2960
2953
2957
2967
2957
2960
295
5

2950
2959
2957
2954
2955
2950
2952
2949

2
960
2958
2963
2954
2960
2958
2956
2957
29
5
7
2955
2958
2953
2954
2957
2959
2951
2932
2957
2965
2949
2559
2173
2823
2949
2947
2929
2916
2735
2386
2509
2351
1264
288
208
640
641
0
0
0
0
0
286
238
0
0
211
70
5
313
0
0
0
176
1069
1566
912
464
844
14
9
0
1488
811
498
384
511
1266
1898
1694
9
9
4
982
1712
2110
1480
987
835
880
1314
209
9

2324
1584
1152
1731
2256
2000
1328
961


817
910
1764
1771
1901
1175
789
672
767
1
4
25
2233
2263
1279
738
1126
1362
706
105


0
0
262
1249
1778
1296
1008
1617
2377
2
5
33
2043
1872
1878
2084
2871
2956
2929
2833


2945
2957
2954
2953
2942
2944
2947
2957


2950
2953
2955
2947
2957
2959
2953
2958
29
6
0
2946
2954
2957
2955
2960
2960
2954
295
9

2954
2954
2954
2960
2957
2958
2955
2959

2
958
2957
2958
2954
2957
2955
2955
2958
2
9
46
2960
2951
2953
2949
2958
2955
2951
583


789
101
0
0
144
262
0
0
0
0
0
477
49
4

0
0
483
1019
619
150
0
52
371
1257
166
5

960
528
927
1571
1600
905
562
441
559

1
265
1935
1683
969
976
1738
2126
1461
1023


853
879
1340
2134
2305
1525
1135
1655
21
0
6
1770
1159
912
900
1085
1945
2421
1907
1
3
59
1587
2201
2362
1661
1269
1122
1187
18
4
0
2496
2409
1615
1351
1947
2272
1648
1023


713
633
870
1673
2027
1317
846
1299
1909


1873
1232
1036
895
752
1227
1535
1072
249


176
878
1295
700
387
355
575
1230
2225


2559
2013
1827
2537
2939
2791
2455
2371
24
0
9
2691
2954
2955
2955
2947
2954
2957
296
0

2955
2947
2958
2958
2950
2960
2955
2957


2959
2956
2949
2953
2950
2939
2958
2955
2
9
46
2960
2955
2960
2957
2953
2951
2959
29
5
5
2955
2929
2945
2958
2943
2547
2224
2304


2627
2945
2958
2952
2672
2033
2135
2032
1
0
93
156
0
0
0
333
615
0
0
0
406
473
0


0
0
0
387
1093
1003
343
327
1103
1600
999
526
333
322
721
1567
1855
1113
685
1210
1759
1535
877
589
511
641
1467
2089
1682
1149
1316
2016
2256
1590
1189
1023
1072

1
610
2251
2176
1386
1125
1830
2305
918
17
0
0
2029
1315
942
1535
2224
1913
929
309
0


0
689
1224
900
308
543
1370
1841
1333
1
1
02
1151
1373
2047
2886
2875
2441
2368
294
6

2954
2937
2865
2851
2883
2956
2959
2955

2
957
2958
2955
2961
2950
2955
2953
2958
2
9
60
2960
2954
2959
2949
2960
2956
2955
29
5
7
2963
2955
2955
2959
2959
2954
2953
2957


2961
2951
2955
2959
2957
2943
2953
2969

2
955
2955
2950
2941
2957
2949
2959
2960
295
7

2951
2954
2953
679
0
0
0
0
0
68
303


0
0
0
426
443
0
0
0
0
646
1345
113
6

488
528
1250
1637
981
504
354
381
860

1
674
1888
1088
719
1328
1887
1600
990
755


752
966
1830
2315
1812
1266
1495
2129
229
2

1571
1122
877
882
1473
2183
2175
1472
13
0
2
1995
2461
1955
1420
1200
1167
1466
2272


2611
1939
1499
1904
2442
2295
1535
1138


918
889
1569
2058
1738
962
911
1610
1950

1
274
839
688
729
1218
2087
2330
1361
664


955
1301
878
158
0
0
112
1066
1686
1343

9
76
1403
2240
2608
2112
1892
1904
2096
27
8
3
2960
2954
2869
2919
2957
2955
2958
2957


2958
2957
2960
2957
2952
2959
2951
2959

2
957
2960
2960
2953
2954
2958
2958
2955
295
7

2955
2959
2950
2960
2959
2946
2960
2959


2959
2946
2960
2959
2895
2669
2382
2368


2913
2947
2896
2874
2960
2957
2939
2336
14
9
9
795
386
705
1042
593
0
0
225
499
0
0
0
0
0
410
709
39
0
361
947
864
269
65
70
211
1098
1657
1199
634
782
1503
1764
1043
643
494
511
1098
1858
1850
1114
869
1602
2113
1675
1101
912
912
1197
2032
24
4
5
1779
1301
1623
2147
2085
1369
1032
946

1
083
1823
2433
2160
1469
1009
911
788
103
1

1460
1276
320
0
639
1151
775
335
249
391
831
1893
2512
2109
1815
2300
2907
2903

2
595
2448
2438
2599
2957
2947
2960
2945
29
5
9
2955
2959
2954
2957
2958
2959
2958
2959


2960
2955
2954
2960
2955
2953
2947
2957
2
9
57
2957
2957
2960
2954
2954
2957
2951
29
4
8
2960
2958
2955
2956
2960
2958
2960
2957


2953
2956
2954
2953
2957
2958
2956
2953

2
957
2960
2957
2959
2957
2954
2957
2957
295
7

0
0
0
167
320
0
0
0
0
127
818
866

2
08
96
871
1429
960
435
240
233
533
1379

1
808
1138
656
1072
1693
1675
985
669
567


656
1406
2064
1842
1210
1209
1899
2262
162
3

1170
970
976
1424
2145
2257
1456
1079

1
725
2251
1987
1405
1138
1061
1214
2034
249
4

1959
1443
1692
2305
2473
1799
1392
1187


1148
1670
2239
2138
1270
1003
1647
2027
1
4
57
875
623
589
919
1788
2206
1535
1093

1
582
2303
2129
1132
479
89
16
657
1234
993


335
438
1269
1820
1353
1053
1089
1314
1949
2843
2922
2527
2339
2933
2954
2939
2956
2960
2956
2951
2947
2954
2956
2959
2951
2949
2960
2957
2954
2961
2955
2958
2957
2
9
59
2960
2954
2960
2959
2957
2955
2960
2951


2960
2939
2955
2960
2957
2960
2966
2946


2966
2961
2794
2320
2462
2946
2959
2911
28
9
7
2847
2526
2493
2453
1841
578
9
386
65
1

7
0
0
0
0
85
380
0
0
0
501
575
0
0


0
0
671
1390
1262
616
575
1296
1702
106
6

575
409
431
875
1678
1930
1150
740
1358


1861
1680
1053
753
731
899
1759
2270
180
3

1265
1424
2075
2238
1518
1071
845
849
14
2
4
2141
2151
1437
1243
1968
2415
1924
209
5

2216
1165
450
809
1121
671
41
0
0
55

9
93
1648
1320
957
1383
2212
2550
2041
1843


1821
2014
2720
2960
2944
2837
2879
2953

2
959
2953
2943
2942
2949
2960
2950
2963
295
8

2955
2958
2958
2957
2949
2961
2951
2950


2959
2951
2955
2957
2956
2957
2955
2957
2
9
60
2959
2953
2959
2958
2953
2960
2955
29
7
3
2953
2960
2959
2958
2957
2960
2960
2951


2960
2958
2959
2957
2954
2956
2960
2950

2
951
2947
2957
2960
2960
0
0
0
0
345
713


34
0
293
915
925
351
141
112
240
1083

1
689
1341
704
775
1475
1781
1069
622
452
4
6
4
993
1797
1867
1095
811
1520
2061
1696

1
136
899
905
1150
2007
2394
1763
1247
150
9

2069
2033
1354
1015
919
1088
1789
2421


2260
1593
1520
2163
2531
1930
1430
1232
12
1
8
1632
2398
2655
1885
1431
1902
2303
199
5

1232
863
658
714
1487
1975
1511
934
1104


1795
2030
1360
1008
880
694
973
1403
118
2

277
15
647
1201
797
355
285
442
903
19
4
9
2559
2118
1844
2337
2919
2895
2583
2421


2422
2957
2959
2953
2953
2959
2947
2958
2
9
55
2958
2957
2957
2961
2957
2938
2959
29
6
0
2945
2951
2939
2955
2955
2951
2959
2954


2961
2960
2955
2958
2948
2960
2954
2954

2
953
2954
2950
2957
2954
2951
2672
2243
22
2
5
2475
2941
2956
2949
2516
1737
1743
1755


1046
82
0
0
0
229
578
17
0
0
387
560


0
0
0
0
313
1046
1090
416
304
1086
1619


1152
630
378
356
641
1465
1879
1175
682

1
085
1681
1626
943
635
555
640
1430
2083


1871
1253
1258
1953
2333
1697
1227
1023
10
1
4
1450
2139
2257
1424
899
526
395
566
1
4
13
1885
1355
870
1163
1591
1421
432
0
0

0

252
897
889
247
223
1071
1760
1430
111
8

1130
1328
1857
2793
2947
2672
2497
2901

2
958
2951
2917
2891
2901
2934
2951
2951
2
9
59
2960
2954
2959
2955
2955
2950
2955
2949


2945
2955
2961
2958
2956
2970
2954
2955


2958
2951
2960
2958
2955
2954
2954
2955
29
5
5
2957
2959
2957
2959
2957
2961
2960
295
8

2955
2958
2959
2958
2949
2953
2959
2953

2
959
2946
2957
642
226
0
0
0
0
167
569


119
0
39
649
898
261
0
0
54
681
1497
15
2
3
802
633
1338
1819
1309
766
555
511
80
3

1629
1986
1261
764
1168
1774
1746
1073


782
733
882
1673
2303
2059
1385
1374
2064


2361
1703
1186
918
886
1299
2092
2337
16
2
3
1271
1901
2418
2131
1535
1267
1167
1359


2156
2609
2097
1574
1786
2446
2559
1905

1
535
1390
1451
1952
2462
2240
1326
959
1526


1902
1286
710
480
499
837
1668
1779
731


42
275
765
672
16
0
0
14
880
1670
1587

1
094
1315
2195
2725
2261
2000
1962
2094
2
6
40
2949
2951
2880
2863
2966
2951
2956
2960


2957
2956
2954
2953
2960
2954
2954
2958


2955
2954
2959
2954
2950
2960
2957
2951
29
5
7
2951
2960
2960
2957
2957
2950
2955
296
2

2954
2947
2959
2958
2957
2919
2798
2673

2
946
2955
2925
2874
2944
2939
2738
1648
7
5
3
196
0
272
771
621
0
0
219
594
85
0
0


0
0
530
972
342
0
368
1070
1158
534
2
7
5
222
368
1116
1783
1535
846
818
1514
191
7

1239
730
511
502
912
1702
1968
1221
80
3

1389
2001
1844
1243
990
919
1047
1904
2
4
05
1889
1312
1441
1994
2101
1369
950
839

9
51
1584
2306
2298
1591
881
439
121
173

7
98
988
159
0
267
873
901
374
224
287
607


1639
2432
2367
1918
2128
2865
2947
2729


2519
2451
2585
2943
2963
2957
2947
2951
29
5
9
2951
2960
2960
2957
2953
2959
2959
295
9

2955
2957
2957
2955
2958
2957
2958
2951

2
952
2958
2954
2960
2959
2959
2953
2957
2
9
56
2938
2957
2954
2960
2951
2950
2950
2974


2958
2960
2950
2974
2950
2960
2960
2957


2960
2951
2959
2950
2955
2949
2957
2960
29
5
9
2957
0
183
569
133
0
0
0
0
710
1195


613
220
652
1351
1472
774
448
326
389
1
0
90
1790
1594
901
862
1565
1925
1278
794


589
599
1055
1885
2139
1424
1049
1678
2217


1936
1328
1035
958
1121
1963
2346
1754
1
1
90
1426
2096
2261
1600
1215
1059
1121
171
3

2368
2288
1555
1388
2047
2506
1973
1457


1275
1267
1633
2447
2770
2000
1423
1705
20
9
1
1870
1040
617
450
525
1296
1911
1658

1
008
1091
1703
1789
823
126
0
0
176
903
1
1
54
448
213
981
1680
1594
1172
1131
1269


1648
2631
2944
2703
2419
2959
2954
2923
29
5
7
2954
2961
2958
2954
2959
2960
2961
295
8

2955
2955
2954
2957
2955
2960
2958
2958


2958
2957
2960
2959
2954
2957
2960
2959
2
9
58
2959
2958
2957
2953
2967
2954
2959
2954


2955
2960
2946
2651
2366
2918
2954
2932


2877
2626
2112
1781
1985
1862
695
0
159
5
9
0
389
0
0
0
0
42
479
227
0
0
450
896


307
0
0
0
431
1360
1623
862
496
1121
16
3
1
1341
734
465
419
599
1466
1936
1398
8
1
6
1023
1712
1884
1197
819
722
850
1515
22
2
2
2192
1474
1267
1934
2343
1822
1223
913


834
1118
1955
1827
1458
784
489
447
646

1
557
1885
1088
246
232
704
813
112
0
0

0

551
1423
1571
1022
1011
1926
2599
2309
1
9
64
1917
2033
2430
2959
2954
2901
2850
29
5
8
2956
2960
2951
2951
2950
2960
2960
2951


2951
2953
2956
2959
2957
2959
2962
2955

2
956
2958
2959
2955
2951
2959
2961
2951
2
9
54
2955
2950
2959
2958
2951
2960
2960
2960


2956
2957
2955
2948
2951
2951
2951
2957


2956
2959
2954
2956
2953
2955
2956
2958
29
5
1
2953
0
117
499
240
0
0
0
0
292
829


428
0
180
918
1250
629
311
208
295
885
1
6
48
1642
873
624
1328
1806
1347
767
529

4
70
752
1605
2013
1381
892
1232
1914
1984

1
328
999
870
946
1680
2299
2091
1401
1328


1942
2252
1581
1093
912
940
1402
2214
2396


1648
1281
1854
2368
2063
1470
1227
1171


1349
2189
2662
2155
1633
1878
2491
2553
17
5
4
1215
912
820
1334
1910
1817
1040
816

1
503
1984
1453
972
640
339
330
940
1155
33
6

0
318
948
1041
473
314
400
699
1665
2
4
52
2384
1919
2064
2818
2941
2672
2443
2434


2546
2942
2957
2960
2956
2960
2957
2958


2960
2955
2951
2954
2953
2951
2957
2959
29
5
3
2957
2953
2951
2954
2951
2953
2954
296
0

2978
2954
2935
2958
2955
2957
2954
2957

2
954
2957
2946
2959
2957
2919
2599
2404
2
4
65
2782
2959
2960
2765
1965
1566
1718
1479


432
0
0
0
0
510
502
0
0
213
685
255

0

0
0
0
765
1255
681
253
640
1341
1477


832
483
370
427
1109
1797
1627
917
823
15
2
0
1911
1298
780
574
608
1008
1835
2173

1
477
1077
1616
2175
2019
1383
1103
1008
109
1

1906
2375
1865
1235
1369
2055
473
1192


1767
1486
838
928
1558
1664
689
0
0
0
89


784
1040
362
112
880
1582
1520
1133
108
1

1233
1620
2595
2941
2711
2417
2750
2947

2
953
2913
2882
2896
2934
2960
2960
2957
2
9
50
2957
2960
2959
2955
2958
2957
2958
29
6
0
2958
2951
2951
2953
2951
2957
2959
2960


2958
2955
2960
2956
2954
2959
2960
2955

2
953
2956
2950
2960
2957
2958
2955
2949
29
5
3
2959
2955
2953
2957
2954
2953
2959
2954

2
950
2950
2957
2955
2960
0
0
0
0
370
17
8

0
0
345
801
256
0
0
0
351
1207
1569

8
50
458
1004
1600
1392
719
434
379
511
1
3
45
1908
1431
842
961
1632
1867
1168
751


639
750
1365
2141
2189
1456
1229
1897
2352


1901
1329
1036
912
1131
1942
2346
1708
1
2
32
1604
2218
2199
1511
1194
1088
1183
193
6

2531
2285
1640
1651
2321
2651
2007
1563


1318
1213
1494
2089
2170
1253
783
1330
181
7

1520
902
654
626
807
1693
2208
1463
61
9

550
979
1043
267
0
0
0
573
1450
1582
1
0
17
1018
1927
2559
2270
1927
1861
1968
236
9

2958
2953
2875
2802
2951
2958
2957
2959


2959
2949
2950
2955
2959
2958
2958
2957

2
955
2958
2954
2958
2955
2960
2959
2956
295
5

2949
2951
2954
2959
2960
2953
2959
2960


2955
2959
2951
2960
2946
2859
2631
2441
2
8
11
2955
2909
2818
2944
2959
2955
2656
18
4
6
1055
511
527
972
965
5
0
102
476
177

0

0
0
0
251
735
289
0
125
838
1133
496


185
110
256
857
1621
1612
847
642
1341
1
8
24
1335
797
560
528
789
1644
2031
1333

8
59
1234
1877
1920
1223
941
857
960
1715
2
3
22
2066
1395
1360
1962
2256
1535
1072
87
7

967
1441
2249
2086
1555
1023
871
919
101
1

1535
1634
701
100
438
1039
1040
432
25
5

272
545
1519
2305
2256
1781
1958
2735
29
4
1
2617
2368
2322
2442
2906
2954
2956
294
9

2937
2957
2954
2958
2953
2960
2960
2960

2
959
2958
2956
2955
2956
2950
2955
2955
2
9
49
2959
2959
2955
2957
2954
2959
2953
2943


2954
2950
2958
2959
2960
2958
2953
2951


2959
2959
2955
2955
2955
2958
2955
2958

2
957
2957
2957
2960
2958
2957
0
0
0
391
2
4
2
0
0
64
423
0
0
0
0
0
574
1012
3
9
9
27
486
1202
1266
591
290
182
259
1019

1
679
1414
758
785
1488
1870
1198
720
563


593
1056
1872
2112
1411
1041
1692
2228
195
5

1330
1057
1005
1151
1968
2369
1765
1171


1386
2063
2259
1616
1238
1073
1127
1713
2
3
77
2306
1555
1351
2032
2465
1969
1456
12
3
0
1181
1411
2128
2390
1590
1043
1360
1873


1774
1022
671
543
622
1403
2034
1808
115
6

1191
1997
2415
1579
752
285
97
379
1099


1281
507
194
930
1597
1497
1067
970
1104


1474
2477
2921
2639
2332
2956
2955
2958
2
9
51
2951
2960
2951
2958
2959
2957
2958
29
6
0
2956
2956
2951
2957
2947
2963
2958
2954


2946
2958
2955
2954
2957
2958
2953
2975

2
950
2960
2950
2957
2955
2954
2951
2950
29
4
6
2952
2955
2942
2559
2191
2742
2956
2903


2837
2863
2803
2608
2742
2499
1299
336
3
1
2
675
571
0
0
0
0
0
278
83
0
0
211
60
7

64
0
0
0
147
1012
1445
763
371
897
1
4
99
1394
714
403
315
458
1297
1893
1554
88
2

969
1647
1947
1259
854
704
783
1346
21
3
9
2210
1469
1225
1898
2352
1935
1342
1063


930
1113
1953
1761
1507
838
581
537
688


1584
2230
1767
947
816
1213
1203
342
0
0


0
459
1328
1446
893
916
1814
2462
2176

1
822
1760
1854
2258
2949
2948
2826
2720
296
0

2957
2957
2942
2941
2948
2950
2945
2960


2952
2961
2959
2966
2957
2959
2961
2978

2
955
2955
2954
2958
2958
2953
2957
2958
294
9

2954
2959
2959
2959
2955
2955
2957
2960


2954
2957
2955
2954
2960
2956
2953
2959
2
9
59
2960
2957
2951
2961
2956
2957
2950
29
5
3
2958
0
0
336
149
0
0
0
0
140
637
343


0
54
768
1139
537
161
83
210
769
1579


1707
912
593
1266
1776
1454
835
583
505
7
0
1
1557
2011
1449
940
1168
1841
2004
1338


976
859
961
1616
2301
2158
1403
1272
1895


2277
1648
1124
926
960
1369
2210
2512
1
8
14
1390
1887
2405
2259
1589
1292
1182
1298


2087
2614
2254
1522
1535
2121
2291
1518

9
76
758
743
1197
1907
1955
1184
893
1615

2
096
1707
1157
1020
1085
1131
1680
1789
8
8
3
223
460
1055
1126
494
248
231
494
1382


2229
2262
1771
1856
2670
2941
2635
2366

2
307
2963
2957
2971
2958
2960
2958
2955
295
0

2955
2956
2950
2954
2958
2951
2957
2957


2957
2947
2953
2957
2959
2958
2951
2960
2
9
55
2959
2960
2957
2955
2956
2959
2955
29
5
3
2954
2958
2933
2960
2960
2905
2430
2054


2096
2420
2954
2955
2947
2629
2185
2214

1
978
827
0
0
0
0
331
427
0
0
0
357
115


0
0
0
0
443
989
559
53
337
1075
1347

6
63
284
145
211
827
1583
1571
849
646
1345


1826
1313
753
545
548
879
1724
2145
153
4

1110
1495
2126
2119
1424
1098
971
1039
1
7
97
2352
2019
1294
1250
1926
2320
1699
18
6
3
1817
1074
893
1680
2166
1442
587
81
0

4
8
786
1189
505
144
631
1397
1602
1088
95
4

1057
1375
2304
2931
2781
2419
2540
2954


2949
2907
2853
2847
2889
2953
2951
2954
2
9
57
2951
2958
2959
2947
2954
2957
2951
29
5
1
2954
2960
2951
2950
2957
2956
2959
2951


2952
2960
2948
2950
2956
2958
2958
2953

2
955
2950
2960
2957
2951
2956
2953
2960
296
0

2955
2959
2955
2958
2954
2955
2959
2959


2951
2992
2950
2947
0
0
0
0
0
305
307

0

0
222
679
294
0
0
0
78
932
1467
8
9
6
432
752
1418
1488
775
426
313
399
1127


1761
1651
930
830
1530
1994
1387
898
702


776
1216
2011
2343
1616
1164
1691
2233
20
6
4
1393
1078
886
943
1726
2261
1845
1275


1456
2129
2344
1669
1264
1076
1116
1695
24
1
6
2425
1706
1476
2173
2618
2176
1646
139
1

1230
1367
2032
2274
1465
855
1153
1697
1
6
63
966
642
534
655
1429
2123
1779
811
52
8

964
1171
387
0
0
0
338
1258
1617
1009


863
1711
2402
2327
1936
1826
1923
2222
29
4
9
2938
2907
2833
2949
2955
2954
2954
2945


2960
2959
2955
2955
2954
2954
2955
2951

2
958
2957
2955
2953
2959
2960
2951
2957
2
9
37
2955
2953
2951
2954
2957
2958
2957
2958


2954
2956
2954
2958
2943
2858
2704
2833


2947
2936
2815
2869
2956
2957
2766
1969
12
0
1
631
423
946
1116
290
0
20
487
506
0


0
0
0
138
720
595
0
0
742
1253
719
294


181
272
675
1535
1897
1135
706
1184
1749


1626
958
639
561
635
1442
2010
1644
1001


1088
1787
2139
1498
1073
922
960
1504
22
3
9
2277
1514
1230
1842
2227
1712
1098
814

8
14
1107
1982
2431
1699
992
689
576
422

8
71
1264
838
28
0
612
1062
527
154
116
30
5

934
1947
2443
1920
1727
2434
2928
2818

2
494
2367
2421
2646
2949
2957
2946
2940
2
9
57
2958
2958
2960
2957
2961
2954
2955
2955


2953
2956
2951
2954
2957
2961
2953
2955


2949
2957
2954
2953
2959
2957
2958
2958
29
5
6
2959
2957
2957
2956
2953
2970
2953
2957


2947
2955
2955
2959
2960
2935
2959
2958

2
958
2958
2960
2951
2957
2958
2959
2969
29
5
9
0
0
0
305
375
0
0
0
0
305
1008
960


302
223
1017
1535
998
505
325
320
657
15
0
6
1858
1125
702
1185
1754
1623
918
633
5
3
3
650
1472
2035
1749
1169
1271
1968
2256


1581
1181
994
1045
1521
2256
2256
1426
108
6

1746
2238
1866
1336
1109
1040
1293
212
7

2525
1919
1425
1762
2387
2407
1730
1401

1
269
1329
1969
2509
2224
1414
1242
1828
2
1
13
1367
807
555
535
947
1776
1981
1246
91
5

1598
2209
1777
855
288
0
0
702
1193
7
0
4
205
495
1297
1677
1147
970
1040
1318
21
1
4
2881
2859
2445
2429
2944
2953
2919
295
7

2957
2947
2945
2955
2950
2955
2958
2955

2
960
2955
2960
2957
2960
2955
2959
2959
2
9
55
2958
2955
2949
2960
2955
2960
2960
2954


2951
2959
2960
2960
2949
2954
2958
2958


2949
2950
2863
2497
2647
2944
2941
2864
28
6
6
2847
2633
2707
2601
1776
565
176
586

7
45
0
0
0
0
0
289
457
0
0
162
654
458

0

0
0
16
874
1468
1032
503
719
1398
158
4

866
481
360
422
1037
1777
1744
994
753

1
467
1910
1424
876
669
683
1039
1895
2307


1638
1152
1563
2161
2129
1456
1107
944
97
1

1658
2257
2009
1371
1375
2072
630
1140


1906
2139
1311
720
1053
1306
753
60
0
0

1
6
906
1501
1123
784
1244
2093
2414
1935


1727
1735
1925
2642
2959
2927
2752
2846
29
5
6
2953
2950
2934
2969
2949
2955
2959
2955


2961
2938
2953
2957
2966
2960
2959
2958

2
959
2951
2958
2961
2958
2955
2950
2960
29
5
8
2954
2951
2950
2960
2959
2954
2959
2960


2959
2955
2959
2975
2956
2958
2960
2943

2
957
2954
2953
2958
2958
2958
2956
2953
295
1

2956
2959
205
379
0
0
0
0
0
326
559


0
0
299
877
705
158
0
0
157
1008
1555


1019
464
711
1398
1621
956
612
475
548
11
5
8
1856
1855
1094
874
1567
2064
1609
1060


863
871
1180
2033
2412
1745
1282
1670
221
2

2114
1395
1018
896
1009
1776
2351
2139


1467
1456
2147
2503
1865
1401
1198
1228
16
9
8
2439
2608
1808
1349
1872
2304
1910
119
9

827
669
761
1563
2023
1494
923
1126
1807


2035
1383
1014
945
1110
1527
1904
1598

5
63
204
776
1227
752
224
151
242
710
1766


2368
1903
1642
2199
2870
2853
2509
2326
2
3
52
2529
2955
2951
2951
2957
2959
2957
2955


2957
2956
2959
2954
2953
2954
2960
2960


2959
2957
2957
2955
2951
2958
2953
2955
29
5
1
2954
2959
2930
2950
2954
2969
2938
296
0

2960
2954
2947
2955
2954
2796
2314
2047


2192
2727
2955
2953
2929
2559
2463
2422
1
8
21
654
0
0
0
160
561
246
0
0
182
496


0
0
0
0
15
723
1011
321
38
732
1351
113
6

537
303
229
391
1231
1734
1250
701
909


1600
1788
1088
673
511
631
1237
1942
1970


1264
1057
1742
2231
1764
1218
992
959
1
2
62
2083
2435
1698
1169
1498
2096
609
1401

1
894
1463
907
1088
1844
2129
1249
530
94


0
337
1042
1063
331
167
976
1615
1344
9
6
9
935
1107
1566
2531
2928
2525
2255
2735

2
951
2950
2843
2804
2814
2905
2951
2978
2
9
58
2951
2959
2958
2957
2953
2949
2955
2954


2958
2955
2957
2957
2957
2982
2956
2955


2958
2951
2957
2957
2953
2960
2957
2960
29
5
1
2960
2951
2956
2953
2955
2955
2943
295
7

2960
2959
2960
2957
2956
2957
2960
2958

2
954
2955
2949
739
368
0
0
0
0
0
343
7


0
0
306
638
32
0
0
0
310
1146
1360


647
355
1073
1600
1237
604
394
329
571

1
454
1915
1341
781
1041
1709
1839
1128
769


654
810
1488
2219
2108
1407
1282
1981
2401


1801
1283
1023
944
1275
2064
2352
1620

1
209
1700
2256
2115
1460
1168
1069
1172
196
9

2515
2085
1519
1679
2368
2559
1858
1407


1153
1088
1503
2075
2006
1155
848
1498
19
1
6
1445
896
672
707
997
1894
2355
1745
1
0
23
1056
1370
1186
306
0
0
0
667
1419
137
5

869
1023
1952
2511
2096
1829
1805
1939


2475
2947
2949
2811
2743
2954
2956
2942

2
960
2959
2959
2951
2957
2957
2949
2951
295
9

2967
2958
2951
2960
2954
2957
2957
2959


2955
2960
2960
2959
2960
2956
2954
2960
2
9
57
2960
2957
2960
2955
2934
2814
2559
245
8

2897
2948
2737
2631
2944
2960
2947
2654


1901
1152
644
832
1154
744
0
0
181
471
0


0
0
0
0
296
623
0
0
193
810
819
205


0
0
141
947
1584
1361
646
658
1371
1749

1
093
653
454
445
898
1698
1934
1136
813

1
424
1990
1792
1202
960
930
1105
1939
240
7

1904
1339
1532
2128
2224
1491
1065
898
9
9
0
1635
2315
2308
1587
1385
725
717
816

1
325
1390
402
0
347
913
832
240
99
144
44
1

1490
2263
2129
1707
1973
2758
2918
2551


2336
2287
2431
2924
2951
2960
2943
2948
2
9
54
2954
2955
2954
2959
2952
2957
2951
29
5
8
2951
2956
2958
2955
2960
2960
2955
2956


2957
2955
2953
2959
2949
2951
2959
2950

2
958
2955
2960
2961
2955
2959
2957
2960
296
0

2955
2947
2957
2957
2957
2957
2954
2960


2949
2956
2954
2955
2957
2960
2960
2957
2
9
59
2960
0
146
511
0
0
0
0
0
679
1089


441
50
575
1254
1261
623
318
243
337
1123


1739
1476
798
818
1525
1871
1195
719
54
3

571
1070
1863
2042
1343
1008
1673
2194
1
9
04
1296
1023
955
1131
1968
2416
1817
1254


1440
2086
2229
1519
1152
1023
1082
1697
2
3
46
2273
1535
1350
2059
2507
2000
1477
12
5
9
1264
1595
2386
2674
1871
1296
1602
2038


1831
1044
669
511
582
1359
1927
1659
104
0

1120
1858
2195
1296
499
62
0
257
967

1
164
427
145
895
1555
1410
993
931
1094
14
5
4
2459
2928
2666
2343
2674
2958
2959
295
4

2957
2957
2955
2960
2955
2945
2957
2950

2
953
2956
2954
2955
2961
2960
2958
2960
2
9
58
2951
2949
2960
2957
2955
2953
2957
2958


2957
2949
2955
2960
2954
2958
2958
2953


2955
2949
2947
2801
2545
2902
2953
2911
28
6
4
2877
2836
2675
2805
2559
1354
411
412


769
621
0
0
0
0
0
423
199
0
0
331
758


164
0
0
0
261
1137
1492
768
386
954
15
3
5
1344
701
437
350
526
1346
1883
1449
81
9

927
1612
1874
1213
797
667
782
1371
2124


2162
1438
1185
1867
2317
1843
1278
997

9
11
1141
1949
2319
1667
922
607
511
628
14
6
5
2119
1952
1151
851
1245
1360
499
0
0


0
262
1153
1510
887
706
1520
2278
2209
18
0
1
1748
1840
2103
2928
2956
2878
2749
294
5

2955
2958
2947
2930
2947
2943
2960
2955

2
951
2954
2958
2954
2959
2949
2957
2958
2
9
60
2959
2956
2955
2960
2953
2958
2959
2955


2957
2957
2960
2957
2953
2960
2951
2954


2959
2956
2951
2955
2955
2939
2953
2957
29
5
7
2960
2952
2959
2955
2954
2958
2954
295
1

2951
2949
0
311
266
0
0
0
0
0
497
383


0
0
542
1049
525
100
15
100
466
1339
17
1
5
971
539
1017
1594
1488
842
557
474
55
9

1355
1935
1612
937
1006
1711
2047
1427
9
9
8
851
929
1443
2230
2277
1514
1241
1871


2309
1818
1199
901
874
1152
1999
2446
1844


1334
1655
2286
2309
1648
1282
1154
1232


1917
2559
2369
1665
1582
2179
2448
1712

1
095
765
683
1005
1783
1937
1161
765
1378

1
899
1678
1045
787
854
911
1512
1728
928


217
325
944
1161
497
189
215
432
1220
212
3

2282
1757
1745
2559
2935
2680
2357
2285


2352
2741
2959
2957
2959
2957
2957
2958
2
9
53
2959
2959
2956
2952
2955
2957
2953
2951


2955
2957
2955
2958
2958
2951
2962
2950


2965
2959
2960
2957
2951
2953
2959
2960

2
954
2953
2954
2952
2949
2946
2662
2265
211
2

2389
2951
2951
2958
2884
2662
2706
2458


1278
335
0
0
0
415
586
0
0
0
329
143

0

0
0
0
399
977
610
117
363
1145
1459

8
00
397
256
289
843
1625
1625
893
655
1344


1808
1355
752
529
486
783
1667
2085
150
4

1093
1444
2107
2135
1445
1104
958
1062
1
7
61
2355
2057
1328
1262
1919
2278
1649
19
0
4
1885
1123
912
1647
2214
1810
1008
449
1
1
2
163
868
1246
549
111
550
1311
1488
97
6

847
932
1216
2096
2842
2739
2288
2389
29
5
2
2959
2858
2759
2761
2837
2957
2952
296
0

2951
2949
2958
2951
2958
2954
2958
2950

2
960
2961
2951
2960
2956
2953
2949
2957
29
5
8
2953
2958
2951
2958
2956
2954
2953
2955


2955
2955
2955
2960
2958
2960
2951
2955

2
954
2953
2954
2949
2951
2956
2960
2951
295
4

2956
2957
2954
725
0
0
0
0
0
160
128


0
0
64
483
90
0
0
0
0
795
1316
771


320
665
1343
1413
707
378
250
371
1081


1767
1615
868
746
1462
1895
1284
799
617

6
42
1113
1953
2292
1600
1181
1728
2259
20
7
7
1456
1140
998
1058
1791
2309
1863
1318

1
488
2154
2357
1712
1291
1130
1175
1715
2
4
11
2439
1707
1493
2157
2610
2150
1567
12
3
5
1122
1251
1934
2227
1474
893
1181
1730

1
705
996
663
561
688
1456
2128
2005
1251


959
1354
1451
594
34
0
0
288
1184
1515
8
7
6
704
1535
2262
2208
1803
1723
1794
2117


2930
2951
2894
2781
2956
2951
2955
2951
2
9
55
2958
2950
2957
2939
2955
2955
2957
29
5
5
2959
2950
2958
2959
2953
2957
2959
2959


2957
2956
2958
2953
2957
2960
2954
2956

2
956
2951
2948
2955
2957
2923
2768
2559
281
8

2943
2868
2619
2742
2956
2954
2913
2431


1665
1006
754
1179
1232
265
0
14
431
289


0
0
0
0
84
577
393
0
0
624
1116
531

1
61
34
126
609
1481
1694
924
528
1157
16
7
8
1403
790
527
432
577
1435
1946
1424
883


1106
1783
1984
1364
976
846
935
1571
22
2
5
2197
1436
1230
1904
2303
1728
1142
880

8
37
1180
2001
2416
1682
1052
780
809
1079


1695
1841
1015
233
279
865
1041
373
92
8
8

288
1099
2006
2174
1657
1643
2479
2925


2649
2306
2249
2351
2702
2959
2957
2943
29
3
0
2959
2955
2958
2951
2955
2954
2948
296
0

2957
2957
2951
2960
2955
2954
2957
2959

2
958
2960
2949
2958
2954
2955
2958
2959
2
9
57
2955
2954
2954
2953
2957
2960
2953
295
1

2957
2953
2954
2958
2955
2958
2959
2960

2
972
2958
2953
2951
2960
2957
2960
0
410

4
63
0
0
0
278
26
0
0
0
0
329
848
434


0
267
1008
1312
665
323
210
269
870
163
8

1663
912
688
1377
1819
1296
735
503
462


753
1648
2069
1424
1019
1437
2092
2095
1
4
21
1125
987
1072
1815
2390
2102
1366
1298


1927
2274
1647
1177
992
1052
1493
2284
2
4
95
1735
1350
1977
2447
2176
1587
1299
1187


1259
2023
2411
1793
1152
1289
1844
1954


1209
767
569
608
1226
1935
1936
1211
1023


1779
2316
1968
1282
720
404
443
1111
140
4

647
203
647
1369
1475
957
821
924
1234


2178
2874
2722
2288
2392
2940
2955
2954
2
9
51
2949
2959
2959
2951
2960
2955
2950
2957


2951
2955
2955
2960
2951
2947
2949
2946


2947
2954
2957
2958
2954
2957
2955
2951
29
5
5
2955
2957
2959
2968
2955
2958
2955
295
5

2955
2954
2734
2315
2688
2943
2865
2742

2
777
2868
2863
2933
2818
1776
681
448
766


657
0
0
0
0
0
209
145
0
0
110
531
133


0
0
0
0
832
1355
767
304
727
1399
145
6

779
432
299
422
1162
1795
1579
847
767

1
475
1867
1270
799
620
655
1163
1986
2299


1563
1185
1731
2285
2034
1392
1086
975
10
1
8
1819
2291
1788
1212
1409
599
630
1307


2038
2015
1391
1008
1403
1535
718
64
0
0


169
1046
1519
907
675
1365
2163
2255
180
7

1698
1756
1990
2847
2953
2903
2736
2912

2
949
2954
2954
2930
2928
2945
2956
2960
2
9
60
2955
2960
2957
2959
2954
2951
2960
2958


2958
2959
2957
2951
2955
2959
2954
2958


2954
2958
2958
2956
2955
2958
2959
2955
29
5
4
2956
2957
2960
2955
2957
2957
2956
295
7

2958
2958
2955
2957
2958
2959
2957
2951

2
958
2958
0
236
285
0
0
0
0
0
336
346


0
0
387
935
550
67
0
0
259
1135
1593
9
2
6
433
805
1460
1535
881
560
442
531
121
5

1865
1666
967
880
1600
1983
1394
945
763


791
1260
2068
2352
1635
1246
1799
2311

2
046
1381
1040
935
1072
1920
2448
1936
13
9
9
1591
2242
2402
1726
1335
1193
1253
1840


2513
2481
1725
1428
2010
2378
1786
1131

8
37
714
933
1695
2043
1327
816
1198
1821
1
8
03
1136
857
798
993
1602
1909
1350
386
2
2
6
863
1264
599
205
148
268
871
1917
2310


1783
1622
2410
2928
2786
2438
2346
2431

2
704
2958
2957
2958
2949
2956
2955
2960
295
5

2960
2961
2959
2959
2957
2954
2957
2960


2987
2960
2960
2959
2959
2969
2954
2979
2
9
58
2960
2955
2955
2960
2961
2957
2958
2957
2958
2957
2950
2960
2782
2377
2119
2298
2945
2958
2951
2946
2827
2869
2723
1727

6
38
7
0
0
394
682
0
0
0
304
336
0
0
0


0
234
857
784
160
166
957
1477
910
415


218
189
571
1376
1722
971
576
1121
1729


1567
907
585
481
610
1426
2019
1616
1075

1
241
1922
2165
1489
1078
928
991
1571
230
1

2302
1491
1168
1803
2256
1846
1287
1069

1
021
1297
2119
1994
2053
1239
592
162
22


640
1131
825
181
257
1074
1587
1057
800
8
3
0
1083
1763
2722
2896
2465
2297
2921
295
4

2928
2864
2871
2903
2953
2953
2960
2950

2
952
2960
2957
2960
2954
2954
2954
2953
29
6
0
2951
2954
2952
2960
2969
2954
2957
295
5

2961
2960
2963
2956
2959
2954
2958
2957

2
957
2961
2959
2960
2957
2950
2960
2953
2
9
57
2960
2955
2958
2954
2955
2951
2947
2958


2958
2960
2950
2963
2957
2955
0
0
0
251


0
0
0
254
369
0
0
0
0
418
1209
1130


496
436
1158
1583
932
421
243
259
673

1
515
1801
1072
662
1198
1778
1643
976
694

6
24
807
1685
2256
1861
1247
1386
2016
225
7

1535
1123
931
917
1425
2128
2161
1465
12
3
3
1930
2398
1984
1433
1195
1147
1427
223
7

2639
2009
1530
1876
2468
2480
1759
1391

1
184
1121
1726
2223
1839
1075
973
1631
192
6

1214
716
528
574
1039
1886
2173
1513
95
9

1226
1466
947
195
0
0
33
891
1531
1192


790
1217
2083
2430
1975
1810
1843
2015
2
7
20
2957
2932
2854
2917
2950
2954
2949
2956


2955
2959
2955
2960
2960
2956
2947
2954


2955
2958
2955
2960
2959
2951
2958
2959
29
5
4
2949
2957
2956
2957
2960
2951
2955
295
9

2955
2955
2960
2959
2947
2912
2796
2751


2945
2953
2704
2637
2953
2955
2960
2763
2
0
68
1284
726
905
1191
704
0
0
261
576
0


0
0
0
0
383
688
0
0
294
911
848
256
7
0

75
267
1125
1722
1309
702
839
1510
171
9

963
559
374
399
949
1699
1734
977
768
1
5
19
2032
1663
1152
913
923
1255
2091
2479

1
793
1280
1619
2192
2092
1338
917
784
930


1706
2362
2135
1463
1455
2132
861
1253
16
7
9
1445
368
0
465
951
679
187
75
191
57
0

1655
2310
2001
1674
2112
2840
2896
2533


2366
2363
2530
2955
2951
2954
2949
2959
2
9
57
2958
2957
2960
2957
2953
2955
2953
29
5
2
2957
2939
2955
2960
2960
2958
2958
2960


2955
2957
2939
2956
2958
2946
2953
2959

2
951
2957
2955
2960
2955
2960
2958
2960
295
5

2957
2955
2956
2957
2956
2954
2954
2955


2951
2958
2954
2958
2960
2958
2960
2961
2
9
81
2957
2957
67
301
0
0
0
0
0
526
848


191
0
546
1233
1101
487
269
202
334
1169


1733
1299
752
903
1608
1862
1181
765
599


615
1136
1885
1915
1185
956
1653
2144
17
2
2
1173
961
961
1246
2062
2448
1732
1147

1
465
2085
2118
1430
1111
1015
1083
1802
238
4

2150
1467
1470
2169
2510
1900
1454
1253


1292
1683
2346
2448
1535
1007
1479
1895
1
5
21
827
485
368
494
1344
1878
1395
887
1
1
37
1892
2341
1745
1097
507
162
480
989
86
4

83
0
663
1283
983
663
674
913
1425
25
0
3
2930
2545
2301
2803
2955
2954
2871
2867


2895
2960
2960
2957
2959
2954
2951
2951

2
954
2953
2951
2960
2958
2956
2954
2959
2
9
55
2949
2961
2953
2951
2959
2953
2954
2959


2959
2957
2954
2957
2956
2959
2951
2960


2950
2960
2949
2954
2957
2957
2951
2951
29
5
8
2957
2959
2958
2935
2074
1146
1186
127
1

645
0
0
0
0
1
289
0
0
0
176
374
0
0


0
0
227
1013
1091
387
233
972
1463
949


400
187
176
490
1390
1810
1125
636
1023

1
648
1631
919
624
528
651
1499
2154
1955


1306
1315
1978
2318
1662
1157
936
892
1229


1940
2121
1388
1063
1743
2307
2066
1424


2223
1827
1449
1535
1705
1254
272
0
0
0

4
30
1105
999
496
679
1643
2257
1856
1653

1
648
1825
2388
2956
2954
2839
2801
2954
2
9
50
2955
2960
2953
2959
2955
2949
2957
2959


2949
2953
2957
2949
2953
2958
2961
2953


2951
2958
2960
2960
2954
2953
2947
2960
29
6
1
2960
2957
2953
2957
2954
2943
2954
295
9

2955
2960
2957
2954
2957
2955
2957
2962

2
954
2953
2959
2955
2957
2958
2959
2961
2
9
59
2957
2957
2955
2954
0
0
0
0
67
375
0


0
0
535
685
59
0
0
0
664
1365
125
0

525
435
1162
1600
1040
556
369
385
784

1
611
1922
1173
761
1291
1860
1753
1159
88
5

811
961
1806
2337
1904
1295
1409
2064
22
3
1
1459
977
835
924
1519
2293
2325
1589
1
3
45
1986
2426
1970
1394
1151
1089
1357
218
7

2609
2000
1523
1807
2333
2243
1403
935

7
20
672
1315
1847
1588
787
723
1415
1856

1
243
816
720
1046
1488
1977
1876
720
55
43
2

904
685
83
0
0
240
1283
2074
1863
153
3

1875
2697
2905
2544
2355
2352
2537
2947

2
950
2956
2950
2955
2957
2957
2957
2951
2
9
58
2950
2961
2956
2953
2954
2953
2970
2948


2954
2951
2958
2954
2955
2960
2960
2957


2960
2960
2949
2954
2954
2955
2949
2949
29
6
0
2958
2958
2960
2935
2855
2851
2954
295
5

2953
2959
2946
2953
2939
2515
1360
507


0
0
273
677
304
0
0
163
452
0
0
0
0

0

602
910
219
0
543
1180
1072
476
206
160


270
1106
1676
1251
695
863
1570
1843
110
2

662
493
549
1123
1865
1891
1168
979
167
7

2151
1753
1211
986
959
1258
2093
2487
1
7
70
1195
1497
2080
2122
1445
1127
992
1104


1798
2365
2182
1489
1424
2103
137
336
91
7

899
114
0
618
1266
1072
703
699
887
136
7

2430
2914
2559
2299
2739
2954
2955
2889


2876
2901
2944
2955
2931
2957
2951
2951
2
9
60
2960
2957
2958
2960
2956
2957
2957
29
5
0
2939
2960
2960
2960
2960
2963
2960
2960


2960
2960
2965
2959
2957
2960
2958
2960

2
957
2958
2959
2956
2957
2955
2951
2953
295
9

2946
2960
2960
2955
2958
2956
2953
2960


2959
2956
2957
2959
2955
2949
2953
2955


2958
2981
0
180
402
0
0
0
0
118
859
100
5

320
96
810
1319
942
368
144
151
417
1
3
23
1785
1173
631
917
1611
1680
959
618
50
8

634
1381
2071
1954
1290
1222
1905
2331


1735
1233
1041
968
1276
2005
2294
1595
118
7

1765
2303
2131
1470
1161
1077
1173
1988


2481
2066
1506
1670
2321
2544
1822
1331
1
0
82
1009
1456
2062
1978
1141
779
1403
184
7

1375
785
558
560
880
1789
2275
1902
1575


1665
1872
1520
528
11
0
0
572
1291
123
4

682
844
1750
2363
1955
1711
1715
1906
24
7
3
2955
2958
2881
2835
2960
2955
2949
2955


2959
2953
2955
2960
2953
2955
2956
2951
2
9
58
2945
2956
2954
2958
2957
2956
2955
29
5
5
2960
2959
2959
2948
2951
2957
2954
2959


2960
2959
2952
2959
2951
2955
2934
2867

2
956
2951
2861
2806
2953
2950
2960
2954
274
7

2010
1357
1222
1373
1008
0
0
96
371
0


0
0
0
0
173
549
3
0
79
675
794
178
0


0
38
743
1503
1408
679
597
1346
1802
12
1
1
737
493
499
877
1661
1951
1200
765
1291


1858
1705
1126
837
770
929
1798
2346
19
3
1
1360
1491
2145
2329
1584
1099
905
991


1574
2329
2379
1630
1363
2047
2460
1531
19
8
7
1781
645
43
481
976
698
169
15
109
44
3

1505
2231
1950
1633
2061
2835
2915
2606


2425
2442
2626
2949
2951
2945
2955
2955
2
9
59
2959
2959
2970
2951
2947
2954
2951
295
9

2958
2957
2956
2951
2957
2958
2957
2951


2960
2955
2954
2963
2955
2960
2951
2960
29
5
1
2951
2954
2958
2970
2957
2957
2958
295
1

2939
2960
2960
2959
2953
2959
2959
2957

2
958
2954
2957
2950
2956
2952
2959
2950
2
9
50
2957
0
0
200
0
0
0
0
0
368
730
112


0
365
1019
1035
448
205
126
246
1069
1
6
80
1411
741
790
1497
1859
1179
720
525
5
4
4
994
1810
1975
1244
926
1581
2087
1805


1221
979
929
1136
1965
2420
1863
1247
1399


2004
2178
1535
1203
1071
1126
1757
2392

2
310
1561
1355
2032
2503
1967
1456
1261
12
2
0
1488
2215
2478
1700
1110
1424
1922
1782


997
624
439
511
1274
1875
1634
966
1034


1777
2303
1929
1314
742
384
528
1113
1231


390
48
784
1471
1358
913
841
1021
1411
2448
2927
2662
2355
2702
2943
2959
2900
2958
2951
2954
2954
2958
2960
2953
2959
2955


2960
2959
2958
2965
2955
2959
2958
2960

2
953
2956
2955
2947
2958
2950
2958
2949
295
4

2958
2959
2960
2951
2955
2955
2959
2954


2958
2960
2866
2663
2927
2948
2869
2857

2
899
2942
2957
2947
2934
2037
965
717
903

6
56
0
0
0
0
0
97
0
0
0
15
377
0
0
0


0
0
770
1222
573
223
726
1378
1296
618


320
247
351
1200
1793
1455
772
875
1578

1
890
1229
799
643
703
1307
2123
2218
1463


1218
1865
2352
1936
1376
1119
1062
1179
19
3
4
2326
1728
1267
1639
2245
2315
1627
126
2

1936
1426
1219
1530
1518
561
0
0
0
193


1033
1401
801
645
1495
2236
2217
1817
17
7
3
1879
2190
2935
2948
2912
2817
2954
2954


2959
2960
2950
2953
2959
2950
2957
2951

2
957
2959
2941
2951
2957
2957
2947
2960
295
0

2961
2959
2947
2950
2970
2954
2957
2960


2960
2957
2954
2950
2955
2949
2950
2957
2
9
57
2959
2959
2959
2959
2957
2983
2953
29
6
0
2956
2958
2951
2962
2955
2955
2951
2950


2959
2958
2957
2961
2955
0
0
0
0
240
9
6

0
0
370
853
306
0
0
0
427
1299
1648

8
84
434
953
1533
1399
737
460
332
430
12
4
2
1811
1392
807
959
1669
1939
1326
964
81
5

896
1515
2242
2262
1519
1242
1907
2330


1822
1175
869
819
1093
1958
2404
1782
1325


1665
2283
2303
1623
1296
1174
1290
2005


2614
2350
1677
1581
2170
2403
1642
1040
73
7

653
1023
1743
1872
1045
630
1236
1773

1
506
913
691
743
1187
2011
2176
1268
384

3
65
903
1103
407
78
80
273
1088
2027
2251


1757
1766
2614
2948
2735
2463
2402
2507

2
854
2978
2960
2947
2958
2960
2967
2960
295
4

2955
2959
2957
2957
2960
2955
2957
2959


2958
2955
2960
2960
2960
2953
2957
2961
2
9
51
2958
2951
2954
2960
2958
2955
2957
29
5
4
2957
2958
2949
2959
2882
2619
2304
2450


2957
2953
2954
2957
2959
2950
2896
1837

7
75
88
0
0
414
528
0
0
0
214
12
0
0
0


0
178
714
363
0
170
925
1322
694
321
1
9
7
236
805
1597
1643
862
590
1291
1757
127
9

694
471
435
741
1630
2099
1466
1049
145
5

2115
2137
1462
1142
994
1070
1755
2353

2
123
1366
1237
1871
2223
1611
1153
983
104
0

1465
2273
2471
1730
1377
985
450
305
8
9
9
1198
442
0
381
1135
1317
784
668
757
1
0
89
2026
2832
2736
2314
2416
2951
2951
2876
2831
2851
2899
2959
2957
2946
2959
2951


2974
2955
2958
2958
2951
2954
2954
2953

2
954
2957
2959
2955
2960
2960
2960
2958
296
0

2957
2960
2939
2947
2957
2954
2954
2959


2957
2949
2961
2958
2954
2960
2959
2951
2
9
54
2957
2960
2955
2960
2957
2955
2960
29
5
7
2957
2960
2960
2954
2952
2953
2958
2966


0
0
0
0
171
0
0
0
0
0
510
1047
570


130
469
1181
1322
625
270
176
265
910

1
627
1522
752
624
1349
1801
1253
746
577
6
0
8
1063
1947
2309
1627
1197
1678
2222
212
3

1434
1120
1004
1041
1763
2256
1905
1263

1
358
2065
2385
1719
1278
1099
1127
1669
2
4
21
2495
1761
1494
2173
2609
2211
1596
1254


1088
1205
1905
2197
1421
807
1040
1605

1
613
877
523
396
528
1300
1997
1950
1577
1
4
22
1786
1794
813
64
0
0
85
913
1348
76
3

532
1249
2082
2209
1776
1701
1840
2099
2
9
21
2951
2928
2846
2950
2957
2959
2954
29
5
7
2945
2957
2960
2955
2960
2959
2960
2943


2959
2944
2951
2957
2949
2959
2959
2959


2951
2957
2954
2951
2946
2957
2959
2954
29
5
5
2954
2955
2951
2945
2950
2955
2951
2954


2953
2946
2832
2928
2960
2951
2958
2939

2
590
1915
1449
1659
1584
528
0
25
395
336


0
0
0
0
0
304
109
0
0
346
777
226
0

0

0
422
1307
1652
893
474
1023
1633
1456


818
547
398
528
1360
1900
1495
894
999
1
6
78
1927
1296
932
796
879
1443
2191
2239


1486
1221
1910
2343
1856
1226
896
834
1126


2000
2438
1816
1328
1662
2240
2263
2086


2171
1197
240
191
707
818
113
0
0
8
753


1727
1934
1451
1455
2366
2895
2629
2317


2252
2369
2768
2950
2957
2949
2949
2951
295
1

2958
2960
2959
2955
2958
2958
2961
2958


2956
2960
2959
2949
2950
2958
2960
2951
2
9
55
2958
2959
2956
2950
2954
2955
2962
29
5
3
2956
2957
2956
2959
2953
2955
2957
2951


2960
2951
2959
2954
2960
2949
2959
2952

2
958
2958
2947
2955
2960
2955
2935
2947
297
8

2959
2950
2955
2950
0
0
0
0
90
566
3
2
1
0
31
754
1168
564
186
54
93
599
1362

1
500
713
405
1104
1616
1251
633
374
343

5
69
1447
1930
1424
942
1283
1953
2105
1449


1120
1001
1055
1695
2337
2206
1429
1216

1
872
2247
1663
1165
962
970
1345
2141
2453


1728
1296
1789
2359
2239
1616
1338
1235

1
312
2031
2482
2037
1270
1200
1755
1936
116
3

624
387
400
871
1707
1803
1069
828
1615
2179
2097
1574
1036
575
411
976
1244
511
0
336
1043
1285
752
603
706
1022
1925

2
787
2738
2288
2350
2947
2954
2896
2812
2
8
29
2902
2949
2960
2958
2953
2960
2958
2960


2955
2964
2957
2945
2961
2960
2962
2955

2
955
2960
2953
2959
2958
2955
2957
2957
29
5
5
2948
2956
2951
2954
2958
2955
2955
2960


2955
2958
2954
2958
2958
2953
2951
2952
2
9
58
2958
2959
2960
2873
2005
1407
1532
14
2
1
368
0
0
0
0
204
332
0
0
0
373
155
0


0
0
0
561
1152
709
224
443
1150
1370

6
37
245
151
257
873
1654
1677
890
656
1339


1814
1345
796
610
581
925
1835
2256
160
5

1152
1521
2119
2102
1441
1093
950
1002
1
7
12
2261
2000
1300
1295
1995
2368
1748
18
4
0
1969
1456
1313
1727
1841
1106
197
0
0

0

656
1168
799
406
881
1755
2128
1696
15
5
5
1629
1885
2630
2953
2929
2799
2873
2960


2954
2953
2955
2957
2958
2959
2959
2951

2
958
2951
2957
2961
2951
2955
2960
2960
295
6

2931
2959
2957
2955
2957
2960
2954
2959


2954
2955
2949
2955
2959
2960
2954
2955

2
961
2959
2958
2955
2957
2958
2953
2960
295
4

2954
2953
2954
2959
2958
2944
2958
2954


2949
2955
2957
2951
0
0
0
0
0
142
64
0


0
157
592
186
0
0
0
130
993
1459
7
9
9
336
699
1361
1393
693
432
326
389
1117


1745
1500
790
773
1503
1863
1287
890
732


778
1274
2085
2318
1535
1179
1767
2271
19
4
1
1258
944
831
994
1843
2333
1841
1310

1
531
2192
2352
1666
1285
1152
1233
1858
2
5
30
2490
1726
1450
2042
2350
1744
1066
720


603
778
1568
1905
1153
645
1053
1685
172
3

1039
784
766
1109
2096
2450
1835
695
371


848
1134
399
0
0
57
576
1649
2074
1558


1399
2222
2867
2734
2394
2311
2390
2673
2
9
55
2957
2953
2959
2958
2957
2961
2951
295
2

2954
2950
2976
2949
2958
2951
2951
2960


2961
2954
2959
2954
2951
2955
2949
2957
29
5
8
2959
2953
2950
2953
2957
2961
2955
295
5

2955
2953
2949
2950
2939
2858
2869
2950

2
957
2959
2955
2949
2960
2950
2351
1360
5
8
5
146
160
714
863
0
0
21
388
210
0
0
0


0
213
750
466
0
95
849
1274
638
265
1
4
1
194
696
1484
1635
862
562
1219
1744
141
0

781
525
444
656
1523
1968
1422
929
125
8

1938
2095
1419
1059
930
983
1629
2314
21
7
6
1414
1203
1870
2256
1670
1168
986
102
0

1379
2166
2448
1731
1312
933
389
177
743


1051
405
0
158
879
1198
652
475
577
903


1797
2711
2768
2323
2292
2944
2951
2917

2
827
2833
2908
2951
2958
2960
2950
2962
29
5
0
2955
2955
2949
2954
2957
2956
2955
2951


2963
2960
2960
2953
2957
2953
2957
2959
2960
2959
2955
2951
2958
2947
2954
2957
295
4

2959
2959
2960
2958
2953
2956
2951
2960


2951
2956
2957
2954
2955
2960
2955
2959
2
9
54
2957
2953
2954
2954
2957
2960
2958
29
5
5
2959
0
0
303
74
0
0
0
0
453
985
583


115
377
1118
1387
674
303
173
220
829
1
6
08
1621
839
609
1296
1777
1296
741
543
53
8

854
1776
2207
1565
1095
1497
2103
2091


1404
1061
896
955
1616
2158
1874
1200
1210


1937
2333
1718
1282
1131
1135
1535
2290


2480
1707
1336
1931
2434
2159
1502
1139
947
1014
1756
2128
1498
845
970
1559
1694
939
545
431
496
1173
1941
1987
1487
1465
1919
1978
1102
224
0
0
0
752
1217
689
34
5

913
1789
2033
1607
1497
1610
1900
2719
2
9
57
2919
2798
2926
2950
2955
2950
2953
29
5
5
2957
2959
2954
2961
2950
2960
2960
295
8

2961
2951
2954
2955
2951
2960
2960
2960

2
955
2957
2953
2955
2955
2950
2960
2958
2
9
50
2960
2955
2957
2957
2957
2951
2956
2955


2953
2928
2938
2976
2953
2957
2955
2938

2
646
2045
2096
2032
1274
198
0
421
633
0

0

0
0
0
271
465
0
0
183
689
501
0
0

0

59
939
1520
1061
468
674
1334
1535
848

4
89
350
407
1008
1744
1723
947
733
1439

1
925
1482
1009
834
850
1163
2026
2401
1741


1255
1649
2224
2160
1424
1007
823
912
16
6
9
2302
2100
1456
1457
2141
2495
1839
1363


1776
561
63
562
911
356
0
0
0
314
1338


1991
1535
1331
1968
2747
2803
2407
2260
2
2
88
2508
2958
2955
2957
2954
2955
2990
29
5
7
2954
2960
2955
2959
2960
2957
2949
294
9

2940
2958
2954
2954
2951
2955
2960
2958
2
9
55
2960
2962
2960
2958
2957
2958
2960
29
5
8
2958
2960
2959
2957
2950
2960
2957
2958


2959
2955
2957
2957
2961
2960
2959
2960

2
959
2957
2957
2956
2957
2954
2960
2953
2955
2960
2958
2953
2960
2960
0
0
0
485
544
0
0
464
1065
710
208
55
59
308
1163
1615
994
495
848
1525
1595
850
492
347
444
1159
1837
1648
955
973
1762
2177
1585
1130
944
968
1399
2202
2389
1569
1114
1616

2
072
1760
1132
901
853
1088
1962
2449
1968
1392
1604
2244
2398
1727
1346
1215
1257

1
838
2401
2278
1423
1104
1671
1979
1360
71
6

420
352
614
1449
1861
1169
751
1220
1885


2027
1604
1109
618
313
730
1149
771
48


95
833
1374
869
590
637
879
1555
2559
286
6

2411
2231
2893
2960
2934
2857
2855
2911


2949
2947
2957
2983
2977
2960
2959
2958


2959
2954
2958
2960
2947
2953
2950
2956
29
5
4
2955
2944
2942
2960
2960
2957
2958
295
5

2956
2949
2958
2957
2956
2954
2958
2960

2
954
2960
2955
2959
2956
2957
2959
2956
2
9
54
2960
2958
2951
2555
1853
1908
1874
1003


123
0
0
0
291
587
0
0
0
421
534
0
0


0
0
467
1179
1150
493
458
1193
1659
1042


511
304
311
699
1535
1911
1152
694
1190

1
763
1597
921
637
539
661
1535
2173
1751


1217
1373
2035
2283
1600
1159
987
1021
1
5
15
2209
2178
1407
1154
1856
2306
1889
1614


1983
1405
1169
1440
1621
1130
129
0
0

0

365
981
784
307
589
1535
2096
1670
1531


1575
1819
2454
2950
2944
2800
2791
2955

2
956
2959
2947
2954
2948
2954
2957
2962
295
7

2952
2957
2959
2960
2955
2957
2953
2958


2954
2960
2953
2950
2959
2958
2954
2950
2
9
57
2950
2955
2951
2958
2961
2956
2956
295
5

2959
2957
2959
2955
2963
2955
2957
2953


2944
2957
2951
2951
2957
2950
2956
2959
2
9
57
2951
2960
2955
2955
0
0
0
0
133
310

0

0
69
543
380
0
0
0
0
853
1430
99
3

423
582
1299
1535
816
432
341
409
977
1
7
29
1729
935
707
1442
1901
1454
971
784

7
91
1103
1983
2370
1723
1275
1626
2202
2146


1421
1043
905
960
1718
2320
2112
1444
1
4
31
2119
2429
1762
1271
1089
1086
1530
2323


2538
1808
1450
2063
2559
2281
1588
1166

8
66
833
1535
1890
1273
624
785
1453
1686

9
87
624
511
815
1379
1785
1407
281
0
389


756
356
0
0
0
316
1391
2071
1680
1430
20
2
3
2811
2855
2490
2378
2407
2608
2958
295
4

2951
2950
2954
2960
2958
2956
2960
2959

2
951
2955
2958
2960
2958
2945
2954
2954
2
9
55
2956
2966
2959
2955
2955
2953
2955
29
5
7
2960
2954
2953
2955
2954
2956
2953
2959


2957
2957
2958
2957
2941
2916
2956
2960

2
957
2955
2955
2959
2951
2621
1585
784
265


98
672
1011
331
0
0
431
578
0
0
0
0

1
57
819
861
176
45
799
1343
969
459
256
2
5
0
537
1364
1777
1125
614
991
1645
1668

9
60
589
466
563
1282
1931
1713
1045
1078
1
8
26
2207
1573
1136
956
974
1398
2207
2366


1579
1119
1702
2192
1905
1284
1040
983
11
9
8
2033
2480
1965
1423
1616
2261
0
406
8
5
1
546
0
0
689
1245
755
479
560
821
1510

2
551
2872
2403
2231
2901
2951
2927
2835
2
8
20
2885
2949
2981
2951
2951
2955
2958
29
5
8
2957
2978
2955
2953
2960
2955
2958
2955


2957
2960
2953
2958
2959
2948
2960
2961

2
954
2947
2954
2959
2955
2952
2957
2951
295
1

2951
2960
2953
2955
2956
2954
2956
2951


2955
2959
2951
2958
2951
2950
2960
2958
2
9
56
2957
2949
2945
2953
2955
2951
2951
29
5
8
2952
2959
2958
597
0
0
0
0
357
1097
1
0
72
416
366
1138
1642
1067
526
315
321
6
6
7
1515
1895
1147
699
1159
1707
1597
912
6
2
5
530
655
1520
2160
1868
1236
1337
2031


2301
1611
1150
931
902
1362
2089
2127
135
0

1078
1770
2276
1906
1344
1103
1040
1305

2
118
2555
1931
1465
1809
2410
2448
1793
1
4
67
1353
1452
2131
2706
2389
1535
1232
1705


1919
1109
502
247
219
635
1505
1904
119
1

501
695
945
506
0
0
0
0
381
994
759
3
5
6
703
1649
2170
1756
1586
1669
1889
2559


2949
2947
2843
2878
2959
2959
2951
2958
2
9
57
2960
2950
2944
2954
2960
2960
2960
29
6
0
2961
2958
2950
2960
2955
2955
2955
2955


2958
2958
2955
2953
2960
2951
2957
2960
2
9
61
2942
2953
2958
2953
2973
2958
2960
295
9

2955
2949
2953
2958
2949
2955
2955
2768


2120
1493
1515
1701
1258
235
0
382
727
1
5
5
0
0
0
0
410
786
150
0
239
879
946

3
15
64
23
175
976
1672
1443
751
723
1429

1
803
1148
673
494
511
937
1726
1920
1155


767
1343
1905
1659
1075
858
813
993
1872

2
352
1867
1296
1478
2125
2235
1454
1021
8
3
3
865
1459
2171
1602
1054
473
278
475
656


1197
1272
256
0
10
465
496
0
0
0
74

9
33
1852
1862
1447
1697
2559
2930
2624
2391


2382
2523
2941
2955
2955
2950
2955
2960


2955
2954
2955
2958
2943
2956
2955
2959
29
5
8
2957
2950
2958
2960
2955
2955
2960
296
1

2958
2957
2959
2958
2959
2939
2953
2957

2
945
2957
2955
2973
2953
2959
2953
2960
2
9
59
2957
2953
2954
2957
2954
2957
2959
2959


2953
2960
2960
2960
2958
2950
2947
2954

2
960
2957
2959
2950
112
0
0
0
0
394
875


411
0
321
1057
1283
643
336
227
326
945


1648
1529
761
629
1347
1805
1179
659
426

4
11
776
1646
1988
1266
888
1424
2032
1942


1281
1014
947
1034
1841
2384
2017
1316
13
0
6
1946
2202
1535
1072
935
1002
1535
2285


2374
1616
1311
1965
2417
2030
1489
1249


1239
1472
2320
2661
1943
1362
1507
1985
19
0
3
1088
590
377
392
1040
1706
1533
852
7
7
8
1533
2016
1625
1248
771
407
429
971
112
9

288
0
400
1061
1066
571
509
666
1008

2
101
2827
2598
2231
2512
2958
2949
2864
295
7

2950
2959
2954
2949
2952
2953
2957
2957


2960
2958
2957
2960
2957
2957
2962
2954
2
9
50
2959
2958
2955
2960
2957
2960
2960
29
6
0
2949
2953
2958
2960
2960
2951
2961
2957


2939
2957
2955
2946
2955
2960
2947
2940

2
951
2947
2954
2957
2949
2928
2432
2113
210
3

1646
494
0
0
0
0
359
138
0
0
80
443


0
0
0
0
0
715
1121
485
151
684
1360
12
8
2
592
290
185
266
1115
1753
1418
745
79
0

1473
1791
1102
667
511
557
1120
1983
210
1

1363
1072
1776
2251
1844
1266
1023
944

1
168
1929
2338
1681
1184
1506
457
546
138
5

2032
1783
1360
1795
2415
2338
1228
389
0


0
240
984
1103
454
283
1143
1898
1716

1
373
1370
1535
1955
2880
2953
2807
2663
295
7

2950
2958
2954
2944
2953
2951
2954
2957


2951
2953
2949
2967
2958
2957
2959
2949
2
9
60
2958
2951
2957
2957
2955
2960
2954
29
5
5
2959
2957
2959
2958
2936
2957
2960
2955


2951
2957
2958
2959
2960
2959
2957
2957

2
956
2954
2947
2958
2953
2957
2959
2954
295
5

2959
0
147
473
160
0
0
0
0
0
181
0


0
0
263
558
0
0
0
0
329
1163
1296


544
262
944
1457
1055
509
305
277
525
13
6
0
1807
1204
705
988
1663
1775
1113
826

7
49
838
1557
2247
2112
1407
1296
1978
2363


1744
1168
901
849
1219
2061
2352
1659
12
4
3
1777
2310
2128
1460
1178
1107
1203
2038


2592
2192
1619
1744
2386
2544
1794
1253

8
87
762
1167
1762
1705
832
495
1173
1659
1
2
63
726
541
624
1165
1949
2041
966
141
2
3
9
727
738
50
0
0
23
819
1763
1771
1331

1
568
2480
2917
2559
2316
2269
2399
2859
29
5
0
2958
2954
2943
2960
2957
2956
2960
2958


2954
2957
2960
2960
2951
2958
2959
2954

2
955
2953
2960
2954
2957
2954
2957
2947
295
5

2958
2952
2960
2957
2953
2960
2953
2957


2960
2959
2958
2958
2960
2946
2949
2949

2
957
2954
2947
2938
2935
2699
1516
614
64


0
174
735
656
0
0
217
631
218
0
0
0
0


613
1088
537
90
455
1184
1353
685
396

2
67
382
1061
1721
1568
818
737
1455
1872
1
2
39
705
509
511
889
1719
2021
1266
887
1
4
78
2083
1942
1301
1021
959
1042
1888
2407


1936
1300
1362
1977
2212
1490
1075
943
1
0
23
1617
2335
2350
1619
110
0
0
0
123
400


0
0
95
752
967
487
420
576
939
1947
2
7
85
2705
2320
2486
2955
2957
2906
2847
2874


2934
2957
2952
2955
2960
2955
2960
2955


2954
2958
2958
2954
2959
2957
2953
2954
29
5
1
2949
2955
2954
2973
2959
2957
2960
296
0

2958
2957
2955
2957
2948
2953
2953
2953

2
960
2956
2951
2954
2953
2959
2960
2960
2
9
55
2959
2951
2955
2954
2956
2957
2958
2954


2955
2960
2956
2959
2957
2959
2960
2957


2951
2955
2950
2957
2958
2959
2953
114
928


1438
834
400
803
1475
1518
806
441
318


400
1139
1834
1602
895
843
1522
1898
1213


746
560
590
1055
1926
2197
1431
1092
169
5

2217
1946
1347
1045
973
1071
1871
2318
1
8
13
1223
1424
2103
2290
1629
1230
1061
11
1
3
1691
2357
2310
1603
1391
2115
2531
2059


1533
1327
1327
1648
2463
2823
2165
1617
1
8
08
2140
1869
982
489
278
277
1055
1675
15
3
5
581
166
544
705
0
0
0
0
0
670
993

4
13
266
1147
1957
1941
1603
1584
1757
2091


2931
2953
2899
2817
2961
2954
2958
2955

2
959
2955
2953
2960
2960
2959
2960
2957
295
4

2956
2951
2958
2958
2960
2960
2957
2958


2955
2947
2953
2958
2939
2959
2951
2957
2
9
60
2953
2960
2958
2960
2951
2951
2958
29
5
7
2953
2950
2957
2954
2958
2958
2929
292
8

2523
1887
1488
1762
1751
720
4
167
658

6
41
0
0
0
0
132
699
534
0
0
676
1177

5
86
177
65
144
598
1485
1805
1042
574
1105


1675
1467
767
502
407
568
1365
1897
144
4

832
966
1673
1923
1232
870
753
825
1422


2171
2191
1457
1189
1867
2283
1824
1185

9
46
864
491
833
1392
1295
658
400
372
624


1510
1824
1156
144
22
539
802
133
0
0
0


553
1555
1953
1429
1328
2194
2864
2685
2
3
34
2273
2351
2672
2946
2960
2954
2951
295
1

2959
2955
2957
2959
2955
2957
2928
2950


2947
2959
2958
2955
2960
2959
2955
2955
2
9
59
2949
2957
2958
2958
2957
2952
2955
2950


2947
2953
2958
2955
2960
2954
2954
2953


2958
2958
2958
2958
2959
2958
2954
2960
29
5
7
2958
2959
2955
2960
2948
2957
2954
295
8

2955
0
0
242
71
0
0
0
0
43
498
279


0
0
624
1069
495
101
0
43
510
1296
1521


761
401
1055
1624
1375
736
435
357
542


1406
1920
1445
891
1152
1872
2060
1378
104
0

875
939
1555
2237
2186
1379
1130
1792

2
188
1707
1157
944
949
1280
2126
2522
1824


1348
1729
2314
2257
1525
1034
796
751
13
9
5
1937
1610
863
843
1522
1920
1267
815
61
0

625
1075
1883
2119
1407
1047
1697
2288


2087
1759
1914
2001
1818
2132
2116
1203
36
2

364
960
1168
540
246
284
505
1358
2298


2475
1968
1920
2736
2951
2800
2582
2558
2
7
25
2944
2955
2955
2954
2957
2957
2956
294
9

2950
2954
2955
2960
2951
2951
2954
2951


2954
2955
2959
2958
2953
2960
2955
2957

2
958
2958
2957
2958
2948
2986
2955
2955
295
1

2959
2956
2955
2957
2955
2887
2928
2947


2961
2951
2958
2955
2821
2255
2227
2004
9
4
4
13
0
0
0
89
271
0
0
0
96
71
0
0

0

0
122
723
582
16
87
838
1314
698
223
5
9

99
547
1421
1647
902
511
1114
1665
140
6

767
540
483
666
1571
2161
1721
1194
1403


2087
2256
1570
1147
972
980
1535
2157
2
1
47
1345
1111
1833
2320
1872
1342
1111
1086


1341
2162
2545
1895
480
0
0
0
367
963


715
214
448
1383
1933
1502
1317
1358
1633


2305
2946
2935
2737
2733
2960
2955
2953

2
955
2948
2962
2957
2971
2956
2955
2955
295
0

2955
2958
2955
2960
2948
2956
2960
2944


2956
2955
2955
2957
2954
2955
2960
2955
2
9
55
2957
2955
2958
2951
2961
2938
2955
29
4
8
2958
2959
2954
2953
2955
2951
2950
2955


2950
2955
2954
2947
2943
2956
2955
2955

2
956
2955
2953
2958
2955
2953
2951
2960
295
7

2951
0
95
571
419
0
0
0
2
837
1446

1
020
454
629
1313
1563
866
496
351
424
100
2

1722
1706
959
686
1387
1839
1413
879
7
2
6
738
1062
1932
2365
1715
1238
1616
2205

2
160
1419
1044
896
935
1662
2288
2086
142
9

1441
2123
2448
1795
1307
1107
1111
1574

2
343
2559
1853
1504
2103
2599
2272
1565
1
1
46
874
851
1565
1933
1310
685
815
1469
16
6
0
980
585
481
633
1492
2139
1835
644
96


551
913
387
0
0
0
272
1262
1911
1520
12
7
7
1883
2674
2793
2373
2224
2255
2454
294
7

2954
2955
2945
2950
2958
2958
2951
2958

2
955
2955
2966
2950
2951
2947
2954
2947
2
9
53
2955
2959
2960
2955
2951
2960
2955
2953


2957
2953
2960
2957
2960
2959
2959
2949


2954
2955
2959
2961
2952
2944
2911
2950
29
5
8
2955
2955
2937
2953
2947
2923
2269
137
2

687
300
704
999
429
0
0
228
443
0
0
0


0
0
511
670
0
0
496
1074
830
294
97
9
0

311
1140
1648
1115
535
782
1477
1627
9
1
0
543
400
464
1104
1808
1775
1043
862
163
8

2143
1649
1124
931
929
1249
2066
2423

1
744
1215
1563
2101
2029
1344
998
927
1044


1847
2418
2137
1456
1454
2143
2462
891
1
2
23
1070
115
0
482
1023
773
336
305
485
9
8
6
2087
2720
2366
2076
2507
2948
2942
280
6

2756
2766
2899
2955
2960
2960
2957
2956

2
950
2956
2959
2960
2955
2953
2960
2960
2
9
60
2960
2954
2950
2957
2955
2967
2960
2959


2958
2960
2954
2960
2951
2951
2955
2957

2
943
2959
2949
2953
2960
2959
2963
2959
2
9
56
2959
2955
2957
2954
2955
2955
2960
2960


2953
2945
2952
2953
2955
2953
2959
2958


2950
2957
0
71
352
0
0
0
0
0
623
914
2
3
6
0
707
1310
1078
464
190
136
289
1167


1712
1190
622
818
1463
1667
985
592
484
5
6
0
1182
1994
2041
1314
1109
1851
2269
181
1

1251
998
957
1195
1955
2301
1587
1098
15
1
6
2151
2160
1522
1217
1114
1163
1872
246
1

2223
1516
1492
2221
2559
1938
1446
1196

1
102
1430
2067
2156
1223
707
1198
1664
13
3
1
654
343
272
450
1377
1948
1516
1168
165
4

2187
2015
893
127
0
0
212
899
970
325


250
1151
1855
1648
1360
1392
1598
2067
2
9
19
2949
2817
2687
2954
2957
2955
2949
2954


2956
2959
2956
2966
2960
2954
2887
2952


2945
2951
2958
2959
2960
2949
2960
2950
29
6
2
2955
2960
2945
2952
2959
2947
2957
295
8

2954
2960
2955
2960
2963
2956
2946
2960

2
960
2957
2935
2962
2949
2954
2951
2960
2
9
55
2842
2676
2672
2250
953
150
432
720
28
3

0
0
0
0
36
388
0
0
0
465
720
115
0


0
0
480
1319
1360
620
413
1101
1562
1106


599
426
426
695
1527
1937
1249
730
1104


1711
1744
1075
803
747
874
1658
2307
210
7

1399
1344
2047
2374
1690
1140
878
819
1
2
33
2067
2318
1597
1253
1857
2378
894
1981


2291
1357
404
327
747
782
30
0
0
0
608


1509
1648
1168
1294
2229
2831
2438
2157
2
1
49
2288
2750
2958
2960
2948
2950
2960
29
5
5
2951
2960
2959
2955
2960
2959
2959
2951


2958
2951
2956
2955
2954
2958
2957
2958

2
955
2960
2959
2953
2935
2944
2954
2951
296
0

2962
2955
2957
2956
2957
2960
2953
2957


2947
2956
2958
2960
2954
2955
2958
2961
2
9
51
2954
2954
2981
2953
2957
2954
2953
295
8

2952
2959
2955
2957
0
0
0
0
181
591

1
12
0
108
761
996
400
99
48
154
780
1511


1386
651
496
1218
1680
1076
528
348
331


683
1527
1889
1191
755
1284
1936
1869
1225


930
813
912
1731
2289
1978
1296
1300
19
3
9
2210
1501
1088
919
979
1527
2288
2357
1
5
75
1263
1919
2359
1952
1392
1168
1170
13
9
3
2203
2553
1847
1247
1427
1936
1842
1034


567
367
405
1053
1721
1535
875
847
1614


2087
1593
1466
1265
906
862
1277
1243
282


0
422
994
837
348
262
413
784
1887
2615


2353
2019
2369
2946
2945
2785
2710
2721
2
8
71
2955
2960
2958
2960
2953
2956
2955
29
5
5
2958
2960
2960
2958
2958
2960
2944
2957


2957
2950
2954
2949
2953
2946
2951
2955

2
958
2959
2965
2955
2959
2950
2958
2958
295
7

2956
2938
2951
2954
2951
2943
2977
2954


2957
2955
2953
2895
2256
2006
2002
1535
4
2
3
0
0
0
96
555
278
0
0
261
599
64
0

0

0
59
836
1228
551
208
782
1431
1303
66
2

345
257
379
1228
1792
1357
761
870
1523


1791
1083
659
491
557
1137
1962
2086
13
5
1
1101
1845
2311
1890
1323
1072
1010
1224


1991
2315
1628
1096
1460
2098
2176
1519

1
810
1482
1003
1326
1824
1717
641
0
0
0
5
3

711
872
224
99
978
1718
1566
1258
1291


1491
1949
2894
2957
2851
2749
2954
2957
2
9
56
2946
2942
2959
2952
2959
2953
2956
29
5
9
2957
2959
2955
2960
2963
2954
2953
2942


2953
2960
2960
2958
2959
2955
2957
2958
2
9
49
2950
2960
2958
2951
2946
2958
2960
295
3

2945
2959
2949
2954
2949
2951
2959
2959


2950
2948
2965
2955
2960
2954
2959
2958

2
962
2957
2960
2960
2959
2961
0
0
0
323
0


0
0
343
678
57
0
0
0
405
1236
1371


618
346
995
1482
1086
511
320
314
555
14
2
6
1879
1245
705
1022
1685
1776
1078
752


720
794
1485
2183
2055
1369
1232
1925
2331


1698
1124
832
761
1130
1982
2325
1618
1
2
23
1737
2279
2096
1435
1153
1061
1197
1998


2545
2143
1588
1713
2335
2512
1733
1199

8
29
730
1136
1735
1686
828
496
1189
1675


1264
723
505
543
949
2096
2442
1408
496
4
6
6
875
811
28
0
0
0
678
1535
1597
1155

1
350
2299
2845
2447
2178
2153
2322
2819
29
5
9
2956
2943
2950
2959
2956
2955
2960
2954


2948
2960
2957
2955
2960
2949
2953
2953

2
959
2949
2958
2959
2953
2955
2960
2955
29
6
1
2955
2957
2962
2955
2951
2960
2954
2955


2959
2960
2959
2960
2954
2955
2944
2951

2
954
2953
2958
2949
2957
2960
2859
2159
140
7

833
880
1249
1017
30
0
196
560
107
0


0
0
0
409
871
306
0
260
992
1140
496
20
3

125
226
923
1599
1452
688
559
1298
17
5
4
1129
602
405
393
769
1616
1958
1245
863


1391
2020
1939
1306
989
931
1040
1866
2
3
99
1959
1331
1381
1958
2156
1441
1049
931


1011
1612
2341
2359
1515
1292
1149
831
7
4
7
1191
1297
358
0
318
875
861
342
221
34
0

676
1712
2544
2461
2060
2294
2938
2960

2
822
2702
2721
2864
2959
2956
2960
2960
29
5
7
2960
2954
2955
2941
2960
2960
2957
2957


2959
2958
2951
2955
2953
2954
2960
2957
2
9
59
2957
2955
2954
2958
2950
2957
2951
29
5
8
2955
2957
2949
2952
2943
2949
2954
2955


2954
2960
2957
2950
2951
2959
2955
2951

2
955
2954
2953
2951
2958
2960
2955
2956
480


125
0
0
77
367
0
0
0
0
0
623
970
31
4

23
640
1287
1152
528
248
146
283
1140
1
7
06
1315
703
787
1514
1739
1045
629
451

4
96
1063
1914
2026
1279
1023
1734
2210
1791


1233
989
951
1168
1942
2289
1569
1073
1
4
34
2089
2166
1519
1194
1056
1095
1808
2389


2183
1493
1479
2170
2532
1943
1481
1287


1263
1649
2311
2342
1416
871
1340
1718
134
5

640
335
253
414
1298
1852
1411
1015
14
2
6
1909
1743
646
0
0
0
162
826
884
240


208
1120
1810
1600
1273
1296
1519
2014
289
6

2951
2814
2688
2957
2954
2953
2947
2949


2957
2960
2954
2960
2955
2961
2960
2960
2
9
54
2956
2962
2963
2950
2951
2955
2954
29
5
5
2957
2956
2955
2953
2946
2951
2951
2958


2958
2954
2947
2955
2950
2957
2953
2953
2
9
50
2951
2950
2953
2937
2961
2960
2958
296
0

2899
2730
2794
2518
1264
392
464
825
60
7

0
0
0
0
23
432
208
0
0
383
813
261
0


0
0
351
1221
1519
770
409
1035
1583
12
9
7
677
403
351
493
1343
1810
1326
722
928


1616
1808
1105
785
715
791
1430
2163
216
9

1422
1190
1867
2314
1808
1206
877
759
10
6
3
1934
2382
1765
1310
1729
2301
693
1799


2351
1575
595
401
822
836
85
0
0
0
46
4

1392
1618
1099
1115
2058
2717
2437
2118

2
077
2191
2606
2955
2959
2945
2949
2951
2
9
55
2956
2959
2959
2963
2947
2957
2953
2953


2959
2958
2958
2950
2955
2948
2950
2951


2956
2955
2954
2955
2953
2954
2959
2957
29
5
5
2951
2957
2951
2960
2939
2959
2959
2955


2955
2958
2954
2942
2957
2947
2953
2954

2
955
2962
2958
2949
2957
2955
2957
2953
29
5
0
2955
2954
2947
240
0
0
0
0
71
547
267


0
0
640
1044
430
130
33
111
650
1424

1
589
807
465
1111
1678
1339
699
432
396
57
3

1431
1918
1392
833
1118
1840
2030
1354


1008
847
941
1591
2272
2150
1410
1229
18
5
2
2219
1626
1122
912
969
1360
2192
2498
17
7
7
1340
1786
2349
2210
1586
1278
1199
132
8

2118
2599
2204
1449
1407
1925
2107
1285

6
28
439
397
848
1621
1710
943
667
1359
1
9
26
1634
1317
1238
917
699
1189
1349
511
0


155
815
980
419
230
320
652
1535
2469

2
551
2085
2160
2898
2953
2839
2714
2703
280
7

2955
2955
2957
2958
2958
2954
2950
2955


2948
2960
2958
2960
2959
2959
2958
2960
2
9
49
2963
2938
2955
2957
2958
2954
2960
29
6
0
2957
2951
2959
2960
2957
2956
2953
2957


2953
2954
2960
2951
2955
2934
2946
2951

2
949
2958
2955
2957
2780
2353
2354
2093
94
1

64
0
0
0
345
475
0
0
0
357
128
0
0


0
0
445
1055
641
145
401
1165
1461
795
3
9
9
222
256
850
1634
1670
883
624
1275
17
3
4
1242
669
451
453
766
1654
2147
1525
106
1

1468
2094
2094
1403
1060
941
986
1680

2
211
1939
1216
1209
1947
2371
1776
1293
110
9

1102
1095
1874
2098
1323
330
0
0
0
53
7

1023
535
141
579
1434
1831
1362
1249
136
9

1659
2474
2955
2909
2707
2816
2955
2950


2957
2948
2951
2950
2951
2955
2958
2953
2
9
55
2955
2955
2959
2956
2960
2960
2959
29
5
5
2951
2955
2960
2960
2951
2960
2957
2959


2956
2956
2955
2956
2955
2959
2959
2959

2
958
2955
2957
2960
2960
2957
2955
2951
295
7

2959
2957
2953
2959
2957
2953
2955
2960


2960
2957
2954
2959
2948
2955
0
0
207

2
31
0
0
134
583
243
0
0
0
55
932
1454
8
7
3
399
679
1337
1405
708
382
273
368
104
4

1697
1557
794
683
1409
1870
1289
787
653


726
1131
1999
2319
1583
1200
1681
2226

2
055
1360
976
823
859
1683
2285
1906
1360

1
486
2155
2357
1664
1232
1075
1119
1679
2
4
16
2454
1741
1479
2107
2447
1949
1295
918


739
850
1611
1953
1230
659
947
1597
1658


975
638
576
725
1638
2518
2193
1088
582

9
61
1153
389
0
0
0
294
1250
1746
1249
1
0
91
1861
2597
2619
2194
2064
2160
2401
2954


2959
2951
2938
2959
2959
2957
2955
2951

2
959
2958
2951
2955
2955
2955
2954
2957
295
7

2950
2949
2954
2967
2956
2957
2954
2960


2957
2954
2951
2943
2957
2955
2958
2955
2
9
60
2955
2957
2957
2957
2946
2917
2957
29
5
8
2955
2960
2958
2960
2955
2944
2521
1694


960
541
960
1146
398
0
0
266
407
0
0

0

0
0
571
592
0
0
607
1109
726
242
103

1
07
378
1246
1679
973
480
833
1487
1519

7
94
436
308
423
1149
1811
1615
913
881
172
2

2142
1535
1102
943
961
1412
2187
2348

1
586
1161
1675
2128
1804
1172
949
912
1102


1979
2451
1981
1437
1617
2246
2432
1201

1
424
982
64
0
555
1051
561
201
192
422
1
0
15
2099
2623
2149
1947
2592
2951
2913
2710


2671
2714
2873
2959
2957
2953
2951
2960


2957
2956
2950
2958
2957
2955
2949
2959
29
6
0
2950
2961
2955
2953
2951
2955
2957
295
7

2947
2946
2950
2958
2959
2955
2955
2955

2
951
2960
2951
2951
2956
2949
2948
2954
2
9
58
2957
2957
2954
2953
2958
2953
2960
2953


2953
2955
2959
2957
2956
2951
2955
2951


2953
2954
0
143
74
0
0
0
0
154
751
635


42
112
911
1393
802
341
157
190
619
1493


1758
1022
638
1233
1745
1487
845
579
50
6

661
1515
2064
1640
1075
1283
1973
2179
1
4
72
1104
951
991
1563
2183
2139
1329
1110


1856
2320
1900
1362
1136
1079
1383
2167
2
5
42
1872
1409
1795
2379
2368
1686
1349
11
8
6
1168
1823
2293
1861
1072
912
1554
1842


1138
612
400
432
915
1739
2013
1295
1071


1965
2366
1744
707
87
0
0
560
1057
589


144
494
1387
1836
1344
1211
1300
1617
2383


2945
2929
2704
2718
2955
2959
2951
2946


2955
2959
2953
2959
2959
2955
2950
2957
29
5
5
2955
2955
2955
2955
2954
2955
2957
295
7

2957
2835
2950
2957
2960
2957
2956
2950

2
954
2954
2959
2957
2948
2954
2950
2957
295
5

2951
2951
2864
2959
2959
2947
2954
2954


2956
2848
2845
2711
1954
691
186
581
770


0
0
0
0
0
90
297
0
0
0
405
360
0
0


0
0
673
1328
1058
449
496
1234
1561
866

4
45
320
355
877
1686
1740
943
661
1365
1
8
39
1456
893
704
723
979
1887
2336
1770
12
5
7
1535
2189
2237
1535
1103
875
886
1562


2240
2128
1468
1367
2064
2442
1815
1298
10
8
5
1525
681
851
1101
694
0
0
0
0
868
1
6
14
1347
1035
1456
2336
2725
2257
2081
20
6
4
2245
2879
2959
2959
2933
2949
2953
3002


2950
2955
2948
2954
2955
2958
2955
2963

2
954
2953
2951
2951
2955
2957
2955
2943
295
9

2954
2955
2950
2953
2957
2955
2955
2951


2957
2959
2955
2955
2957
2953
2959
2949
2
9
55
2955
2957
2960
2958
2955
2955
2956
29
5
7
2956
2954
2960
2953
2960
2951
2955
2973


2960
2946
2957
2951
2959
2951
0
0
380
7
3
4
58
0
323
967
953
365
128
76
189
1007

1
600
1270
580
638
1366
1691
979
532
366

3
82
897
1709
1813
1052
765
1488
2043
1694

1
132
906
854
1104
1933
2359
1748
1209
1458


1982
2003
1319
959
851
989
1700
2368
220
9

1475
1361
2064
2468
1887
1410
1225
1238


1621
2416
2672
1889
1403
1802
2192
1851
10
4
2
610
395
415
1184
1691
1255
658
795
15
2
0
1852
1244
1113
906
627
805
1195
999
105


0
496
1017
662
236
169
351
859
1971
25
9
9
2201
1936
2462
2945
2927
2737
2672
2685


2863
2954
2958
2960
2960
2955
2959
2951

2
954
2947
2963
2949
2954
2941
2961
2951
295
4

2954
2953
2959
2949
2953
2955
2956
2958


2951
2956
2957
2955
2956
2960
2959
2958


2959
2955
2948
2958
2953
2940
2896
2928
29
6
0
2957
2958
2960
2926
2437
2387
2257
147
0

399
0
0
0
218
563
22
0
0
270
468
0
0


0
0
161
895
949
277
145
913
1468
1056

4
